  "Time"          "Temp"          "Pres"          "Dens"          "Th_MIX"        "X_OH*"         "X_H"           "X_H2"          "X_O"           "X_O2"          "X_OH"          "X_HO2"         "X_H2O2"        "X_H2O"         "X_AR"         
  "s"             "K"             "Pa"            "kg/m3"         "s"             "none"          "none"          "none"          "none"          "none"          "none"          "none"          "none"          "none"          "none"         
    0.000000        595.5098       0.9969037E+10    24179.23      -0.2353842E-01    0.000000        0.000000       0.6667001        0.000000       0.3332999        0.000000        0.000000        0.000000        0.000000        0.000000    
   0.1074893E-17    595.5098       0.9969037E+10    24179.23      -0.2353841E-01   0.3424096E-57   0.6422659E-25   0.6667001       0.8203147E-35   0.3332999       0.1170965E-19   0.6111691E-25   0.1031127E-38   0.3115578E-26    0.000000    
   0.3224678E-17    595.5098       0.9969037E+10    24179.23      -0.2353838E-01   0.1858592E-56   0.2002386E-24   0.6667001       0.4566717E-34   0.3332999       0.3512895E-19   0.1833583E-24   0.5597718E-38   0.1691313E-25    0.000000    
   0.7524248E-17    595.5098       0.9969037E+10    24179.23      -0.2353834E-01   0.9068472E-56   0.5102558E-24   0.6667001       0.2350627E-33   0.3332999       0.8196750E-19   0.4278822E-24   0.2732093E-37   0.8254254E-25    0.000000    
   0.1612339E-16    595.5098       0.9969037E+10    24179.23      -0.2353826E-01   0.3937342E-55   0.1274923E-23   0.6667001       0.1178909E-32   0.3332999       0.1756445E-18   0.9171331E-24   0.1187353E-36   0.3586371E-24    0.000000    
   0.3332167E-16    595.5098       0.9969037E+10    24179.23      -0.2353810E-01   0.1654000E-54   0.3400851E-23   0.6667001       0.6190213E-32   0.3332999       0.3629978E-18   0.1896757E-23   0.4997329E-36   0.1508542E-23    0.000000    
   0.6771824E-16    595.5098       0.9969037E+10    24179.23      -0.2353776E-01   0.6777013E-54   0.1003423E-22   0.6667001       0.3548341E-31   0.3332999       0.7377021E-18   0.3862930E-23   0.2056271E-35   0.6196797E-23    0.000000    
   0.1365114E-15    595.5098       0.9969037E+10    24179.23      -0.2353710E-01   0.2737524E-53   0.3282328E-22   0.6667001       0.2253169E-30   0.3332999       0.1487101E-17   0.7842435E-23   0.8388284E-35   0.2514276E-22    0.000000    
   0.2740976E-15    595.5098       0.9969037E+10    24179.23      -0.2353574E-01   0.1102340E-52   0.1163360E-21   0.6667001       0.1561478E-29   0.3332999       0.2985861E-17   0.1614514E-22   0.3444007E-34   0.1013130E-21    0.000000    
   0.5492701E-15    595.5098       0.9969037E+10    24179.23      -0.2353297E-01   0.4914444E-52   0.4338763E-21   0.6667001       0.1148471E-28   0.3332999       0.5983227E-17   0.3535596E-22   0.1477984E-33   0.4067738E-21    0.000000    
   0.1099615E-14    595.5098       0.9969037E+10    24179.23      -0.2352716E-01   0.5161874E-51   0.1661273E-20   0.6667001       0.8730175E-28   0.3332999       0.1197735E-16   0.9388917E-22   0.7379330E-33   0.1630123E-20    0.000000    
   0.2200305E-14    595.5098       0.9969037E+10    24179.23      -0.2351449E-01   0.2011169E-49   0.6409770E-20   0.6667001       0.6718441E-27   0.3332999       0.2396314E-16   0.3665106E-21   0.5199948E-32   0.6526081E-20    0.000000    
   0.4401685E-14    595.5098       0.9969037E+10    24179.23      -0.2348527E-01   0.1017313E-47   0.2451329E-19   0.6667001       0.5143773E-26   0.3332999       0.4792492E-16   0.2098560E-20   0.5512700E-31   0.2611133E-19    0.000000    
   0.8804445E-14    595.5098       0.9969037E+10    24179.23      -0.2341307E-01   0.4617059E-46   0.9111542E-19   0.6667001       0.3843413E-25   0.3332999       0.9580936E-16   0.1431121E-19   0.7300699E-30   0.1044255E-18    0.000000    
   0.1320721E-13    595.5098       0.9969037E+10    24179.23      -0.2332465E-01   0.3326420E-45   0.1935852E-18   0.6667001       0.1170439E-24   0.3332999       0.1436416E-15   0.4280898E-19   0.2928529E-29   0.2348925E-18    0.000000    
   0.1760997E-13    595.5098       0.9969037E+10    24179.23      -0.2322265E-01   0.1359249E-44   0.3261167E-18   0.6667001       0.2569792E-24   0.3332999       0.1914218E-15   0.9334389E-19   0.7963954E-29   0.4174583E-18    0.000000    
   0.2201273E-13    595.5098       0.9969037E+10    24179.23      -0.2310937E-01   0.4046150E-44   0.4836085E-18   0.6667001       0.4722785E-24   0.3332999       0.2391500E-15   0.1709613E-18   0.1752213E-28   0.6520671E-18    0.000000    
   0.3081825E-13    595.5098       0.9969037E+10    24179.23      -0.2285562E-01   0.2058011E-43   0.8588273E-18   0.6667001       0.1169142E-23   0.3332999       0.3344503E-15   0.4218828E-18   0.5800706E-28   0.1277207E-17    0.000000    
   0.3962377E-13    595.5098       0.9969037E+10    24179.23      -0.2257621E-01   0.6665352E-43   0.1291029E-17   0.6667001       0.2284859E-23   0.3332999       0.4295431E-15   0.8233318E-18   0.1430235E-27   0.2109857E-17    0.000000    
   0.4842929E-13    595.5098       0.9969037E+10    24179.23      -0.2228019E-01   0.1658694E-42   0.1760276E-17   0.6667001       0.3873588E-23   0.3332999       0.5244289E-15   0.1394781E-17   0.2948085E-27   0.3149554E-17    0.000000    
   0.5723481E-13    595.5098       0.9969037E+10    24179.23      -0.2197321E-01   0.3466065E-42   0.2254067E-17   0.6667001       0.5968816E-23   0.3332999       0.6191082E-15   0.2148277E-17   0.5378428E-27   0.4395842E-17    0.000000    
   0.6604033E-13    595.5098       0.9969037E+10    24179.23      -0.2165886E-01   0.6399917E-42   0.2764508E-17   0.6667001       0.8591219E-23   0.3332999       0.7135812E-15   0.3091263E-17   0.8979444E-27   0.5848270E-17    0.000000    
   0.7484585E-13    595.5098       0.9969037E+10    24179.23      -0.2133963E-01   0.1078486E-41   0.3286122E-17   0.6667001       0.1175475E-22   0.3332999       0.8078486E-15   0.4228768E-17   0.1401684E-26   0.7506391E-17    0.000000    
   0.8365137E-13    595.5098       0.9969037E+10    24179.23      -0.2101719E-01   0.1695282E-41   0.3815198E-17   0.6667001       0.1546846E-22   0.3332999       0.9019107E-15   0.5564056E-17   0.2076233E-26   0.9369757E-17    0.000000    
   0.1012624E-12    595.5098       0.9969037E+10    24179.23      -0.2036744E-01   0.3596546E-41   0.4885295E-17   0.6667001       0.2457031E-22   0.3332999       0.1089421E-14   0.8836634E-17   0.4047873E-26   0.1371044E-16    0.000000    
   0.1188735E-12    595.5098       0.9969037E+10    24179.23      -0.1971448E-01   0.6610209E-41   0.5964025E-17   0.6667001       0.3591649E-22   0.3332999       0.1276116E-14   0.1291621E-16   0.7036080E-26   0.1886675E-16    0.000000    
   0.1364845E-12    595.5098       0.9969037E+10    24179.23      -0.1906174E-01   0.1099826E-40   0.7043847E-17   0.6667001       0.4951778E-22   0.3332999       0.1461998E-14   0.1780677E-16   0.1126443E-25   0.2483515E-16    0.000000    
   0.1611646E-12    595.5098       0.9969037E+10    24179.23      -0.1814999E-01   0.1995029E-40   0.8553134E-17   0.6667001       0.7236995E-22   0.3332999       0.1721134E-14   0.2602409E-16   0.1970408E-25   0.3455897E-16    0.000000    
   0.1858446E-12    595.5098       0.9969037E+10    24179.23      -0.1724345E-01   0.3279793E-40   0.1005399E-16   0.6667001       0.9963256E-22   0.3332999       0.1978691E-14   0.3582809E-16   0.3163457E-25   0.4586105E-16    0.000000    
   0.2105247E-12    595.5098       0.9969037E+10    24179.23      -0.1634239E-01   0.5021845E-40   0.1154578E-16   0.6667001       0.1312797E-21   0.3332999       0.2234680E-14   0.4720980E-16   0.4766893E-25   0.5873177E-16    0.000000    
   0.2352048E-12    595.5098       0.9969037E+10    24179.23      -0.1544670E-01   0.7287666E-40   0.1302876E-16   0.6667001       0.1672831E-21   0.3332999       0.2489110E-14   0.6015940E-16   0.6841669E-25   0.7316158E-16    0.000000    
   0.2845649E-12    595.5098       0.9969037E+10    24179.23      -0.1367128E-01   0.1364913E-39   0.1596848E-16   0.6667001       0.2522494E-21   0.3332999       0.2993330E-14   0.9072426E-16   0.1264654E-24   0.1066606E-15    0.000000    
   0.3339250E-12    595.5098       0.9969037E+10    24179.23      -0.1191715E-01   0.2286862E-39   0.1887310E-16   0.6667001       0.3543147E-21   0.3332999       0.3491427E-14   0.1274474E-15   0.2105834E-24   0.1462829E-15    0.000000    
   0.4326453E-12    595.5098       0.9969037E+10    24179.23      -0.8472475E-02   0.5178432E-39   0.2457709E-16   0.6667001       0.6088920E-21   0.3332999       0.4469546E-14   0.2190735E-15   0.4758537E-24   0.2436020E-15    0.000000    
   0.5313656E-12    595.5098       0.9969037E+10    24179.23      -0.5111081E-02   0.9764706E-39   0.3014311E-16   0.6667001       0.9293248E-21   0.3332999       0.5424052E-14   0.3344506E-15   0.9015178E-24   0.3645342E-15    0.000000    
   0.6300858E-12    595.5098       0.9969037E+10    24179.23      -0.1830866E-02   0.1637487E-38   0.3557468E-16   0.6667001       0.1313960E-20   0.3332999       0.6355515E-14   0.4730043E-15   0.1523983E-23   0.5085087E-15    0.000000    
   0.7288061E-12    595.5098       0.9969037E+10    24179.23       0.1370198E-02   0.2530869E-38   0.4087522E-16   0.6667001       0.1761184E-20   0.3332999       0.7264493E-14   0.6341748E-15   0.2378756E-23   0.6749689E-15    0.000000    
   0.8275264E-12    595.5098       0.9969037E+10    24179.23       0.4494006E-02   0.3683836E-38   0.4604783E-16   0.6667001       0.2269425E-20   0.3332999       0.8151529E-14   0.8174159E-15   0.3500465E-23   0.8633719E-15    0.000000    
   0.1024967E-11    595.5098       0.9969037E+10    24179.23       0.1051725E-01   0.6864618E-38   0.5602154E-16   0.6667001       0.3462850E-20   0.3332999       0.9861882E-14   0.1247988E-14   0.6679276E-23   0.1303896E-14    0.000000    
   0.1202663E-11    595.5098       0.9969037E+10    24179.23       0.1569211E-01   0.1083734E-37   0.6459042E-16   0.6667001       0.4730600E-20   0.3332999       0.1133134E-13   0.1705769E-14   0.1078383E-22   0.1770228E-14    0.000000    
   0.1380360E-11    595.5098       0.9969037E+10    24179.23       0.2064429E-01   0.1596524E-37   0.7279058E-16   0.6667001       0.6173283E-20   0.3332999       0.1273756E-13   0.2227152E-14   0.1625468E-22   0.2299792E-14    0.000000    
   0.1558056E-11    595.5098       0.9969037E+10    24179.23       0.2538338E-01   0.2232774E-37   0.8063789E-16   0.6667001       0.7783025E-20   0.3332999       0.1408328E-13   0.2809402E-14   0.2326531E-22   0.2889870E-14    0.000000    
   0.1735753E-11    595.5098       0.9969037E+10    24179.23       0.2991854E-01   0.2998667E-37   0.8814752E-16   0.6667001       0.9552287E-20   0.3332999       0.1537108E-13   0.3449898E-14   0.3198182E-22   0.3537858E-14    0.000000    
   0.1913449E-11    595.5098       0.9969037E+10    24179.23       0.3425854E-01   0.3898842E-37   0.9533398E-16   0.6667001       0.1147385E-19   0.3332999       0.1660346E-13   0.4146134E-14   0.4256318E-22   0.4241262E-14    0.000000    
   0.2091146E-11    595.5098       0.9969037E+10    24179.23       0.3841178E-01   0.4936582E-37   0.1022112E-15   0.6667001       0.1354082E-19   0.3332999       0.1778282E-13   0.4895711E-14   0.5516150E-22   0.4997698E-14    0.000000    
   0.2446539E-11    595.5098       0.9969037E+10    24179.23       0.4618978E-01   0.7432083E-37   0.1150906E-15   0.6667001       0.1808483E-19   0.3332999       0.1999146E-13   0.6545806E-14   0.8698490E-22   0.6660636E-14    0.000000    
   0.2801932E-11    595.5098       0.9969037E+10    24179.23       0.5331278E-01   0.1049024E-36   0.1268853E-15   0.6667001       0.2313482E-19   0.3332999       0.2201411E-13   0.8382982E-14   0.1285428E-21   0.8509572E-14    0.000000    
   0.3157325E-11    595.5098       0.9969037E+10    24179.23       0.5983593E-01   0.1410347E-36   0.1376868E-15   0.6667001       0.2864547E-19   0.3332999       0.2386642E-13   0.1039148E-13   0.1808343E-21   0.1052884E-13    0.000000    
   0.3512718E-11    595.5098       0.9969037E+10    24179.23       0.6580975E-01   0.1825493E-36   0.1475786E-15   0.6667001       0.3457528E-19   0.3332999       0.2556275E-13   0.1255688E-13   0.2447742E-21   0.1270410E-13    0.000000    
   0.3868110E-11    595.5098       0.9969037E+10    24179.23       0.7128051E-01   0.2292121E-36   0.1566375E-15   0.6667001       0.4088625E-19   0.3332999       0.2711622E-13   0.1486596E-13   0.3212005E-21   0.1502220E-13    0.000000    
   0.4223503E-11    595.5098       0.9969037E+10    24179.23       0.7629056E-01   0.2807426E-36   0.1649335E-15   0.6667001       0.4754361E-19   0.3332999       0.2853888E-13   0.1730663E-13   0.4108802E-21   0.1747113E-13    0.000000    
   0.4578896E-11    595.5098       0.9969037E+10    24179.23       0.8087871E-01   0.3368319E-36   0.1725309E-15   0.6667001       0.5451550E-19   0.3332999       0.2984173E-13   0.1986780E-13   0.5145161E-21   0.2003986E-13    0.000000    
   0.4934289E-11    595.5098       0.9969037E+10    24179.23       0.8508048E-01   0.3971567E-36   0.1794884E-15   0.6667001       0.6177277E-19   0.3332999       0.3103486E-13   0.2253932E-13   0.6327515E-21   0.2271831E-13    0.000000    
   0.5289682E-11    595.5098       0.9969037E+10    24179.23       0.8892841E-01   0.4613859E-36   0.1858601E-15   0.6667001       0.6928873E-19   0.3332999       0.3212752E-13   0.2531191E-13   0.7661759E-21   0.2549724E-13    0.000000    
   0.5645075E-11    595.5098       0.9969037E+10    24179.23       0.9245230E-01   0.5291904E-36   0.1916952E-15   0.6667001       0.7703893E-19   0.3332999       0.3312816E-13   0.2817705E-13   0.9153287E-21   0.2836818E-13    0.000000    
   0.6000468E-11    595.5098       0.9969037E+10    24179.23       0.9567943E-01   0.6002506E-36   0.1970389E-15   0.6667001       0.8500100E-19   0.3332999       0.3404454E-13   0.3112695E-13   0.1080704E-20   0.3132339E-13    0.000000    
   0.6355861E-11    595.5098       0.9969037E+10    24179.23       0.9863480E-01   0.6742561E-36   0.2019326E-15   0.6667001       0.9315447E-19   0.3332999       0.3488375E-13   0.3415446E-13   0.1262755E-20   0.3435577E-13    0.000000    
   0.6711254E-11    595.5098       0.9969037E+10    24179.23       0.1013413       0.7509102E-36   0.2064142E-15   0.6667001       0.1014806E-18   0.3332999       0.3565228E-13   0.3725306E-13   0.1461895E-20   0.3745882E-13    0.000000    
   0.7066647E-11    595.5098       0.9969037E+10    24179.23       0.1038199       0.8299359E-36   0.2105184E-15   0.6667001       0.1099622E-18   0.3332999       0.3635610E-13   0.4041676E-13   0.1678505E-20   0.4062659E-13    0.000000    
   0.7422040E-11    595.5098       0.9969037E+10    24179.23       0.1060897       0.9110711E-36   0.2142770E-15   0.6667001       0.1185836E-18   0.3332999       0.3700064E-13   0.4364007E-13   0.1912932E-20   0.4385363E-13    0.000000    
   0.7777433E-11    595.5098       0.9969037E+10    24179.23       0.1081684       0.9940695E-36   0.2177190E-15   0.6667001       0.1273304E-18   0.3332999       0.3759091E-13   0.4691798E-13   0.2165494E-20   0.4713494E-13    0.000000    
   0.8132826E-11    595.5098       0.9969037E+10    24179.23       0.1100721       0.1078708E-35   0.2208712E-15   0.6667001       0.1361894E-18   0.3332999       0.3813147E-13   0.5024589E-13   0.2436482E-20   0.5046597E-13    0.000000    
   0.8488219E-11    595.5098       0.9969037E+10    24179.23       0.1118154       0.1164778E-35   0.2237580E-15   0.6667001       0.1451487E-18   0.3332999       0.3862651E-13   0.5361958E-13   0.2726165E-20   0.5384252E-13    0.000000    
   0.8843612E-11    595.5098       0.9969037E+10    24179.23       0.1134119       0.1252086E-35   0.2264016E-15   0.6667001       0.1541971E-18   0.3332999       0.3907986E-13   0.5703520E-13   0.3034785E-20   0.5726075E-13    0.000000    
   0.9199005E-11    595.5098       0.9969037E+10    24179.23       0.1148740       0.1340459E-35   0.2288226E-15   0.6667001       0.1633246E-18   0.3332999       0.3949503E-13   0.6048923E-13   0.3362567E-20   0.6071717E-13    0.000000    
   0.9554398E-11    595.5098       0.9969037E+10    24179.23       0.1162130       0.1429741E-35   0.2310398E-15   0.6667001       0.1725220E-18   0.3332999       0.3987524E-13   0.6397842E-13   0.3709717E-20   0.6420855E-13    0.000000    
   0.9909791E-11    595.5098       0.9969037E+10    24179.23       0.1174392       0.1519782E-35   0.2330702E-15   0.6667001       0.1817808E-18   0.3332999       0.4022343E-13   0.6749982E-13   0.4076422E-20   0.6773194E-13    0.000000    
   0.1026518E-10    595.5098       0.9969037E+10    24179.23       0.1185621       0.1610455E-35   0.2349296E-15   0.6667001       0.1910934E-18   0.3332999       0.4054230E-13   0.7105070E-13   0.4462853E-20   0.7128466E-13    0.000000    
   0.1062058E-10    595.5098       0.9969037E+10    24179.23       0.1195905       0.1701646E-35   0.2366325E-15   0.6667001       0.2004526E-18   0.3332999       0.4083432E-13   0.7462860E-13   0.4869169E-20   0.7486423E-13    0.000000    
   0.1097597E-10    595.5098       0.9969037E+10    24179.23       0.1205323       0.1793243E-35   0.2381919E-15   0.6667001       0.2098519E-18   0.3332999       0.4110175E-13   0.7823123E-13   0.5295513E-20   0.7846839E-13    0.000000    
   0.1133136E-10    595.5098       0.9969037E+10    24179.23       0.1213947       0.1885154E-35   0.2396201E-15   0.6667001       0.2192856E-18   0.3332999       0.4134665E-13   0.8185652E-13   0.5742018E-20   0.8209507E-13    0.000000    
   0.1168676E-10    595.5098       0.9969037E+10    24179.23       0.1221846       0.1977300E-35   0.2409279E-15   0.6667001       0.2287481E-18   0.3332999       0.4157093E-13   0.8550255E-13   0.6208804E-20   0.8574238E-13    0.000000    
   0.1204215E-10    595.5098       0.9969037E+10    24179.23       0.1229079       0.2069599E-35   0.2421257E-15   0.6667001       0.2382345E-18   0.3332999       0.4177633E-13   0.8916757E-13   0.6695983E-20   0.8940857E-13    0.000000    
   0.1239754E-10    595.5098       0.9969037E+10    24179.23       0.1235703       0.2161985E-35   0.2432225E-15   0.6667001       0.2477403E-18   0.3332999       0.4196442E-13   0.9285000E-13   0.7203656E-20   0.9309206E-13    0.000000    
   0.1275293E-10    595.5098       0.9969037E+10    24179.23       0.1241769       0.2254407E-35   0.2442270E-15   0.6667001       0.2572614E-18   0.3332999       0.4213668E-13   0.9654835E-13   0.7731915E-20   0.9679139E-13    0.000000    
   0.1310833E-10    595.5098       0.9969037E+10    24179.23       0.1247325       0.2346804E-35   0.2451469E-15   0.6667001       0.2667940E-18   0.3332999       0.4229443E-13   0.1002613E-12   0.8280847E-20   0.1005052E-12    0.000000    
   0.1346372E-10    595.5098       0.9969037E+10    24179.23       0.1252412       0.2439131E-35   0.2459894E-15   0.6667001       0.2763346E-18   0.3332999       0.4243890E-13   0.1039876E-12   0.8850527E-20   0.1042323E-12    0.000000    
   0.1381911E-10    595.5098       0.9969037E+10    24179.23       0.1257071       0.2531357E-35   0.2467609E-15   0.6667001       0.2858802E-18   0.3332999       0.4257120E-13   0.1077262E-12   0.9441029E-20   0.1079716E-12    0.000000    
   0.1417451E-10    595.5098       0.9969037E+10    24179.23       0.1261338       0.2623439E-35   0.2474674E-15   0.6667001       0.2954278E-18   0.3332999       0.4269236E-13   0.1114759E-12   0.1005242E-19   0.1117221E-12    0.000000    
   0.1452990E-10    595.5098       0.9969037E+10    24179.23       0.1265246       0.2715344E-35   0.2481144E-15   0.6667001       0.3049747E-18   0.3332999       0.4280332E-13   0.1152359E-12   0.1068475E-19   0.1154827E-12    0.000000    
   0.1488529E-10    595.5098       0.9969037E+10    24179.23       0.1268824       0.2807057E-35   0.2487070E-15   0.6667001       0.3145187E-18   0.3332999       0.4290493E-13   0.1190053E-12   0.1133809E-19   0.1192527E-12    0.000000    
   0.1524068E-10    595.5098       0.9969037E+10    24179.23       0.1272101       0.2898550E-35   0.2492496E-15   0.6667001       0.3240574E-18   0.3332999       0.4299798E-13   0.1227834E-12   0.1201248E-19   0.1230312E-12    0.000000    
   0.1559608E-10    595.5098       0.9969037E+10    24179.23       0.1275102       0.2989794E-35   0.2497465E-15   0.6667001       0.3335890E-18   0.3332999       0.4308320E-13   0.1265693E-12   0.1270796E-19   0.1268176E-12    0.000000    
   0.1630686E-10    595.5098       0.9969037E+10    24179.23       0.1280367       0.3171514E-35   0.2506184E-15   0.6667001       0.3526234E-18   0.3332999       0.4323272E-13   0.1341621E-12   0.1416238E-19   0.1344112E-12    0.000000    
   0.1694657E-10    595.5098       0.9969037E+10    24179.23       0.1284376       0.3334120E-35   0.2512821E-15   0.6667001       0.3697131E-18   0.3332999       0.4334654E-13   0.1410165E-12   0.1554391E-19   0.1412663E-12    0.000000    
   0.1754114E-10    595.5098       0.9969037E+10    24179.23       0.1287573       0.3484356E-35   0.2518116E-15   0.6667001       0.3855546E-18   0.3332999       0.4343732E-13   0.1474024E-12   0.1688972E-19   0.1476526E-12    0.000000    
   0.1813570E-10    595.5098       0.9969037E+10    24179.23       0.1290333       0.3633749E-35   0.2522685E-15   0.6667001       0.4013501E-18   0.3332999       0.4351569E-13   0.1538007E-12   0.1829520E-19   0.1540513E-12    0.000000    
   0.1873027E-10    595.5098       0.9969037E+10    24179.23       0.1292715       0.3782267E-35   0.2526630E-15   0.6667001       0.4170950E-18   0.3332999       0.4358333E-13   0.1602098E-12   0.1976043E-19   0.1604607E-12    0.000000    
   0.1932483E-10    595.5098       0.9969037E+10    24179.23       0.1294771       0.3929896E-35   0.2530034E-15   0.6667001       0.4327855E-18   0.3332999       0.4364171E-13   0.1666282E-12   0.2128553E-19   0.1668795E-12    0.000000    
   0.1991940E-10    595.5098       0.9969037E+10    24179.23       0.1296546       0.4076635E-35   0.2532973E-15   0.6667001       0.4484183E-18   0.3332999       0.4369211E-13   0.1730547E-12   0.2287056E-19   0.1733062E-12    0.000000    
   0.2051396E-10    595.5098       0.9969037E+10    24179.23       0.1298078       0.4222483E-35   0.2535510E-15   0.6667001       0.4639906E-18   0.3332999       0.4373561E-13   0.1794881E-12   0.2451560E-19   0.1797397E-12    0.000000    
   0.2110853E-10    595.5098       0.9969037E+10    24179.23       0.1299400       0.4367445E-35   0.2537699E-15   0.6667001       0.4795002E-18   0.3332999       0.4377315E-13   0.1859274E-12   0.2622070E-19   0.1861793E-12    0.000000    
   0.2170309E-10    595.5098       0.9969037E+10    24179.23       0.1300541       0.4511528E-35   0.2539589E-15   0.6667001       0.4949450E-18   0.3332999       0.4380556E-13   0.1923720E-12   0.2798593E-19   0.1926240E-12    0.000000    
   0.2229766E-10    595.5098       0.9969037E+10    24179.23       0.1301526       0.4654742E-35   0.2541220E-15   0.6667001       0.5103235E-18   0.3332999       0.4383353E-13   0.1988210E-12   0.2981132E-19   0.1990731E-12    0.000000    
   0.2289223E-10    595.5098       0.9969037E+10    24179.23       0.1302376       0.4797096E-35   0.2542628E-15   0.6667001       0.5256343E-18   0.3332999       0.4385767E-13   0.2052739E-12   0.3169691E-19   0.2055260E-12    0.000000    
   0.2348679E-10    595.5098       0.9969037E+10    24179.23       0.1303110       0.4938601E-35   0.2543843E-15   0.6667001       0.5408762E-18   0.3332999       0.4387851E-13   0.2117300E-12   0.3364274E-19   0.2119823E-12    0.000000    
   0.2408136E-10    595.5098       0.9969037E+10    24179.23       0.1303744       0.5079271E-35   0.2544892E-15   0.6667001       0.5560484E-18   0.3332999       0.4389650E-13   0.2181891E-12   0.3564884E-19   0.2184414E-12    0.000000    
   0.2467592E-10    595.5098       0.9969037E+10    24179.23       0.1304291       0.5219116E-35   0.2545798E-15   0.6667001       0.5711502E-18   0.3332999       0.4391203E-13   0.2246506E-12   0.3771523E-19   0.2249030E-12    0.000000    
   0.2527049E-10    595.5098       0.9969037E+10    24179.23       0.1304762       0.5358148E-35   0.2546579E-15   0.6667001       0.5861808E-18   0.3332999       0.4392543E-13   0.2311143E-12   0.3984193E-19   0.2313667E-12    0.000000    
   0.2586505E-10    595.5098       0.9969037E+10    24179.23       0.1305170       0.5496381E-35   0.2547254E-15   0.6667001       0.6011400E-18   0.3332999       0.4393700E-13   0.2375798E-12   0.4202896E-19   0.2378322E-12    0.000000    
   0.2645962E-10    595.5098       0.9969037E+10    24179.23       0.1305522       0.5633824E-35   0.2547836E-15   0.6667001       0.6160273E-18   0.3332999       0.4394698E-13   0.2440469E-12   0.4427634E-19   0.2442993E-12    0.000000    
   0.2705418E-10    595.5098       0.9969037E+10    24179.23       0.1305825       0.5770489E-35   0.2548339E-15   0.6667001       0.6308425E-18   0.3332999       0.4395560E-13   0.2505154E-12   0.4658408E-19   0.2507678E-12    0.000000    
   0.2764875E-10    595.5098       0.9969037E+10    24179.23       0.1306087       0.5906387E-35   0.2548773E-15   0.6667001       0.6455855E-18   0.3332999       0.4396304E-13   0.2569850E-12   0.4895219E-19   0.2572374E-12    0.000000    
   0.2824331E-10    595.5098       0.9969037E+10    24179.23       0.1306313       0.6041528E-35   0.2549147E-15   0.6667001       0.6602561E-18   0.3332999       0.4396946E-13   0.2634557E-12   0.5138069E-19   0.2637081E-12    0.000000    
   0.2943245E-10    595.5098       0.9969037E+10    24179.23       0.1306677       0.6309580E-35   0.2549749E-15   0.6667001       0.6893805E-18   0.3332999       0.4397978E-13   0.2763996E-12   0.5641886E-19   0.2766520E-12    0.000000    
   0.3050266E-10    595.5098       0.9969037E+10    24179.23       0.1306924       0.6548331E-35   0.2550159E-15   0.6667001       0.7153454E-18   0.3332999       0.4398680E-13   0.2880514E-12   0.6115981E-19   0.2883037E-12    0.000000    
   0.3153430E-10    595.5098       0.9969037E+10    24179.23       0.1307108       0.6776286E-35   0.2550463E-15   0.6667001       0.7401535E-18   0.3332999       0.4399202E-13   0.2992848E-12   0.6591515E-19   0.2995370E-12    0.000000    
   0.3256594E-10    595.5098       0.9969037E+10    24179.23       0.1307250       0.7002131E-35   0.2550699E-15   0.6667001       0.7647459E-18   0.3332999       0.4399606E-13   0.3105193E-12   0.7085240E-19   0.3107714E-12    0.000000    
   0.3359758E-10    595.5098       0.9969037E+10    24179.23       0.1307360       0.7225902E-35   0.2550882E-15   0.6667001       0.7891236E-18   0.3332999       0.4399919E-13   0.3217547E-12   0.7597158E-19   0.3220068E-12    0.000000    
   0.3462922E-10    595.5098       0.9969037E+10    24179.23       0.1307446       0.7447631E-35   0.2551023E-15   0.6667001       0.8132881E-18   0.3332999       0.4400162E-13   0.3329909E-12   0.8127270E-19   0.3332429E-12    0.000000    
   0.3566086E-10    595.5098       0.9969037E+10    24179.23       0.1307512       0.7667348E-35   0.2551133E-15   0.6667001       0.8372408E-18   0.3332999       0.4400350E-13   0.3442276E-12   0.8675578E-19   0.3444795E-12    0.000000    
   0.3669250E-10    595.5098       0.9969037E+10    24179.23       0.1307563       0.7885082E-35   0.2551218E-15   0.6667001       0.8609832E-18   0.3332999       0.4400495E-13   0.3554647E-12   0.9242082E-19   0.3557165E-12    0.000000    
   0.3772414E-10    595.5098       0.9969037E+10    24179.23       0.1307603       0.8100857E-35   0.2551284E-15   0.6667001       0.8845168E-18   0.3332999       0.4400608E-13   0.3667022E-12   0.9826782E-19   0.3669539E-12    0.000000    
   0.3875578E-10    595.5098       0.9969037E+10    24179.23       0.1307634       0.8314699E-35   0.2551335E-15   0.6667001       0.9078434E-18   0.3332999       0.4400696E-13   0.3779399E-12   0.1042968E-18   0.3781915E-12    0.000000    
   0.3978742E-10    595.5098       0.9969037E+10    24179.23       0.1307658       0.8526629E-35   0.2551374E-15   0.6667001       0.9309645E-18   0.3332999       0.4400763E-13   0.3891778E-12   0.1105078E-18   0.3894294E-12    0.000000    
   0.4081905E-10    595.5098       0.9969037E+10    24179.23       0.1307676       0.8736668E-35   0.2551405E-15   0.6667001       0.9538819E-18   0.3332999       0.4400816E-13   0.4004159E-12   0.1169007E-18   0.4006673E-12    0.000000    
   0.4185069E-10    595.5098       0.9969037E+10    24179.23       0.1307691       0.8944838E-35   0.2551429E-15   0.6667001       0.9765974E-18   0.3332999       0.4400857E-13   0.4116541E-12   0.1234756E-18   0.4119054E-12    0.000000    
   0.4288233E-10    595.5098       0.9969037E+10    24179.23       0.1307702       0.9151158E-35   0.2551447E-15   0.6667001       0.9991125E-18   0.3332999       0.4400888E-13   0.4228923E-12   0.1302325E-18   0.4231436E-12    0.000000    
   0.4494561E-10    595.5098       0.9969037E+10    24179.23       0.1307717       0.9558321E-35   0.2551473E-15   0.6667001       0.1043549E-17   0.3332999       0.4400932E-13   0.4453691E-12   0.1442923E-18   0.4456202E-12    0.000000    
   0.4700889E-10    595.5098       0.9969037E+10    24179.23       0.1307727       0.9958300E-35   0.2551488E-15   0.6667001       0.1087204E-17   0.3332999       0.4400957E-13   0.4678460E-12   0.1590800E-18   0.4680969E-12    0.000000    
   0.4907217E-10    595.5098       0.9969037E+10    24179.23       0.1307732       0.1035123E-34   0.2551497E-15   0.6667001       0.1130092E-17   0.3332999       0.4400973E-13   0.4903231E-12   0.1745957E-18   0.4905738E-12    0.000000    
   0.5113544E-10    595.5098       0.9969037E+10    24179.23       0.1307735       0.1073724E-34   0.2551503E-15   0.6667001       0.1172227E-17   0.3332999       0.4400983E-13   0.5128002E-12   0.1908393E-18   0.5130507E-12    0.000000    
   0.5319872E-10    595.5098       0.9969037E+10    24179.23       0.1307738       0.1111647E-34   0.2551507E-15   0.6667001       0.1213620E-17   0.3332999       0.4400988E-13   0.5352773E-12   0.2078110E-18   0.5355276E-12    0.000000    
   0.5526200E-10    595.5098       0.9969037E+10    24179.23       0.1307739       0.1148901E-34   0.2551509E-15   0.6667001       0.1254286E-17   0.3332999       0.4400992E-13   0.5577545E-12   0.2255106E-18   0.5580046E-12    0.000000    
   0.5732528E-10    595.5098       0.9969037E+10    24179.23       0.1307740       0.1185501E-34   0.2551510E-15   0.6667001       0.1294237E-17   0.3332999       0.4400994E-13   0.5802316E-12   0.2439381E-18   0.5804816E-12    0.000000    
   0.5938856E-10    595.5098       0.9969037E+10    24179.23       0.1307740       0.1221457E-34   0.2551511E-15   0.6667001       0.1333486E-17   0.3332999       0.4400996E-13   0.6027088E-12   0.2630937E-18   0.6029586E-12    0.000000    
   0.6145184E-10    595.5098       0.9969037E+10    24179.23       0.1307741       0.1256781E-34   0.2551512E-15   0.6667001       0.1372045E-17   0.3332999       0.4400997E-13   0.6251860E-12   0.2829772E-18   0.6254355E-12    0.000000    
   0.6351511E-10    595.5098       0.9969037E+10    24179.23       0.1307741       0.1291484E-34   0.2551513E-15   0.6667001       0.1409926E-17   0.3332999       0.4400997E-13   0.6476632E-12   0.3035887E-18   0.6479125E-12    0.000000    
   0.6764167E-10    595.5098       0.9969037E+10    24179.23       0.1307741       0.1359070E-34   0.2551513E-15   0.6667001       0.1483702E-17   0.3332999       0.4400998E-13   0.6926176E-12   0.3469957E-18   0.6928666E-12    0.000000    
   0.7176823E-10    595.5098       0.9969037E+10    24179.23       0.1307742       0.1424300E-34   0.2551514E-15   0.6667001       0.1554906E-17   0.3332999       0.4400998E-13   0.7375720E-12   0.3933146E-18   0.7378206E-12    0.000000    
   0.7589478E-10    595.5098       0.9969037E+10    24179.23       0.1307742       0.1487257E-34   0.2551514E-15   0.6667001       0.1623629E-17   0.3332999       0.4400998E-13   0.7825264E-12   0.4425455E-18   0.7827746E-12    0.000000    
   0.8414790E-10    595.5098       0.9969037E+10    24179.23       0.1307742       0.1606660E-34   0.2551515E-15   0.6667001       0.1753966E-17   0.3332999       0.4400999E-13   0.8724353E-12   0.5497434E-18   0.8726826E-12    0.000000    
   0.1006541E-09    595.5098       0.9969037E+10    24179.23       0.1307743       0.1822379E-34   0.2551517E-15   0.6667001       0.1989441E-17   0.3332999       0.4401000E-13   0.1052253E-11   0.7990839E-18   0.1052499E-11    0.000000    
   0.1171603E-09    595.5098       0.9969037E+10    24179.23       0.1307743       0.2009782E-34   0.2551518E-15   0.6667001       0.2194006E-17   0.3332999       0.4401001E-13   0.1232071E-11   0.1095018E-17   0.1232315E-11    0.000000    
   0.1336666E-09    595.5098       0.9969037E+10    24179.23       0.1307744       0.2172365E-34   0.2551520E-15   0.6667001       0.2371479E-17   0.3332999       0.4401001E-13   0.1411889E-11   0.1437547E-17   0.1412131E-11    0.000000    
   0.1501728E-09    595.5098       0.9969037E+10    24179.23       0.1307745       0.2313340E-34   0.2551521E-15   0.6667001       0.2525363E-17   0.3332999       0.4401002E-13   0.1591707E-11   0.1826673E-17   0.1591947E-11    0.000000    
   0.1831852E-09    595.5098       0.9969037E+10    24179.23       0.1307745       0.2540290E-34   0.2551523E-15   0.6667001       0.2773096E-17   0.3332999       0.4401003E-13   0.1951343E-11   0.2744715E-17   0.1951580E-11    0.000000    
   0.2161977E-09    595.5098       0.9969037E+10    24179.23       0.1307746       0.2710114E-34   0.2551525E-15   0.6667001       0.2958470E-17   0.3332999       0.4401003E-13   0.2310979E-11   0.3849155E-17   0.2311212E-11    0.000000    
   0.2631360E-09    595.5098       0.9969037E+10    24179.23       0.1307747       0.2880353E-34   0.2551528E-15   0.6667001       0.3144297E-17   0.3332999       0.4401004E-13   0.2822322E-11   0.5740431E-17   0.2822550E-11    0.000000    
   0.3100742E-09    595.5098       0.9969037E+10    24179.23       0.1307748       0.2994001E-34   0.2551530E-15   0.6667001       0.3268350E-17   0.3332999       0.4401005E-13   0.3333666E-11   0.8008577E-17   0.3333889E-11    0.000000    
   0.3570125E-09    595.5098       0.9969037E+10    24179.23       0.1307749       0.3070693E-34   0.2551533E-15   0.6667001       0.3352063E-17   0.3332999       0.4401005E-13   0.3845009E-11   0.1065362E-16   0.3845227E-11    0.000000    
   0.4039507E-09    595.5098       0.9969037E+10    24179.23       0.1307749       0.3122686E-34   0.2551535E-15   0.6667001       0.3408814E-17   0.3332999       0.4401005E-13   0.4356353E-11   0.1367558E-16   0.4356565E-11    0.000000    
   0.4508890E-09    595.5098       0.9969037E+10    24179.23       0.1307750       0.3157901E-34   0.2551537E-15   0.6667001       0.3447251E-17   0.3332999       0.4401005E-13   0.4867696E-11   0.1707450E-16   0.4867904E-11    0.000000    
   0.4978273E-09    595.5098       0.9969037E+10    24179.23       0.1307751       0.3181891E-34   0.2551539E-15   0.6667001       0.3473435E-17   0.3332999       0.4401005E-13   0.5379040E-11   0.2085038E-16   0.5379242E-11    0.000000    
   0.5447655E-09    595.5098       0.9969037E+10    24179.23       0.1307751       0.3198189E-34   0.2551541E-15   0.6667001       0.3491223E-17   0.3332999       0.4401005E-13   0.5890384E-11   0.2500327E-16   0.5890580E-11    0.000000    
   0.6386420E-09    595.5098       0.9969037E+10    24179.23       0.1307752       0.3217435E-34   0.2551545E-15   0.6667001       0.3512226E-17   0.3332999       0.4401005E-13   0.6913071E-11   0.3444016E-16   0.6913257E-11    0.000000    
   0.7325185E-09    595.5098       0.9969037E+10    24179.23       0.1307753       0.3225012E-34   0.2551548E-15   0.6667001       0.3520493E-17   0.3332999       0.4401005E-13   0.7935759E-11   0.4538537E-16   0.7935934E-11    0.000000    
   0.8263951E-09    595.5098       0.9969037E+10    24179.23       0.1307755       0.3227697E-34   0.2551552E-15   0.6667001       0.3523417E-17   0.3332999       0.4401005E-13   0.8958446E-11   0.5783911E-16   0.8958611E-11    0.000000    
   0.1014148E-08    595.5098       0.9969037E+10    24179.23       0.1307757       0.3227114E-34   0.2551560E-15   0.6667001       0.3522771E-17   0.3332999       0.4401005E-13   0.1100382E-10   0.8727302E-16   0.1100396E-10    0.000000    
   0.1183126E-08    595.5098       0.9969037E+10    24179.23       0.1307759       0.3227817E-34   0.2551566E-15   0.6667001       0.3523529E-17   0.3332999       0.4401005E-13   0.1284466E-10   0.1189248E-15   0.1284478E-10    0.000000    
   0.1352104E-08    595.5098       0.9969037E+10    24179.23       0.1307761       0.3229477E-34   0.2551573E-15   0.6667001       0.3525332E-17   0.3332999       0.4401005E-13   0.1468550E-10   0.1554675E-15   0.1468560E-10    0.000000    
   0.1521081E-08    595.5098       0.9969037E+10    24179.23       0.1307763       0.3230601E-34   0.2551580E-15   0.6667001       0.3526549E-17   0.3332999       0.4401005E-13   0.1652633E-10   0.1969024E-15   0.1652642E-10    0.000000    
   0.1859037E-08    595.5098       0.9969037E+10    24179.23       0.1307766       0.3231532E-34   0.2551594E-15   0.6667001       0.3527547E-17   0.3332999       0.4401005E-13   0.2020801E-10   0.2944534E-15   0.2020806E-10    0.000000    
   0.2196992E-08    595.5098       0.9969037E+10    24179.23       0.1307770       0.3231189E-34   0.2551607E-15   0.6667001       0.3527154E-17   0.3332999       0.4401005E-13   0.2388968E-10   0.4115877E-15   0.2388969E-10    0.000000    
   0.2872903E-08    595.5098       0.9969037E+10    24179.23       0.1307778       0.3230779E-34   0.2551634E-15   0.6667001       0.3526668E-17   0.3332999       0.4401005E-13   0.3125303E-10   0.7046453E-15   0.3125296E-10    0.000000    
   0.3548814E-08    595.5098       0.9969037E+10    24179.23       0.1307786       0.3230905E-34   0.2551661E-15   0.6667001       0.3526768E-17   0.3332999       0.4401005E-13   0.3861638E-10   0.1076154E-14   0.3861624E-10    0.000000    
   0.4224725E-08    595.5098       0.9969037E+10    24179.23       0.1307794       0.3231114E-34   0.2551688E-15   0.6667001       0.3526960E-17   0.3332999       0.4401005E-13   0.4597972E-10   0.1526191E-14   0.4597951E-10    0.000000    
   0.5576547E-08    595.5098       0.9969037E+10    24179.23       0.1307810       0.3231326E-34   0.2551742E-15   0.6667001       0.3527116E-17   0.3332999       0.4401005E-13   0.6070642E-10   0.2662168E-14   0.6070606E-10    0.000000    
   0.6928369E-08    595.5098       0.9969037E+10    24179.23       0.1307825       0.3231414E-34   0.2551797E-15   0.6667001       0.3527137E-17   0.3332999       0.4401006E-13   0.7543310E-10   0.4113203E-14   0.7543260E-10    0.000000    
   0.9632012E-08    595.5098       0.9969037E+10    24179.23       0.1307857       0.3231674E-34   0.2551905E-15   0.6667001       0.3527271E-17   0.3332999       0.4401006E-13   0.1048865E-09   0.7962958E-14   0.1048857E-09    0.000000    
   0.1503930E-07    595.5098       0.9969037E+10    24179.23       0.1307921       0.3232232E-34   0.2552121E-15   0.6667001       0.3527581E-17   0.3332999       0.4401006E-13   0.1637930E-09   0.1947078E-13   0.1637919E-09    0.000000    
   0.2044659E-07    595.5098       0.9969037E+10    24179.23       0.1307985       0.3232829E-34   0.2552338E-15   0.6667001       0.3527933E-17   0.3332999       0.4401006E-13   0.2226994E-09   0.3608983E-13   0.2226981E-09    0.000000    
   0.2585387E-07    595.5098       0.9969037E+10    24179.23       0.1308050       0.3233399E-34   0.2552555E-15   0.6667001       0.3528256E-17   0.3332999       0.4401006E-13   0.2816054E-09   0.5786026E-13   0.2816043E-09    0.000000    
   0.3126116E-07    595.5098       0.9969037E+10    24179.23       0.1308116       0.3233968E-34   0.2552771E-15   0.6667001       0.3528578E-17   0.3332999       0.4401006E-13   0.3405111E-09   0.8482222E-13   0.3405105E-09    0.000000    
   0.3666845E-07    595.5098       0.9969037E+10    24179.23       0.1308182       0.3234538E-34   0.2552988E-15   0.6667001       0.3528900E-17   0.3332999       0.4401006E-13   0.3994163E-09   0.1170158E-12   0.3994166E-09    0.000000    
   0.4748302E-07    595.5098       0.9969037E+10    24179.23       0.1308317       0.3235679E-34   0.2553421E-15   0.6667001       0.3529546E-17   0.3332999       0.4401006E-13   0.5172250E-09   0.1972586E-12   0.5172290E-09    0.000000    
   0.5829760E-07    595.5098       0.9969037E+10    24179.23       0.1308454       0.3236819E-34   0.2553854E-15   0.6667001       0.3530190E-17   0.3332999       0.4401006E-13   0.6350309E-09   0.2989095E-12   0.6350414E-09    0.000000    
   0.6911217E-07    595.5098       0.9969037E+10    24179.23       0.1308595       0.3237959E-34   0.2554287E-15   0.6667001       0.3530835E-17   0.3332999       0.4401006E-13   0.7528333E-09   0.4222894E-12   0.7528539E-09    0.000000    
   0.8346682E-07    595.5098       0.9969037E+10    24179.23       0.1308785       0.3239474E-34   0.2554862E-15   0.6667001       0.3531692E-17   0.3332999       0.4401006E-13   0.9091910E-09   0.6201683E-12   0.9092313E-09    0.000000    
   0.9782146E-07    595.5098       0.9969037E+10    24179.23       0.1308979       0.3240988E-34   0.2555437E-15   0.6667001       0.3532547E-17   0.3332999       0.4401006E-13   0.1065540E-08   0.8576446E-12   0.1065609E-08    0.000000    
   0.1121761E-06    595.5098       0.9969037E+10    24179.23       0.1309178       0.3242502E-34   0.2556012E-15   0.6667001       0.3533403E-17   0.3332999       0.4401006E-13   0.1221879E-08   0.1135467E-11   0.1221986E-08    0.000000    
   0.1265307E-06    595.5098       0.9969037E+10    24179.23       0.1309382       0.3244018E-34   0.2556587E-15   0.6667001       0.3534259E-17   0.3332999       0.4401006E-13   0.1378206E-08   0.1454384E-11   0.1378364E-08    0.000000    
   0.1408854E-06    595.5098       0.9969037E+10    24179.23       0.1309591       0.3245532E-34   0.2557161E-15   0.6667001       0.3535115E-17   0.3332999       0.4401006E-13   0.1534519E-08   0.1815144E-11   0.1534741E-08    0.000000    
   0.1552400E-06    595.5098       0.9969037E+10    24179.23       0.1309804       0.3247048E-34   0.2557736E-15   0.6667001       0.3535971E-17   0.3332999       0.4401007E-13   0.1690818E-08   0.2218494E-11   0.1691119E-08    0.000000    
   0.1839493E-06    595.5098       0.9969037E+10    24179.23       0.1310244       0.3250079E-34   0.2558885E-15   0.6667001       0.3537683E-17   0.3332999       0.4401007E-13   0.2003366E-08   0.3155949E-11   0.2003874E-08    0.000000    
   0.2126586E-06    595.5098       0.9969037E+10    24179.23       0.1310703       0.3253111E-34   0.2560034E-15   0.6667001       0.3539394E-17   0.3332999       0.4401007E-13   0.2315836E-08   0.4272715E-11   0.2316629E-08    0.000000    
   0.2413679E-06    595.5098       0.9969037E+10    24179.23       0.1311180       0.3256144E-34   0.2561183E-15   0.6667001       0.3541105E-17   0.3332999       0.4401007E-13   0.2628218E-08   0.5574745E-11   0.2629384E-08    0.000000    
   0.2700772E-06    595.5098       0.9969037E+10    24179.23       0.1311676       0.3259177E-34   0.2562331E-15   0.6667001       0.3542814E-17   0.3332999       0.4401007E-13   0.2940499E-08   0.7067982E-11   0.2942139E-08    0.000000    
   0.3274958E-06    595.5098       0.9969037E+10    24179.23       0.1312722       0.3265246E-34   0.2564626E-15   0.6667001       0.3546235E-17   0.3332999       0.4401008E-13   0.3564710E-08   0.1065178E-10   0.3567650E-08    0.000000    
   0.3849143E-06    595.5098       0.9969037E+10    24179.23       0.1313841       0.3271314E-34   0.2566919E-15   0.6667001       0.3549652E-17   0.3332999       0.4401008E-13   0.4188374E-08   0.1507135E-10   0.4193160E-08    0.000000    
   0.4423329E-06    595.5099       0.9969037E+10    24179.23       0.1315033       0.3277383E-34   0.2569210E-15   0.6667001       0.3553065E-17   0.3332999       0.4401009E-13   0.4811395E-08   0.2037371E-10   0.4818672E-08    0.000000    
   0.4997515E-06    595.5099       0.9969037E+10    24179.23       0.1316298       0.3283450E-34   0.2571498E-15   0.6667001       0.3556476E-17   0.3332999       0.4401009E-13   0.5433680E-08   0.2660557E-10   0.5444183E-08    0.000000    
   0.5571701E-06    595.5099       0.9969038E+10    24179.23       0.1317635       0.3289515E-34   0.2573783E-15   0.6667001       0.3559882E-17   0.3332999       0.4401010E-13   0.6055135E-08   0.3381334E-10   0.6069694E-08    0.000000    
   0.6145886E-06    595.5099       0.9969038E+10    24179.23       0.1319042       0.3295577E-34   0.2576064E-15   0.6667001       0.3563283E-17   0.3332999       0.4401010E-13   0.6675664E-08   0.4204309E-10   0.6695206E-08    0.000000    
   0.6720072E-06    595.5099       0.9969038E+10    24179.23       0.1320521       0.3301635E-34   0.2578342E-15   0.6667001       0.3566679E-17   0.3332999       0.4401011E-13   0.7295176E-08   0.5134053E-10   0.7320718E-08    0.000000    
   0.7294258E-06    595.5099       0.9969038E+10    24179.23       0.1322070       0.3307688E-34   0.2580616E-15   0.6667001       0.3570070E-17   0.3332999       0.4401011E-13   0.7913577E-08   0.6175097E-10   0.7946230E-08    0.000000    
   0.7868444E-06    595.5099       0.9969038E+10    24179.23       0.1323689       0.3313736E-34   0.2582885E-15   0.6667001       0.3573454E-17   0.3332999       0.4401011E-13   0.8530776E-08   0.7331931E-10   0.8571743E-08    0.000000    
   0.8442629E-06    595.5099       0.9969038E+10    24179.23       0.1325376       0.3319777E-34   0.2585150E-15   0.6667001       0.3576832E-17   0.3332999       0.4401012E-13   0.9146682E-08   0.8608999E-10   0.9197255E-08    0.000000    
   0.9016815E-06    595.5099       0.9969038E+10    24179.23       0.1327132       0.3325809E-34   0.2587409E-15   0.6667001       0.3580203E-17   0.3332999       0.4401012E-13   0.9761203E-08   0.1001070E-09   0.9822768E-08    0.000000    
   0.9591001E-06    595.5099       0.9969038E+10    24179.23       0.1328955       0.3331834E-34   0.2589663E-15   0.6667001       0.3583566E-17   0.3332999       0.4401013E-13   0.1037425E-07   0.1154138E-09   0.1044828E-07    0.000000    
   0.1016519E-05    595.5099       0.9969038E+10    24179.23       0.1330845       0.3337849E-34   0.2591912E-15   0.6667001       0.3586921E-17   0.3332999       0.4401013E-13   0.1098574E-07   0.1320534E-09   0.1107379E-07    0.000000    
   0.1073937E-05    595.5099       0.9969039E+10    24179.23       0.1332800       0.3343853E-34   0.2594154E-15   0.6667001       0.3590267E-17   0.3332999       0.4401014E-13   0.1159558E-07   0.1500681E-09   0.1169931E-07    0.000000    
   0.1131356E-05    595.5099       0.9969039E+10    24179.23       0.1334821       0.3349846E-34   0.2596390E-15   0.6667001       0.3593604E-17   0.3332999       0.4401014E-13   0.1220368E-07   0.1694999E-09   0.1232482E-07    0.000000    
   0.1188774E-05    595.5099       0.9969039E+10    24179.23       0.1336905       0.3355827E-34   0.2598619E-15   0.6667001       0.3596932E-17   0.3332999       0.4401015E-13   0.1280995E-07   0.1903899E-09   0.1295034E-07    0.000000    
   0.1246193E-05    595.5099       0.9969039E+10    24179.23       0.1339053       0.3361795E-34   0.2600841E-15   0.6667001       0.3600249E-17   0.3332999       0.4401015E-13   0.1341433E-07   0.2127789E-09   0.1357585E-07    0.000000    
   0.1303612E-05    595.5100       0.9969039E+10    24179.23       0.1341263       0.3367748E-34   0.2603056E-15   0.6667001       0.3603556E-17   0.3332999       0.4401016E-13   0.1401671E-07   0.2367068E-09   0.1420137E-07    0.000000    
   0.1361030E-05    595.5100       0.9969039E+10    24179.23       0.1343534       0.3373687E-34   0.2605263E-15   0.6667001       0.3606852E-17   0.3332998       0.4401016E-13   0.1461702E-07   0.2622130E-09   0.1482688E-07    0.000000    
   0.1418449E-05    595.5100       0.9969039E+10    24179.23       0.1345865       0.3379610E-34   0.2607463E-15   0.6667001       0.3610137E-17   0.3332998       0.4401017E-13   0.1521517E-07   0.2893362E-09   0.1545239E-07    0.000000    
   0.1475867E-05    595.5100       0.9969039E+10    24179.23       0.1348255       0.3385517E-34   0.2609654E-15   0.6667001       0.3613409E-17   0.3332998       0.4401017E-13   0.1581109E-07   0.3181143E-09   0.1607791E-07    0.000000    
   0.1533286E-05    595.5100       0.9969039E+10    24179.23       0.1350703       0.3391406E-34   0.2611837E-15   0.6667001       0.3616670E-17   0.3332998       0.4401018E-13   0.1640470E-07   0.3485847E-09   0.1670343E-07    0.000000    
   0.1590704E-05    595.5100       0.9969039E+10    24179.23       0.1353208       0.3397277E-34   0.2614010E-15   0.6667001       0.3619918E-17   0.3332998       0.4401018E-13   0.1699592E-07   0.3807839E-09   0.1732894E-07    0.000000    
   0.1648123E-05    595.5100       0.9969040E+10    24179.23       0.1355769       0.3403129E-34   0.2616175E-15   0.6667001       0.3623152E-17   0.3332998       0.4401019E-13   0.1758467E-07   0.4147476E-09   0.1795446E-07    0.000000    
   0.1705542E-05    595.5100       0.9969040E+10    24179.23       0.1358384       0.3408961E-34   0.2618331E-15   0.6667001       0.3626373E-17   0.3332998       0.4401019E-13   0.1817088E-07   0.4505110E-09   0.1857997E-07    0.000000    
   0.1762960E-05    595.5100       0.9969040E+10    24179.23       0.1361053       0.3414772E-34   0.2620477E-15   0.6667001       0.3629580E-17   0.3332998       0.4401020E-13   0.1875448E-07   0.4881083E-09   0.1920549E-07    0.000000    
   0.1820379E-05    595.5100       0.9969040E+10    24179.23       0.1363773       0.3420562E-34   0.2622613E-15   0.6667001       0.3632773E-17   0.3332998       0.4401020E-13   0.1933540E-07   0.5275729E-09   0.1983101E-07    0.000000    
   0.1877797E-05    595.5100       0.9969040E+10    24179.23       0.1366545       0.3426330E-34   0.2624739E-15   0.6667001       0.3635951E-17   0.3332998       0.4401021E-13   0.1991355E-07   0.5689376E-09   0.2045652E-07    0.000000    
   0.1935216E-05    595.5100       0.9969040E+10    24179.23       0.1369366       0.3432075E-34   0.2626854E-15   0.6667001       0.3639114E-17   0.3332998       0.4401021E-13   0.2048889E-07   0.6122342E-09   0.2108204E-07    0.000000    
   0.2050053E-05    595.5100       0.9969040E+10    24179.23       0.1375152       0.3443492E-34   0.2631053E-15   0.6667001       0.3645393E-17   0.3332998       0.4401023E-13   0.2163082E-07   0.7047462E-09   0.2233308E-07    0.000000    
   0.2153406E-05    595.5101       0.9969041E+10    24179.23       0.1380517       0.3453682E-34   0.2634794E-15   0.6667001       0.3650988E-17   0.3332998       0.4401024E-13   0.2264824E-07   0.7949164E-09   0.2345901E-07    0.000000    
   0.2256760E-05    595.5101       0.9969041E+10    24179.23       0.1386022       0.3463786E-34   0.2638498E-15   0.6667001       0.3656529E-17   0.3332998       0.4401025E-13   0.2365551E-07   0.8918029E-09   0.2458494E-07    0.000000    
   0.2360113E-05    595.5101       0.9969041E+10    24179.23       0.1391660       0.3473801E-34   0.2642163E-15   0.6667001       0.3662013E-17   0.3332998       0.4401026E-13   0.2465229E-07   0.9955604E-09   0.2571088E-07    0.000000    
   0.2463467E-05    595.5101       0.9969041E+10    24179.23       0.1397423       0.3483722E-34   0.2645789E-15   0.6667001       0.3667439E-17   0.3332998       0.4401027E-13   0.2563825E-07   0.1106335E-08   0.2683681E-07    0.000000    
   0.2566820E-05    595.5101       0.9969041E+10    24179.23       0.1403303       0.3493546E-34   0.2649373E-15   0.6667001       0.3672805E-17   0.3332998       0.4401028E-13   0.2661309E-07   0.1224262E-08   0.2796275E-07    0.000000    
   0.2670174E-05    595.5101       0.9969042E+10    24179.23       0.1409292       0.3503270E-34   0.2652916E-15   0.6667001       0.3678109E-17   0.3332998       0.4401029E-13   0.2757651E-07   0.1349469E-08   0.2908868E-07    0.000000    
   0.2773527E-05    595.5101       0.9969042E+10    24179.23       0.1415382       0.3512890E-34   0.2656416E-15   0.6667001       0.3683350E-17   0.3332998       0.4401031E-13   0.2852825E-07   0.1482073E-08   0.3021462E-07    0.000000    
   0.2876880E-05    595.5101       0.9969042E+10    24179.23       0.1421565       0.3522404E-34   0.2659872E-15   0.6667001       0.3688526E-17   0.3332998       0.4401032E-13   0.2946804E-07   0.1622182E-08   0.3134056E-07    0.000000    
   0.2980234E-05    595.5102       0.9969042E+10    24179.23       0.1427833       0.3531808E-34   0.2663283E-15   0.6667001       0.3693636E-17   0.3332998       0.4401033E-13   0.3039566E-07   0.1769895E-08   0.3246650E-07    0.000000    
   0.3083587E-05    595.5102       0.9969042E+10    24179.23       0.1434177       0.3541099E-34   0.2666649E-15   0.6667001       0.3698679E-17   0.3332998       0.4401034E-13   0.3131088E-07   0.1925301E-08   0.3359243E-07    0.000000    
   0.3186941E-05    595.5102       0.9969043E+10    24179.23       0.1440590       0.3550276E-34   0.2669968E-15   0.6667001       0.3703653E-17   0.3332998       0.4401036E-13   0.3221351E-07   0.2088479E-08   0.3471837E-07    0.000000    
   0.3290294E-05    595.5102       0.9969043E+10    24179.23       0.1447065       0.3559335E-34   0.2673240E-15   0.6667001       0.3708558E-17   0.3332998       0.4401037E-13   0.3310335E-07   0.2259500E-08   0.3584432E-07    0.000000    
   0.3393648E-05    595.5102       0.9969043E+10    24179.23       0.1453593       0.3568275E-34   0.2676465E-15   0.6667001       0.3713393E-17   0.3332998       0.4401038E-13   0.3398026E-07   0.2438426E-08   0.3697026E-07    0.000000    
   0.3497001E-05    595.5102       0.9969043E+10    24179.23       0.1460166       0.3577093E-34   0.2679642E-15   0.6667001       0.3718156E-17   0.3332998       0.4401040E-13   0.3484407E-07   0.2625308E-08   0.3809620E-07    0.000000    
   0.3600354E-05    595.5102       0.9969043E+10    24179.23       0.1466778       0.3585788E-34   0.2682770E-15   0.6667001       0.3722847E-17   0.3332998       0.4401041E-13   0.3569467E-07   0.2820191E-08   0.3922214E-07    0.000000    
   0.3703708E-05    595.5102       0.9969044E+10    24179.23       0.1473421       0.3594357E-34   0.2685849E-15   0.6667001       0.3727466E-17   0.3332998       0.4401043E-13   0.3653193E-07   0.3023109E-08   0.4034809E-07    0.000000    
   0.3745379E-05    595.5102       0.9969044E+10    24179.24       0.1476106       0.3597777E-34   0.2687077E-15   0.6667001       0.3729307E-17   0.3332998       0.4401043E-13   0.3686571E-07   0.3107203E-08   0.4080206E-07    0.000000    
