  "Time"          "Temp"          "Pres"          "Dens"          "Th_MIX"        "X_OH*"         "X_H"           "X_H2"          "X_O"           "X_O2"          "X_OH"          "X_HO2"         "X_H2O2"        "X_H2O"         "X_AR"         
  "s"             "K"             "Pa"            "kg/m3"         "s"             "none"          "none"          "none"          "none"          "none"          "none"          "none"          "none"          "none"          "none"         
    0.000000        595.5098       0.9969037E+10    24179.24      -0.2353842E-01    0.000000        0.000000       0.6667001        0.000000       0.3332999        0.000000        0.000000        0.000000        0.000000        0.000000    
   0.1074893E-17    595.5098       0.9969037E+10    24179.24      -0.2353841E-01   0.3424096E-57   0.6422660E-25   0.6667001       0.8203150E-35   0.3332999       0.1170965E-19   0.6111692E-25   0.1031127E-38   0.3115578E-26    0.000000    
   0.3224678E-17    595.5098       0.9969037E+10    24179.24      -0.2353839E-01   0.1858593E-56   0.2002386E-24   0.6667001       0.4566719E-34   0.3332999       0.3512895E-19   0.1833583E-24   0.5597718E-38   0.1691314E-25    0.000000    
   0.7524249E-17    595.5098       0.9969037E+10    24179.24      -0.2353835E-01   0.9068474E-56   0.5102559E-24   0.6667001       0.2350628E-33   0.3332999       0.8196751E-19   0.4278823E-24   0.2732093E-37   0.8254255E-25    0.000000    
   0.1612339E-16    595.5098       0.9969037E+10    24179.24      -0.2353826E-01   0.3937343E-55   0.1274923E-23   0.6667001       0.1178909E-32   0.3332999       0.1756445E-18   0.9171332E-24   0.1187353E-36   0.3586372E-24    0.000000    
   0.3332167E-16    595.5098       0.9969037E+10    24179.24      -0.2353810E-01   0.1654000E-54   0.3400851E-23   0.6667001       0.6190215E-32   0.3332999       0.3629978E-18   0.1896757E-23   0.4997330E-36   0.1508543E-23    0.000000    
   0.6771824E-16    595.5098       0.9969037E+10    24179.24      -0.2353777E-01   0.6777015E-54   0.1003423E-22   0.6667001       0.3548343E-31   0.3332999       0.7377022E-18   0.3862930E-23   0.2056271E-35   0.6196797E-23    0.000000    
   0.1365114E-15    595.5098       0.9969037E+10    24179.24      -0.2353710E-01   0.2737524E-53   0.3282328E-22   0.6667001       0.2253170E-30   0.3332999       0.1487101E-17   0.7842436E-23   0.8388286E-35   0.2514277E-22    0.000000    
   0.2740976E-15    595.5098       0.9969037E+10    24179.24      -0.2353575E-01   0.1102340E-52   0.1163360E-21   0.6667001       0.1561479E-29   0.3332999       0.2985861E-17   0.1614514E-22   0.3444007E-34   0.1013130E-21    0.000000    
   0.5492702E-15    595.5098       0.9969037E+10    24179.24      -0.2353297E-01   0.4914445E-52   0.4338763E-21   0.6667001       0.1148471E-28   0.3332999       0.5983228E-17   0.3535596E-22   0.1477984E-33   0.4067738E-21    0.000000    
   0.1099615E-14    595.5098       0.9969037E+10    24179.24      -0.2352716E-01   0.5161877E-51   0.1661273E-20   0.6667001       0.8730179E-28   0.3332999       0.1197735E-16   0.9388920E-22   0.7379331E-33   0.1630123E-20    0.000000    
   0.2200305E-14    595.5098       0.9969037E+10    24179.24      -0.2351450E-01   0.2011170E-49   0.6409771E-20   0.6667001       0.6718443E-27   0.3332999       0.2396314E-16   0.3665107E-21   0.5199949E-32   0.6526082E-20    0.000000    
   0.4401686E-14    595.5098       0.9969037E+10    24179.24      -0.2348527E-01   0.1017314E-47   0.2451329E-19   0.6667001       0.5143775E-26   0.3332999       0.4792493E-16   0.2098561E-20   0.5512702E-31   0.2611133E-19    0.000000    
   0.8804446E-14    595.5098       0.9969037E+10    24179.24      -0.2341308E-01   0.4617062E-46   0.9111543E-19   0.6667001       0.3843414E-25   0.3332999       0.9580937E-16   0.1431122E-19   0.7300702E-30   0.1044255E-18    0.000000    
   0.1320721E-13    595.5098       0.9969037E+10    24179.24      -0.2332466E-01   0.3326422E-45   0.1935853E-18   0.6667001       0.1170440E-24   0.3332999       0.1436417E-15   0.4280899E-19   0.2928530E-29   0.2348926E-18    0.000000    
   0.1760997E-13    595.5098       0.9969037E+10    24179.24      -0.2322265E-01   0.1359249E-44   0.3261167E-18   0.6667001       0.2569792E-24   0.3332999       0.1914218E-15   0.9334392E-19   0.7963957E-29   0.4174584E-18    0.000000    
   0.2201273E-13    595.5098       0.9969037E+10    24179.24      -0.2310937E-01   0.4046151E-44   0.4836085E-18   0.6667001       0.4722787E-24   0.3332999       0.2391500E-15   0.1709614E-18   0.1752214E-28   0.6520672E-18    0.000000    
   0.3081825E-13    595.5098       0.9969037E+10    24179.24      -0.2285562E-01   0.2058011E-43   0.8588273E-18   0.6667001       0.1169143E-23   0.3332999       0.3344504E-15   0.4218830E-18   0.5800708E-28   0.1277207E-17    0.000000    
   0.3962377E-13    595.5098       0.9969037E+10    24179.24      -0.2257622E-01   0.6665354E-43   0.1291029E-17   0.6667001       0.2284859E-23   0.3332999       0.4295432E-15   0.8233321E-18   0.1430235E-27   0.2109857E-17    0.000000    
   0.4842929E-13    595.5098       0.9969037E+10    24179.24      -0.2228019E-01   0.1658694E-42   0.1760276E-17   0.6667001       0.3873589E-23   0.3332999       0.5244290E-15   0.1394782E-17   0.2948086E-27   0.3149554E-17    0.000000    
   0.5723481E-13    595.5098       0.9969037E+10    24179.24      -0.2197321E-01   0.3466066E-42   0.2254067E-17   0.6667001       0.5968818E-23   0.3332999       0.6191083E-15   0.2148278E-17   0.5378429E-27   0.4395842E-17    0.000000    
   0.6604033E-13    595.5098       0.9969037E+10    24179.24      -0.2165887E-01   0.6399919E-42   0.2764508E-17   0.6667001       0.8591221E-23   0.3332999       0.7135813E-15   0.3091264E-17   0.8979446E-27   0.5848271E-17    0.000000    
   0.7484585E-13    595.5098       0.9969037E+10    24179.24      -0.2133963E-01   0.1078486E-41   0.3286122E-17   0.6667001       0.1175476E-22   0.3332999       0.8078487E-15   0.4228769E-17   0.1401684E-26   0.7506392E-17    0.000000    
   0.8365137E-13    595.5098       0.9969037E+10    24179.24      -0.2101719E-01   0.1695282E-41   0.3815198E-17   0.6667001       0.1546846E-22   0.3332999       0.9019109E-15   0.5564057E-17   0.2076234E-26   0.9369759E-17    0.000000    
   0.1012624E-12    595.5098       0.9969037E+10    24179.24      -0.2036744E-01   0.3596547E-41   0.4885295E-17   0.6667001       0.2457031E-22   0.3332999       0.1089421E-14   0.8836636E-17   0.4047874E-26   0.1371044E-16    0.000000    
   0.1188735E-12    595.5098       0.9969037E+10    24179.24      -0.1971448E-01   0.6610210E-41   0.5964025E-17   0.6667001       0.3591650E-22   0.3332999       0.1276116E-14   0.1291621E-16   0.7036082E-26   0.1886675E-16    0.000000    
   0.1364845E-12    595.5098       0.9969037E+10    24179.24      -0.1906175E-01   0.1099826E-40   0.7043846E-17   0.6667001       0.4951780E-22   0.3332999       0.1461999E-14   0.1780678E-16   0.1126443E-25   0.2483515E-16    0.000000    
   0.1611646E-12    595.5098       0.9969037E+10    24179.24      -0.1814999E-01   0.1995030E-40   0.8553134E-17   0.6667001       0.7236997E-22   0.3332999       0.1721134E-14   0.2602410E-16   0.1970408E-25   0.3455898E-16    0.000000    
   0.1858446E-12    595.5098       0.9969037E+10    24179.24      -0.1724345E-01   0.3279794E-40   0.1005399E-16   0.6667001       0.9963259E-22   0.3332999       0.1978692E-14   0.3582810E-16   0.3163458E-25   0.4586106E-16    0.000000    
   0.2105247E-12    595.5098       0.9969037E+10    24179.24      -0.1634240E-01   0.5021847E-40   0.1154578E-16   0.6667001       0.1312798E-21   0.3332999       0.2234681E-14   0.4720982E-16   0.4766895E-25   0.5873179E-16    0.000000    
   0.2352048E-12    595.5098       0.9969037E+10    24179.24      -0.1544670E-01   0.7287668E-40   0.1302876E-16   0.6667001       0.1672832E-21   0.3332999       0.2489110E-14   0.6015942E-16   0.6841672E-25   0.7316160E-16    0.000000    
   0.2845649E-12    595.5098       0.9969037E+10    24179.24      -0.1367128E-01   0.1364913E-39   0.1596848E-16   0.6667001       0.2522495E-21   0.3332999       0.2993331E-14   0.9072429E-16   0.1264655E-24   0.1066607E-15    0.000000    
   0.3339251E-12    595.5098       0.9969037E+10    24179.24      -0.1191715E-01   0.2286863E-39   0.1887310E-16   0.6667001       0.3543149E-21   0.3332999       0.3491428E-14   0.1274475E-15   0.2105835E-24   0.1462830E-15    0.000000    
   0.4326454E-12    595.5098       0.9969037E+10    24179.24      -0.8472474E-02   0.5178434E-39   0.2457709E-16   0.6667001       0.6088923E-21   0.3332999       0.4469547E-14   0.2190736E-15   0.4758540E-24   0.2436021E-15    0.000000    
   0.5313657E-12    595.5098       0.9969037E+10    24179.24      -0.5111080E-02   0.9764711E-39   0.3014311E-16   0.6667001       0.9293253E-21   0.3332999       0.5424053E-14   0.3344507E-15   0.9015183E-24   0.3645343E-15    0.000000    
   0.6300860E-12    595.5098       0.9969037E+10    24179.24      -0.1830864E-02   0.1637487E-38   0.3557468E-16   0.6667001       0.1313960E-20   0.3332999       0.6355517E-14   0.4730045E-15   0.1523984E-23   0.5085089E-15    0.000000    
   0.7288062E-12    595.5098       0.9969037E+10    24179.24       0.1370201E-02   0.2530870E-38   0.4087522E-16   0.6667001       0.1761184E-20   0.3332999       0.7264496E-14   0.6341751E-15   0.2378757E-23   0.6749692E-15    0.000000    
   0.8275265E-12    595.5098       0.9969037E+10    24179.24       0.4494010E-02   0.3683838E-38   0.4604784E-16   0.6667001       0.2269426E-20   0.3332999       0.8151531E-14   0.8174162E-15   0.3500467E-23   0.8633722E-15    0.000000    
   0.1024967E-11    595.5098       0.9969037E+10    24179.24       0.1051725E-01   0.6864622E-38   0.5602154E-16   0.6667001       0.3462852E-20   0.3332999       0.9861885E-14   0.1247988E-14   0.6679280E-23   0.1303897E-14    0.000000    
   0.1202664E-11    595.5098       0.9969037E+10    24179.24       0.1569211E-01   0.1083735E-37   0.6459042E-16   0.6667001       0.4730602E-20   0.3332999       0.1133134E-13   0.1705770E-14   0.1078383E-22   0.1770228E-14    0.000000    
   0.1380360E-11    595.5098       0.9969037E+10    24179.24       0.2064430E-01   0.1596525E-37   0.7279058E-16   0.6667001       0.6173286E-20   0.3332999       0.1273757E-13   0.2227154E-14   0.1625469E-22   0.2299793E-14    0.000000    
   0.1558057E-11    595.5098       0.9969037E+10    24179.24       0.2538339E-01   0.2232775E-37   0.8063790E-16   0.6667001       0.7783029E-20   0.3332999       0.1408328E-13   0.2809403E-14   0.2326533E-22   0.2889872E-14    0.000000    
   0.1735753E-11    595.5098       0.9969037E+10    24179.24       0.2991855E-01   0.2998668E-37   0.8814752E-16   0.6667001       0.9552291E-20   0.3332999       0.1537108E-13   0.3449899E-14   0.3198184E-22   0.3537859E-14    0.000000    
   0.1913450E-11    595.5098       0.9969037E+10    24179.24       0.3425855E-01   0.3898844E-37   0.9533398E-16   0.6667001       0.1147386E-19   0.3332999       0.1660347E-13   0.4146136E-14   0.4256321E-22   0.4241264E-14    0.000000    
   0.2091146E-11    595.5098       0.9969037E+10    24179.24       0.3841179E-01   0.4936585E-37   0.1022112E-15   0.6667001       0.1354083E-19   0.3332999       0.1778282E-13   0.4895713E-14   0.5516153E-22   0.4997700E-14    0.000000    
   0.2446539E-11    595.5098       0.9969037E+10    24179.24       0.4618979E-01   0.7432087E-37   0.1150906E-15   0.6667001       0.1808484E-19   0.3332999       0.1999147E-13   0.6545809E-14   0.8698496E-22   0.6660639E-14    0.000000    
   0.2801932E-11    595.5098       0.9969037E+10    24179.24       0.5331279E-01   0.1049024E-36   0.1268853E-15   0.6667001       0.2313483E-19   0.3332999       0.2201411E-13   0.8382986E-14   0.1285429E-21   0.8509575E-14    0.000000    
   0.3157325E-11    595.5098       0.9969037E+10    24179.24       0.5983594E-01   0.1410347E-36   0.1376868E-15   0.6667001       0.2864548E-19   0.3332999       0.2386643E-13   0.1039149E-13   0.1808344E-21   0.1052884E-13    0.000000    
   0.3512718E-11    595.5098       0.9969037E+10    24179.24       0.6580977E-01   0.1825494E-36   0.1475786E-15   0.6667001       0.3457529E-19   0.3332999       0.2556275E-13   0.1255689E-13   0.2447743E-21   0.1270410E-13    0.000000    
   0.3868111E-11    595.5098       0.9969037E+10    24179.24       0.7128052E-01   0.2292122E-36   0.1566375E-15   0.6667001       0.4088627E-19   0.3332999       0.2711623E-13   0.1486597E-13   0.3212006E-21   0.1502221E-13    0.000000    
   0.4223504E-11    595.5098       0.9969037E+10    24179.24       0.7629058E-01   0.2807427E-36   0.1649335E-15   0.6667001       0.4754363E-19   0.3332999       0.2853889E-13   0.1730664E-13   0.4108805E-21   0.1747114E-13    0.000000    
   0.4578897E-11    595.5098       0.9969037E+10    24179.24       0.8087873E-01   0.3368321E-36   0.1725309E-15   0.6667001       0.5451552E-19   0.3332999       0.2984174E-13   0.1986781E-13   0.5145164E-21   0.2003987E-13    0.000000    
   0.4934290E-11    595.5098       0.9969037E+10    24179.24       0.8508050E-01   0.3971568E-36   0.1794884E-15   0.6667001       0.6177280E-19   0.3332999       0.3103487E-13   0.2253933E-13   0.6327519E-21   0.2271832E-13    0.000000    
   0.5289684E-11    595.5098       0.9969037E+10    24179.24       0.8892843E-01   0.4613861E-36   0.1858601E-15   0.6667001       0.6928876E-19   0.3332999       0.3212753E-13   0.2531192E-13   0.7661763E-21   0.2549725E-13    0.000000    
   0.5645077E-11    595.5098       0.9969037E+10    24179.24       0.9245232E-01   0.5291906E-36   0.1916952E-15   0.6667001       0.7703896E-19   0.3332999       0.3312817E-13   0.2817706E-13   0.9153292E-21   0.2836819E-13    0.000000    
   0.6000470E-11    595.5098       0.9969037E+10    24179.24       0.9567945E-01   0.6002508E-36   0.1970389E-15   0.6667001       0.8500104E-19   0.3332999       0.3404455E-13   0.3112696E-13   0.1080705E-20   0.3132340E-13    0.000000    
   0.6355863E-11    595.5098       0.9969037E+10    24179.24       0.9863482E-01   0.6742564E-36   0.2019326E-15   0.6667001       0.9315451E-19   0.3332999       0.3488376E-13   0.3415448E-13   0.1262756E-20   0.3435578E-13    0.000000    
   0.6711256E-11    595.5098       0.9969037E+10    24179.24       0.1013413       0.7509105E-36   0.2064142E-15   0.6667001       0.1014806E-18   0.3332999       0.3565229E-13   0.3725308E-13   0.1461896E-20   0.3745883E-13    0.000000    
   0.7066649E-11    595.5098       0.9969037E+10    24179.24       0.1038199       0.8299363E-36   0.2105184E-15   0.6667001       0.1099622E-18   0.3332999       0.3635611E-13   0.4041678E-13   0.1678506E-20   0.4062660E-13    0.000000    
   0.7422042E-11    595.5098       0.9969037E+10    24179.24       0.1060897       0.9110715E-36   0.2142770E-15   0.6667001       0.1185836E-18   0.3332999       0.3700065E-13   0.4364009E-13   0.1912933E-20   0.4385364E-13    0.000000    
   0.7777435E-11    595.5098       0.9969037E+10    24179.24       0.1081684       0.9940699E-36   0.2177190E-15   0.6667001       0.1273304E-18   0.3332999       0.3759092E-13   0.4691800E-13   0.2165495E-20   0.4713496E-13    0.000000    
   0.8132828E-11    595.5098       0.9969037E+10    24179.24       0.1100721       0.1078708E-35   0.2208712E-15   0.6667001       0.1361895E-18   0.3332999       0.3813148E-13   0.5024591E-13   0.2436484E-20   0.5046599E-13    0.000000    
   0.8488221E-11    595.5098       0.9969037E+10    24179.24       0.1118154       0.1164778E-35   0.2237580E-15   0.6667001       0.1451487E-18   0.3332999       0.3862652E-13   0.5361960E-13   0.2726166E-20   0.5384254E-13    0.000000    
   0.8843614E-11    595.5098       0.9969037E+10    24179.24       0.1134119       0.1252086E-35   0.2264016E-15   0.6667001       0.1541971E-18   0.3332999       0.3907987E-13   0.5703523E-13   0.3034787E-20   0.5726078E-13    0.000000    
   0.9199007E-11    595.5098       0.9969037E+10    24179.24       0.1148740       0.1340460E-35   0.2288226E-15   0.6667001       0.1633247E-18   0.3332999       0.3949504E-13   0.6048925E-13   0.3362569E-20   0.6071719E-13    0.000000    
   0.9554400E-11    595.5098       0.9969037E+10    24179.24       0.1162130       0.1429741E-35   0.2310397E-15   0.6667001       0.1725221E-18   0.3332999       0.3987525E-13   0.6397845E-13   0.3709719E-20   0.6420857E-13    0.000000    
   0.9909793E-11    595.5098       0.9969037E+10    24179.24       0.1174392       0.1519782E-35   0.2330702E-15   0.6667001       0.1817809E-18   0.3332999       0.4022344E-13   0.6749984E-13   0.4076424E-20   0.6773197E-13    0.000000    
   0.1026519E-10    595.5098       0.9969037E+10    24179.24       0.1185621       0.1610456E-35   0.2349296E-15   0.6667001       0.1910935E-18   0.3332999       0.4054231E-13   0.7105073E-13   0.4462855E-20   0.7128469E-13    0.000000    
   0.1062058E-10    595.5098       0.9969037E+10    24179.24       0.1195905       0.1701647E-35   0.2366325E-15   0.6667001       0.2004526E-18   0.3332999       0.4083433E-13   0.7462863E-13   0.4869171E-20   0.7486426E-13    0.000000    
   0.1097597E-10    595.5098       0.9969037E+10    24179.24       0.1205323       0.1793244E-35   0.2381919E-15   0.6667001       0.2098520E-18   0.3332999       0.4110175E-13   0.7823127E-13   0.5295516E-20   0.7846842E-13    0.000000    
   0.1133137E-10    595.5098       0.9969037E+10    24179.24       0.1213947       0.1885155E-35   0.2396200E-15   0.6667001       0.2192856E-18   0.3332999       0.4134666E-13   0.8185655E-13   0.5742021E-20   0.8209510E-13    0.000000    
   0.1168676E-10    595.5098       0.9969037E+10    24179.24       0.1221846       0.1977301E-35   0.2409279E-15   0.6667001       0.2287481E-18   0.3332999       0.4157094E-13   0.8550258E-13   0.6208808E-20   0.8574241E-13    0.000000    
   0.1204215E-10    595.5098       0.9969037E+10    24179.24       0.1229079       0.2069600E-35   0.2421256E-15   0.6667001       0.2382346E-18   0.3332999       0.4177633E-13   0.8916761E-13   0.6695987E-20   0.8940861E-13    0.000000    
   0.1239754E-10    595.5098       0.9969037E+10    24179.24       0.1235703       0.2161986E-35   0.2432225E-15   0.6667001       0.2477404E-18   0.3332999       0.4196443E-13   0.9285004E-13   0.7203660E-20   0.9309210E-13    0.000000    
   0.1275294E-10    595.5098       0.9969037E+10    24179.24       0.1241769       0.2254408E-35   0.2442270E-15   0.6667001       0.2572615E-18   0.3332999       0.4213669E-13   0.9654839E-13   0.7731920E-20   0.9679143E-13    0.000000    
   0.1310833E-10    595.5098       0.9969037E+10    24179.24       0.1247325       0.2346805E-35   0.2451469E-15   0.6667001       0.2667941E-18   0.3332999       0.4229444E-13   0.1002613E-12   0.8280851E-20   0.1005053E-12    0.000000    
   0.1346372E-10    595.5098       0.9969037E+10    24179.24       0.1252412       0.2439132E-35   0.2459893E-15   0.6667001       0.2763348E-18   0.3332999       0.4243891E-13   0.1039877E-12   0.8850532E-20   0.1042324E-12    0.000000    
   0.1381912E-10    595.5098       0.9969037E+10    24179.24       0.1257071       0.2531358E-35   0.2467608E-15   0.6667001       0.2858803E-18   0.3332999       0.4257121E-13   0.1077262E-12   0.9441035E-20   0.1079717E-12    0.000000    
   0.1417451E-10    595.5098       0.9969037E+10    24179.24       0.1261338       0.2623440E-35   0.2474674E-15   0.6667001       0.2954279E-18   0.3332999       0.4269237E-13   0.1114760E-12   0.1005242E-19   0.1117221E-12    0.000000    
   0.1452990E-10    595.5098       0.9969037E+10    24179.24       0.1265246       0.2715344E-35   0.2481144E-15   0.6667001       0.3049748E-18   0.3332999       0.4280332E-13   0.1152360E-12   0.1068476E-19   0.1154827E-12    0.000000    
   0.1488530E-10    595.5098       0.9969037E+10    24179.24       0.1268824       0.2807058E-35   0.2487069E-15   0.6667001       0.3145188E-18   0.3332999       0.4290494E-13   0.1190054E-12   0.1133809E-19   0.1192527E-12    0.000000    
   0.1524069E-10    595.5098       0.9969037E+10    24179.24       0.1272101       0.2898551E-35   0.2492496E-15   0.6667001       0.3240576E-18   0.3332999       0.4299799E-13   0.1227834E-12   0.1201248E-19   0.1230312E-12    0.000000    
   0.1559608E-10    595.5098       0.9969037E+10    24179.24       0.1275102       0.2989795E-35   0.2497465E-15   0.6667001       0.3335891E-18   0.3332999       0.4308321E-13   0.1265693E-12   0.1270797E-19   0.1268176E-12    0.000000    
   0.1630687E-10    595.5098       0.9969037E+10    24179.24       0.1280368       0.3171515E-35   0.2506184E-15   0.6667001       0.3526235E-18   0.3332999       0.4323272E-13   0.1341622E-12   0.1416239E-19   0.1344113E-12    0.000000    
   0.1694658E-10    595.5098       0.9969037E+10    24179.24       0.1284376       0.3334121E-35   0.2512821E-15   0.6667001       0.3697132E-18   0.3332999       0.4334654E-13   0.1410166E-12   0.1554391E-19   0.1412663E-12    0.000000    
   0.1754114E-10    595.5098       0.9969037E+10    24179.24       0.1287573       0.3484357E-35   0.2518115E-15   0.6667001       0.3855548E-18   0.3332999       0.4343733E-13   0.1474024E-12   0.1688973E-19   0.1476526E-12    0.000000    
   0.1813571E-10    595.5098       0.9969037E+10    24179.24       0.1290333       0.3633750E-35   0.2522685E-15   0.6667001       0.4013503E-18   0.3332999       0.4351570E-13   0.1538007E-12   0.1829521E-19   0.1540514E-12    0.000000    
   0.1873027E-10    595.5098       0.9969037E+10    24179.24       0.1292715       0.3782268E-35   0.2526630E-15   0.6667001       0.4170952E-18   0.3332999       0.4358334E-13   0.1602099E-12   0.1976044E-19   0.1604608E-12    0.000000    
   0.1932484E-10    595.5098       0.9969037E+10    24179.24       0.1294771       0.3929897E-35   0.2530034E-15   0.6667001       0.4327857E-18   0.3332999       0.4364172E-13   0.1666283E-12   0.2128554E-19   0.1668795E-12    0.000000    
   0.1991940E-10    595.5098       0.9969037E+10    24179.24       0.1296546       0.4076636E-35   0.2532973E-15   0.6667001       0.4484184E-18   0.3332999       0.4369212E-13   0.1730547E-12   0.2287057E-19   0.1733062E-12    0.000000    
   0.2051397E-10    595.5098       0.9969037E+10    24179.24       0.1298078       0.4222484E-35   0.2535509E-15   0.6667001       0.4639908E-18   0.3332999       0.4373561E-13   0.1794881E-12   0.2451561E-19   0.1797398E-12    0.000000    
   0.2110853E-10    595.5098       0.9969037E+10    24179.24       0.1299400       0.4367446E-35   0.2537699E-15   0.6667001       0.4795004E-18   0.3332999       0.4377316E-13   0.1859275E-12   0.2622072E-19   0.1861794E-12    0.000000    
   0.2170310E-10    595.5098       0.9969037E+10    24179.24       0.1300541       0.4511529E-35   0.2539589E-15   0.6667001       0.4949452E-18   0.3332999       0.4380557E-13   0.1923721E-12   0.2798594E-19   0.1926240E-12    0.000000    
   0.2229767E-10    595.5098       0.9969037E+10    24179.24       0.1301526       0.4654743E-35   0.2541220E-15   0.6667001       0.5103237E-18   0.3332999       0.4383354E-13   0.1988211E-12   0.2981133E-19   0.1990732E-12    0.000000    
   0.2289223E-10    595.5098       0.9969037E+10    24179.24       0.1302376       0.4797097E-35   0.2542628E-15   0.6667001       0.5256345E-18   0.3332999       0.4385768E-13   0.2052739E-12   0.3169693E-19   0.2055261E-12    0.000000    
   0.2348680E-10    595.5098       0.9969037E+10    24179.24       0.1303110       0.4938603E-35   0.2543843E-15   0.6667001       0.5408764E-18   0.3332999       0.4387852E-13   0.2117301E-12   0.3364276E-19   0.2119824E-12    0.000000    
   0.2408136E-10    595.5098       0.9969037E+10    24179.24       0.1303744       0.5079272E-35   0.2544892E-15   0.6667001       0.5560486E-18   0.3332999       0.4389651E-13   0.2181892E-12   0.3564886E-19   0.2184415E-12    0.000000    
   0.2467593E-10    595.5098       0.9969037E+10    24179.24       0.1304291       0.5219117E-35   0.2545798E-15   0.6667001       0.5711503E-18   0.3332999       0.4391204E-13   0.2246507E-12   0.3771525E-19   0.2249030E-12    0.000000    
   0.2527049E-10    595.5098       0.9969037E+10    24179.24       0.1304763       0.5358150E-35   0.2546579E-15   0.6667001       0.5861810E-18   0.3332999       0.4392544E-13   0.2311144E-12   0.3984195E-19   0.2313667E-12    0.000000    
   0.2586506E-10    595.5098       0.9969037E+10    24179.24       0.1305170       0.5496382E-35   0.2547254E-15   0.6667001       0.6011402E-18   0.3332999       0.4393700E-13   0.2375799E-12   0.4202898E-19   0.2378323E-12    0.000000    
   0.2645962E-10    595.5098       0.9969037E+10    24179.24       0.1305522       0.5633825E-35   0.2547836E-15   0.6667001       0.6160275E-18   0.3332999       0.4394699E-13   0.2440470E-12   0.4427636E-19   0.2442994E-12    0.000000    
   0.2705419E-10    595.5098       0.9969037E+10    24179.24       0.1305825       0.5770490E-35   0.2548339E-15   0.6667001       0.6308427E-18   0.3332999       0.4395561E-13   0.2505155E-12   0.4658410E-19   0.2507679E-12    0.000000    
   0.2764876E-10    595.5098       0.9969037E+10    24179.24       0.1306087       0.5906389E-35   0.2548772E-15   0.6667001       0.6455857E-18   0.3332999       0.4396305E-13   0.2569851E-12   0.4895222E-19   0.2572375E-12    0.000000    
   0.2824332E-10    595.5098       0.9969037E+10    24179.24       0.1306313       0.6041530E-35   0.2549147E-15   0.6667001       0.6602564E-18   0.3332999       0.4396947E-13   0.2634558E-12   0.5138071E-19   0.2637082E-12    0.000000    
   0.2943245E-10    595.5098       0.9969037E+10    24179.24       0.1306677       0.6309581E-35   0.2549749E-15   0.6667001       0.6893807E-18   0.3332999       0.4397979E-13   0.2763997E-12   0.5641889E-19   0.2766520E-12    0.000000    
   0.3050267E-10    595.5098       0.9969037E+10    24179.24       0.1306924       0.6548333E-35   0.2550159E-15   0.6667001       0.7153456E-18   0.3332999       0.4398681E-13   0.2880515E-12   0.6115984E-19   0.2883038E-12    0.000000    
   0.3153431E-10    595.5098       0.9969037E+10    24179.24       0.1307108       0.6776288E-35   0.2550463E-15   0.6667001       0.7401538E-18   0.3332999       0.4399203E-13   0.2992849E-12   0.6591518E-19   0.2995371E-12    0.000000    
   0.3256595E-10    595.5098       0.9969037E+10    24179.24       0.1307250       0.7002133E-35   0.2550699E-15   0.6667001       0.7647461E-18   0.3332999       0.4399607E-13   0.3105194E-12   0.7085243E-19   0.3107715E-12    0.000000    
   0.3359759E-10    595.5098       0.9969037E+10    24179.24       0.1307361       0.7225904E-35   0.2550881E-15   0.6667001       0.7891239E-18   0.3332999       0.4399920E-13   0.3217549E-12   0.7597161E-19   0.3220069E-12    0.000000    
   0.3462923E-10    595.5098       0.9969037E+10    24179.24       0.1307446       0.7447633E-35   0.2551023E-15   0.6667001       0.8132884E-18   0.3332999       0.4400163E-13   0.3329910E-12   0.8127274E-19   0.3332430E-12    0.000000    
   0.3566087E-10    595.5098       0.9969037E+10    24179.24       0.1307512       0.7667350E-35   0.2551133E-15   0.6667001       0.8372411E-18   0.3332999       0.4400351E-13   0.3442277E-12   0.8675582E-19   0.3444796E-12    0.000000    
   0.3669251E-10    595.5098       0.9969037E+10    24179.24       0.1307564       0.7885084E-35   0.2551218E-15   0.6667001       0.8609834E-18   0.3332999       0.4400496E-13   0.3554648E-12   0.9242086E-19   0.3557167E-12    0.000000    
   0.3772415E-10    595.5098       0.9969037E+10    24179.24       0.1307603       0.8100859E-35   0.2551283E-15   0.6667001       0.8845171E-18   0.3332999       0.4400609E-13   0.3667023E-12   0.9826787E-19   0.3669540E-12    0.000000    
   0.3875578E-10    595.5098       0.9969037E+10    24179.24       0.1307634       0.8314701E-35   0.2551334E-15   0.6667001       0.9078437E-18   0.3332999       0.4400697E-13   0.3779400E-12   0.1042969E-18   0.3781917E-12    0.000000    
   0.3978742E-10    595.5098       0.9969037E+10    24179.24       0.1307658       0.8526631E-35   0.2551374E-15   0.6667001       0.9309648E-18   0.3332999       0.4400764E-13   0.3891779E-12   0.1105078E-18   0.3894295E-12    0.000000    
   0.4081906E-10    595.5098       0.9969037E+10    24179.24       0.1307677       0.8736670E-35   0.2551405E-15   0.6667001       0.9538823E-18   0.3332999       0.4400817E-13   0.4004160E-12   0.1169008E-18   0.4006675E-12    0.000000    
   0.4185070E-10    595.5098       0.9969037E+10    24179.24       0.1307691       0.8944840E-35   0.2551429E-15   0.6667001       0.9765977E-18   0.3332999       0.4400858E-13   0.4116542E-12   0.1234757E-18   0.4119056E-12    0.000000    
   0.4288234E-10    595.5098       0.9969037E+10    24179.24       0.1307702       0.9151160E-35   0.2551447E-15   0.6667001       0.9991128E-18   0.3332999       0.4400889E-13   0.4228925E-12   0.1302326E-18   0.4231437E-12    0.000000    
   0.4494562E-10    595.5098       0.9969037E+10    24179.24       0.1307717       0.9558323E-35   0.2551473E-15   0.6667001       0.1043549E-17   0.3332999       0.4400932E-13   0.4453692E-12   0.1442924E-18   0.4456203E-12    0.000000    
   0.4700890E-10    595.5098       0.9969037E+10    24179.24       0.1307727       0.9958303E-35   0.2551488E-15   0.6667001       0.1087204E-17   0.3332999       0.4400958E-13   0.4678462E-12   0.1590801E-18   0.4680971E-12    0.000000    
   0.4907218E-10    595.5098       0.9969037E+10    24179.24       0.1307732       0.1035123E-34   0.2551497E-15   0.6667001       0.1130093E-17   0.3332999       0.4400974E-13   0.4903232E-12   0.1745958E-18   0.4905739E-12    0.000000    
   0.5113546E-10    595.5098       0.9969037E+10    24179.24       0.1307736       0.1073725E-34   0.2551503E-15   0.6667001       0.1172227E-17   0.3332999       0.4400983E-13   0.5128003E-12   0.1908394E-18   0.5130508E-12    0.000000    
   0.5319874E-10    595.5098       0.9969037E+10    24179.24       0.1307738       0.1111647E-34   0.2551506E-15   0.6667001       0.1213621E-17   0.3332999       0.4400989E-13   0.5352775E-12   0.2078111E-18   0.5355278E-12    0.000000    
   0.5526201E-10    595.5098       0.9969037E+10    24179.24       0.1307739       0.1148902E-34   0.2551509E-15   0.6667001       0.1254287E-17   0.3332999       0.4400993E-13   0.5577546E-12   0.2255107E-18   0.5580048E-12    0.000000    
   0.5732529E-10    595.5098       0.9969037E+10    24179.24       0.1307740       0.1185501E-34   0.2551510E-15   0.6667001       0.1294238E-17   0.3332999       0.4400995E-13   0.5802318E-12   0.2439382E-18   0.5804818E-12    0.000000    
   0.5938857E-10    595.5098       0.9969037E+10    24179.24       0.1307740       0.1221458E-34   0.2551511E-15   0.6667001       0.1333487E-17   0.3332999       0.4400997E-13   0.6027090E-12   0.2630938E-18   0.6029588E-12    0.000000    
   0.6145185E-10    595.5098       0.9969037E+10    24179.24       0.1307741       0.1256782E-34   0.2551512E-15   0.6667001       0.1372045E-17   0.3332999       0.4400997E-13   0.6251862E-12   0.2829773E-18   0.6254358E-12    0.000000    
   0.6351513E-10    595.5098       0.9969037E+10    24179.24       0.1307741       0.1291484E-34   0.2551512E-15   0.6667001       0.1409926E-17   0.3332999       0.4400998E-13   0.6476634E-12   0.3035889E-18   0.6479128E-12    0.000000    
   0.6764169E-10    595.5098       0.9969037E+10    24179.24       0.1307741       0.1359070E-34   0.2551513E-15   0.6667001       0.1483702E-17   0.3332999       0.4400999E-13   0.6926179E-12   0.3469959E-18   0.6928668E-12    0.000000    
   0.7176824E-10    595.5098       0.9969037E+10    24179.24       0.1307742       0.1424301E-34   0.2551514E-15   0.6667001       0.1554906E-17   0.3332999       0.4400999E-13   0.7375723E-12   0.3933148E-18   0.7378208E-12    0.000000    
   0.7589480E-10    595.5098       0.9969037E+10    24179.24       0.1307742       0.1487258E-34   0.2551514E-15   0.6667001       0.1623629E-17   0.3332999       0.4400999E-13   0.7825267E-12   0.4425458E-18   0.7827749E-12    0.000000    
   0.8414792E-10    595.5098       0.9969037E+10    24179.24       0.1307742       0.1606660E-34   0.2551515E-15   0.6667001       0.1753967E-17   0.3332999       0.4401000E-13   0.8724356E-12   0.5497437E-18   0.8726829E-12    0.000000    
   0.1006541E-09    595.5098       0.9969037E+10    24179.24       0.1307743       0.1822380E-34   0.2551517E-15   0.6667001       0.1989442E-17   0.3332999       0.4401001E-13   0.1052253E-11   0.7990843E-18   0.1052499E-11    0.000000    
   0.1171604E-09    595.5098       0.9969037E+10    24179.24       0.1307744       0.2009782E-34   0.2551518E-15   0.6667001       0.2194007E-17   0.3332999       0.4401002E-13   0.1232071E-11   0.1095019E-17   0.1232315E-11    0.000000    
   0.1336666E-09    595.5098       0.9969037E+10    24179.24       0.1307744       0.2172366E-34   0.2551519E-15   0.6667001       0.2371479E-17   0.3332999       0.4401002E-13   0.1411889E-11   0.1437548E-17   0.1412132E-11    0.000000    
   0.1501728E-09    595.5098       0.9969037E+10    24179.24       0.1307745       0.2313341E-34   0.2551521E-15   0.6667001       0.2525364E-17   0.3332999       0.4401003E-13   0.1591707E-11   0.1826673E-17   0.1591948E-11    0.000000    
   0.1831853E-09    595.5098       0.9969037E+10    24179.24       0.1307746       0.2540290E-34   0.2551523E-15   0.6667001       0.2773096E-17   0.3332999       0.4401004E-13   0.1951343E-11   0.2744717E-17   0.1951580E-11    0.000000    
   0.2161977E-09    595.5098       0.9969037E+10    24179.24       0.1307746       0.2710115E-34   0.2551525E-15   0.6667001       0.2958471E-17   0.3332999       0.4401004E-13   0.2310979E-11   0.3849157E-17   0.2311213E-11    0.000000    
   0.2631360E-09    595.5098       0.9969037E+10    24179.24       0.1307747       0.2880354E-34   0.2551528E-15   0.6667001       0.3144298E-17   0.3332999       0.4401005E-13   0.2822323E-11   0.5740434E-17   0.2822551E-11    0.000000    
   0.3100743E-09    595.5098       0.9969037E+10    24179.24       0.1307748       0.2994002E-34   0.2551530E-15   0.6667001       0.3268351E-17   0.3332999       0.4401005E-13   0.3333667E-11   0.8008580E-17   0.3333890E-11    0.000000    
   0.3570125E-09    595.5098       0.9969037E+10    24179.24       0.1307749       0.3070694E-34   0.2551532E-15   0.6667001       0.3352063E-17   0.3332999       0.4401006E-13   0.3845010E-11   0.1065362E-16   0.3845228E-11    0.000000    
   0.4039508E-09    595.5098       0.9969037E+10    24179.24       0.1307750       0.3122686E-34   0.2551535E-15   0.6667001       0.3408815E-17   0.3332999       0.4401006E-13   0.4356354E-11   0.1367559E-16   0.4356567E-11    0.000000    
   0.4508891E-09    595.5098       0.9969037E+10    24179.24       0.1307750       0.3157901E-34   0.2551537E-15   0.6667001       0.3447251E-17   0.3332999       0.4401006E-13   0.4867698E-11   0.1707450E-16   0.4867905E-11    0.000000    
   0.4978274E-09    595.5098       0.9969037E+10    24179.24       0.1307751       0.3181891E-34   0.2551539E-15   0.6667001       0.3473436E-17   0.3332999       0.4401006E-13   0.5379042E-11   0.2085039E-16   0.5379244E-11    0.000000    
   0.5447656E-09    595.5098       0.9969037E+10    24179.24       0.1307751       0.3198189E-34   0.2551541E-15   0.6667001       0.3491224E-17   0.3332999       0.4401006E-13   0.5890385E-11   0.2500328E-16   0.5890582E-11    0.000000    
   0.6386422E-09    595.5098       0.9969037E+10    24179.24       0.1307752       0.3217435E-34   0.2551544E-15   0.6667001       0.3512227E-17   0.3332999       0.4401006E-13   0.6913073E-11   0.3444017E-16   0.6913259E-11    0.000000    
   0.7325187E-09    595.5098       0.9969037E+10    24179.24       0.1307754       0.3225013E-34   0.2551548E-15   0.6667001       0.3520493E-17   0.3332999       0.4401006E-13   0.7935761E-11   0.4538539E-16   0.7935936E-11    0.000000    
   0.8263952E-09    595.5098       0.9969037E+10    24179.24       0.1307755       0.3227697E-34   0.2551552E-15   0.6667001       0.3523418E-17   0.3332999       0.4401006E-13   0.8958449E-11   0.5783913E-16   0.8958613E-11    0.000000    
   0.1014148E-08    595.5098       0.9969037E+10    24179.24       0.1307757       0.3227114E-34   0.2551559E-15   0.6667001       0.3522772E-17   0.3332999       0.4401006E-13   0.1100382E-10   0.8727305E-16   0.1100397E-10    0.000000    
   0.1183126E-08    595.5098       0.9969037E+10    24179.24       0.1307759       0.3227818E-34   0.2551566E-15   0.6667001       0.3523530E-17   0.3332999       0.4401006E-13   0.1284466E-10   0.1189249E-15   0.1284479E-10    0.000000    
   0.1352104E-08    595.5098       0.9969037E+10    24179.24       0.1307761       0.3229477E-34   0.2551573E-15   0.6667001       0.3525332E-17   0.3332999       0.4401006E-13   0.1468550E-10   0.1554676E-15   0.1468560E-10    0.000000    
   0.1521082E-08    595.5098       0.9969037E+10    24179.24       0.1307763       0.3230601E-34   0.2551580E-15   0.6667001       0.3526549E-17   0.3332999       0.4401006E-13   0.1652634E-10   0.1969025E-15   0.1652642E-10    0.000000    
   0.1859037E-08    595.5098       0.9969037E+10    24179.24       0.1307767       0.3231533E-34   0.2551593E-15   0.6667001       0.3527547E-17   0.3332999       0.4401006E-13   0.2020801E-10   0.2944535E-15   0.2020806E-10    0.000000    
   0.2196993E-08    595.5098       0.9969037E+10    24179.24       0.1307770       0.3231190E-34   0.2551607E-15   0.6667001       0.3527154E-17   0.3332999       0.4401006E-13   0.2388969E-10   0.4115878E-15   0.2388970E-10    0.000000    
   0.2872904E-08    595.5098       0.9969037E+10    24179.24       0.1307778       0.3230779E-34   0.2551634E-15   0.6667001       0.3526669E-17   0.3332999       0.4401006E-13   0.3125304E-10   0.7046455E-15   0.3125297E-10    0.000000    
   0.3548815E-08    595.5098       0.9969037E+10    24179.24       0.1307786       0.3230905E-34   0.2551661E-15   0.6667001       0.3526769E-17   0.3332999       0.4401006E-13   0.3861639E-10   0.1076154E-14   0.3861625E-10    0.000000    
   0.4224726E-08    595.5098       0.9969037E+10    24179.24       0.1307794       0.3231115E-34   0.2551688E-15   0.6667001       0.3526960E-17   0.3332999       0.4401006E-13   0.4597974E-10   0.1526192E-14   0.4597952E-10    0.000000    
   0.5576548E-08    595.5098       0.9969037E+10    24179.24       0.1307810       0.3231327E-34   0.2551742E-15   0.6667001       0.3527117E-17   0.3332999       0.4401006E-13   0.6070643E-10   0.2662169E-14   0.6070607E-10    0.000000    
   0.6928370E-08    595.5098       0.9969037E+10    24179.24       0.1307825       0.3231415E-34   0.2551796E-15   0.6667001       0.3527138E-17   0.3332999       0.4401006E-13   0.7543312E-10   0.4113204E-14   0.7543262E-10    0.000000    
   0.9632014E-08    595.5098       0.9969037E+10    24179.24       0.1307857       0.3231674E-34   0.2551905E-15   0.6667001       0.3527272E-17   0.3332999       0.4401006E-13   0.1048865E-09   0.7962961E-14   0.1048857E-09    0.000000    
   0.1503930E-07    595.5098       0.9969037E+10    24179.24       0.1307921       0.3232232E-34   0.2552121E-15   0.6667001       0.3527581E-17   0.3332999       0.4401006E-13   0.1637931E-09   0.1947079E-13   0.1637919E-09    0.000000    
   0.2044659E-07    595.5098       0.9969037E+10    24179.24       0.1307985       0.3232829E-34   0.2552338E-15   0.6667001       0.3527933E-17   0.3332999       0.4401006E-13   0.2226995E-09   0.3608985E-13   0.2226981E-09    0.000000    
   0.2585388E-07    595.5098       0.9969037E+10    24179.24       0.1308050       0.3233400E-34   0.2552554E-15   0.6667001       0.3528257E-17   0.3332999       0.4401007E-13   0.2816055E-09   0.5786028E-13   0.2816043E-09    0.000000    
   0.3126117E-07    595.5098       0.9969037E+10    24179.24       0.1308116       0.3233969E-34   0.2552771E-15   0.6667001       0.3528578E-17   0.3332999       0.4401007E-13   0.3405112E-09   0.8482224E-13   0.3405105E-09    0.000000    
   0.3666845E-07    595.5098       0.9969037E+10    24179.24       0.1308182       0.3234539E-34   0.2552988E-15   0.6667001       0.3528901E-17   0.3332999       0.4401007E-13   0.3994164E-09   0.1170159E-12   0.3994168E-09    0.000000    
   0.4748303E-07    595.5098       0.9969037E+10    24179.24       0.1308317       0.3235680E-34   0.2553421E-15   0.6667001       0.3529546E-17   0.3332999       0.4401007E-13   0.5172252E-09   0.1972587E-12   0.5172292E-09    0.000000    
   0.5829761E-07    595.5098       0.9969037E+10    24179.24       0.1308455       0.3236819E-34   0.2553854E-15   0.6667001       0.3530191E-17   0.3332999       0.4401007E-13   0.6350311E-09   0.2989096E-12   0.6350416E-09    0.000000    
   0.6911218E-07    595.5098       0.9969037E+10    24179.24       0.1308595       0.3237960E-34   0.2554287E-15   0.6667001       0.3530836E-17   0.3332999       0.4401007E-13   0.7528335E-09   0.4222895E-12   0.7528541E-09    0.000000    
   0.8346683E-07    595.5098       0.9969037E+10    24179.24       0.1308785       0.3239474E-34   0.2554862E-15   0.6667001       0.3531692E-17   0.3332999       0.4401007E-13   0.9091912E-09   0.6201685E-12   0.9092315E-09    0.000000    
   0.9782147E-07    595.5098       0.9969037E+10    24179.24       0.1308979       0.3240988E-34   0.2555437E-15   0.6667001       0.3532548E-17   0.3332999       0.4401007E-13   0.1065540E-08   0.8576448E-12   0.1065609E-08    0.000000    
   0.1121761E-06    595.5098       0.9969037E+10    24179.24       0.1309178       0.3242503E-34   0.2556012E-15   0.6667001       0.3533404E-17   0.3332999       0.4401007E-13   0.1221879E-08   0.1135467E-11   0.1221986E-08    0.000000    
   0.1265308E-06    595.5098       0.9969037E+10    24179.24       0.1309382       0.3244018E-34   0.2556586E-15   0.6667001       0.3534260E-17   0.3332999       0.4401007E-13   0.1378206E-08   0.1454385E-11   0.1378364E-08    0.000000    
   0.1408854E-06    595.5098       0.9969037E+10    24179.24       0.1309591       0.3245533E-34   0.2557161E-15   0.6667001       0.3535116E-17   0.3332999       0.4401007E-13   0.1534519E-08   0.1815145E-11   0.1534741E-08    0.000000    
   0.1552400E-06    595.5098       0.9969037E+10    24179.24       0.1309804       0.3247048E-34   0.2557736E-15   0.6667001       0.3535972E-17   0.3332999       0.4401007E-13   0.1690818E-08   0.2218494E-11   0.1691119E-08    0.000000    
   0.1839493E-06    595.5098       0.9969037E+10    24179.24       0.1310244       0.3250080E-34   0.2558885E-15   0.6667001       0.3537684E-17   0.3332999       0.4401008E-13   0.2003366E-08   0.3155950E-11   0.2003874E-08    0.000000    
   0.2126586E-06    595.5098       0.9969037E+10    24179.24       0.1310703       0.3253112E-34   0.2560034E-15   0.6667001       0.3539395E-17   0.3332999       0.4401008E-13   0.2315837E-08   0.4272716E-11   0.2316629E-08    0.000000    
   0.2413679E-06    595.5098       0.9969037E+10    24179.24       0.1311180       0.3256145E-34   0.2561182E-15   0.6667001       0.3541106E-17   0.3332999       0.4401008E-13   0.2628219E-08   0.5574746E-11   0.2629384E-08    0.000000    
   0.2700772E-06    595.5098       0.9969037E+10    24179.24       0.1311676       0.3259177E-34   0.2562331E-15   0.6667001       0.3542815E-17   0.3332999       0.4401008E-13   0.2940499E-08   0.7067983E-11   0.2942140E-08    0.000000    
   0.3274958E-06    595.5098       0.9969037E+10    24179.24       0.1312722       0.3265246E-34   0.2564626E-15   0.6667001       0.3546236E-17   0.3332999       0.4401009E-13   0.3564710E-08   0.1065178E-10   0.3567650E-08    0.000000    
   0.3849143E-06    595.5098       0.9969037E+10    24179.24       0.1313841       0.3271315E-34   0.2566919E-15   0.6667001       0.3549652E-17   0.3332999       0.4401009E-13   0.4188374E-08   0.1507135E-10   0.4193161E-08    0.000000    
   0.4423329E-06    595.5099       0.9969037E+10    24179.24       0.1315034       0.3277383E-34   0.2569209E-15   0.6667001       0.3553066E-17   0.3332999       0.4401010E-13   0.4811396E-08   0.2037371E-10   0.4818672E-08    0.000000    
   0.4997515E-06    595.5099       0.9969037E+10    24179.24       0.1316298       0.3283450E-34   0.2571497E-15   0.6667001       0.3556476E-17   0.3332999       0.4401010E-13   0.5433681E-08   0.2660557E-10   0.5444184E-08    0.000000    
   0.5571701E-06    595.5099       0.9969038E+10    24179.24       0.1317635       0.3289515E-34   0.2573782E-15   0.6667001       0.3559882E-17   0.3332999       0.4401011E-13   0.6055135E-08   0.3381334E-10   0.6069695E-08    0.000000    
   0.6145887E-06    595.5099       0.9969038E+10    24179.24       0.1319043       0.3295578E-34   0.2576064E-15   0.6667001       0.3563284E-17   0.3332999       0.4401011E-13   0.6675665E-08   0.4204310E-10   0.6695207E-08    0.000000    
   0.6720072E-06    595.5099       0.9969038E+10    24179.24       0.1320521       0.3301636E-34   0.2578342E-15   0.6667001       0.3566680E-17   0.3332999       0.4401011E-13   0.7295177E-08   0.5134054E-10   0.7320719E-08    0.000000    
   0.7294258E-06    595.5099       0.9969038E+10    24179.24       0.1322070       0.3307689E-34   0.2580616E-15   0.6667001       0.3570071E-17   0.3332999       0.4401012E-13   0.7913578E-08   0.6175098E-10   0.7946231E-08    0.000000    
   0.7868444E-06    595.5099       0.9969038E+10    24179.24       0.1323689       0.3313736E-34   0.2582885E-15   0.6667001       0.3573455E-17   0.3332999       0.4401012E-13   0.8530777E-08   0.7331932E-10   0.8571744E-08    0.000000    
   0.8442630E-06    595.5099       0.9969038E+10    24179.24       0.1325376       0.3319777E-34   0.2585149E-15   0.6667001       0.3576833E-17   0.3332999       0.4401013E-13   0.9146683E-08   0.8609000E-10   0.9197257E-08    0.000000    
   0.9016815E-06    595.5099       0.9969038E+10    24179.24       0.1327132       0.3325810E-34   0.2587409E-15   0.6667001       0.3580203E-17   0.3332999       0.4401013E-13   0.9761205E-08   0.1001070E-09   0.9822770E-08    0.000000    
   0.9591001E-06    595.5099       0.9969038E+10    24179.24       0.1328955       0.3331834E-34   0.2589663E-15   0.6667001       0.3583566E-17   0.3332999       0.4401014E-13   0.1037425E-07   0.1154138E-09   0.1044828E-07    0.000000    
   0.1016519E-05    595.5099       0.9969038E+10    24179.24       0.1330845       0.3337849E-34   0.2591911E-15   0.6667001       0.3586921E-17   0.3332999       0.4401014E-13   0.1098574E-07   0.1320534E-09   0.1107380E-07    0.000000    
   0.1073937E-05    595.5099       0.9969039E+10    24179.24       0.1332800       0.3343853E-34   0.2594154E-15   0.6667001       0.3590268E-17   0.3332999       0.4401015E-13   0.1159558E-07   0.1500681E-09   0.1169931E-07    0.000000    
   0.1131356E-05    595.5099       0.9969039E+10    24179.24       0.1334821       0.3349846E-34   0.2596390E-15   0.6667001       0.3593605E-17   0.3332999       0.4401015E-13   0.1220368E-07   0.1694999E-09   0.1232482E-07    0.000000    
   0.1188774E-05    595.5099       0.9969039E+10    24179.24       0.1336906       0.3355827E-34   0.2598619E-15   0.6667001       0.3596932E-17   0.3332999       0.4401016E-13   0.1280996E-07   0.1903899E-09   0.1295034E-07    0.000000    
   0.1246193E-05    595.5099       0.9969039E+10    24179.24       0.1339053       0.3361795E-34   0.2600841E-15   0.6667001       0.3600250E-17   0.3332999       0.4401016E-13   0.1341433E-07   0.2127789E-09   0.1357585E-07    0.000000    
   0.1303612E-05    595.5100       0.9969039E+10    24179.24       0.1341263       0.3367749E-34   0.2603056E-15   0.6667001       0.3603557E-17   0.3332999       0.4401017E-13   0.1401671E-07   0.2367068E-09   0.1420137E-07    0.000000    
   0.1361030E-05    595.5100       0.9969039E+10    24179.24       0.1343534       0.3373688E-34   0.2605263E-15   0.6667001       0.3606853E-17   0.3332999       0.4401017E-13   0.1461702E-07   0.2622130E-09   0.1482688E-07    0.000000    
   0.1418449E-05    595.5100       0.9969039E+10    24179.24       0.1345865       0.3379611E-34   0.2607463E-15   0.6667001       0.3610137E-17   0.3332999       0.4401018E-13   0.1521517E-07   0.2893362E-09   0.1545240E-07    0.000000    
   0.1475867E-05    595.5100       0.9969039E+10    24179.24       0.1348255       0.3385517E-34   0.2609654E-15   0.6667001       0.3613410E-17   0.3332999       0.4401018E-13   0.1581109E-07   0.3181144E-09   0.1607791E-07    0.000000    
   0.1533286E-05    595.5100       0.9969039E+10    24179.24       0.1350703       0.3391407E-34   0.2611836E-15   0.6667001       0.3616671E-17   0.3332999       0.4401019E-13   0.1640470E-07   0.3485848E-09   0.1670343E-07    0.000000    
   0.1590704E-05    595.5100       0.9969039E+10    24179.24       0.1353208       0.3397277E-34   0.2614010E-15   0.6667001       0.3619918E-17   0.3332999       0.4401019E-13   0.1699592E-07   0.3807839E-09   0.1732894E-07    0.000000    
   0.1648123E-05    595.5100       0.9969040E+10    24179.24       0.1355769       0.3403129E-34   0.2616175E-15   0.6667001       0.3623153E-17   0.3332999       0.4401020E-13   0.1758467E-07   0.4147477E-09   0.1795446E-07    0.000000    
   0.1705542E-05    595.5100       0.9969040E+10    24179.24       0.1358384       0.3408961E-34   0.2618331E-15   0.6667001       0.3626374E-17   0.3332999       0.4401020E-13   0.1817089E-07   0.4505111E-09   0.1857998E-07    0.000000    
   0.1762960E-05    595.5100       0.9969040E+10    24179.24       0.1361053       0.3414773E-34   0.2620476E-15   0.6667001       0.3629581E-17   0.3332999       0.4401021E-13   0.1875448E-07   0.4881084E-09   0.1920549E-07    0.000000    
   0.1820379E-05    595.5100       0.9969040E+10    24179.24       0.1363773       0.3420563E-34   0.2622612E-15   0.6667001       0.3632774E-17   0.3332999       0.4401021E-13   0.1933540E-07   0.5275730E-09   0.1983101E-07    0.000000    
   0.1877797E-05    595.5100       0.9969040E+10    24179.24       0.1366545       0.3426330E-34   0.2624738E-15   0.6667000       0.3635952E-17   0.3332999       0.4401022E-13   0.1991356E-07   0.5689377E-09   0.2045653E-07    0.000000    
   0.1935216E-05    595.5100       0.9969040E+10    24179.24       0.1369366       0.3432075E-34   0.2626854E-15   0.6667000       0.3639115E-17   0.3332999       0.4401022E-13   0.2048889E-07   0.6122343E-09   0.2108204E-07    0.000000    
   0.2050053E-05    595.5100       0.9969040E+10    24179.24       0.1375152       0.3443493E-34   0.2631053E-15   0.6667000       0.3645393E-17   0.3332999       0.4401023E-13   0.2163082E-07   0.7047463E-09   0.2233308E-07    0.000000    
   0.2153406E-05    595.5101       0.9969041E+10    24179.24       0.1380517       0.3453682E-34   0.2634794E-15   0.6667000       0.3650989E-17   0.3332999       0.4401025E-13   0.2264824E-07   0.7949166E-09   0.2345901E-07    0.000000    
   0.2256760E-05    595.5101       0.9969041E+10    24179.24       0.1386022       0.3463786E-34   0.2638498E-15   0.6667000       0.3656530E-17   0.3332999       0.4401026E-13   0.2365551E-07   0.8918030E-09   0.2458494E-07    0.000000    
   0.2360113E-05    595.5101       0.9969041E+10    24179.24       0.1391660       0.3473801E-34   0.2642163E-15   0.6667000       0.3662014E-17   0.3332999       0.4401027E-13   0.2465229E-07   0.9955606E-09   0.2571088E-07    0.000000    
   0.2463467E-05    595.5101       0.9969041E+10    24179.24       0.1397423       0.3483722E-34   0.2645789E-15   0.6667000       0.3667440E-17   0.3332999       0.4401028E-13   0.2563825E-07   0.1106335E-08   0.2683681E-07    0.000000    
   0.2566820E-05    595.5101       0.9969041E+10    24179.24       0.1403304       0.3493546E-34   0.2649373E-15   0.6667000       0.3672806E-17   0.3332999       0.4401029E-13   0.2661309E-07   0.1224262E-08   0.2796275E-07    0.000000    
   0.2670174E-05    595.5101       0.9969042E+10    24179.24       0.1409293       0.3503270E-34   0.2652916E-15   0.6667000       0.3678110E-17   0.3332999       0.4401030E-13   0.2757652E-07   0.1349469E-08   0.2908869E-07    0.000000    
   0.2773527E-05    595.5101       0.9969042E+10    24179.24       0.1415382       0.3512891E-34   0.2656416E-15   0.6667000       0.3683351E-17   0.3332999       0.4401031E-13   0.2852825E-07   0.1482073E-08   0.3021462E-07    0.000000    
   0.2876881E-05    595.5101       0.9969042E+10    24179.24       0.1421565       0.3522404E-34   0.2659872E-15   0.6667000       0.3688527E-17   0.3332999       0.4401033E-13   0.2946805E-07   0.1622183E-08   0.3134056E-07    0.000000    
   0.2980234E-05    595.5102       0.9969042E+10    24179.24       0.1427833       0.3531808E-34   0.2663283E-15   0.6667000       0.3693637E-17   0.3332999       0.4401034E-13   0.3039566E-07   0.1769896E-08   0.3246650E-07    0.000000    
   0.3083587E-05    595.5102       0.9969042E+10    24179.24       0.1434177       0.3541100E-34   0.2666648E-15   0.6667000       0.3698680E-17   0.3332999       0.4401035E-13   0.3131088E-07   0.1925301E-08   0.3359244E-07    0.000000    
   0.3186941E-05    595.5102       0.9969043E+10    24179.24       0.1440591       0.3550276E-34   0.2669968E-15   0.6667000       0.3703654E-17   0.3332999       0.4401037E-13   0.3221351E-07   0.2088480E-08   0.3471838E-07    0.000000    
   0.3290294E-05    595.5102       0.9969043E+10    24179.24       0.1447065       0.3559336E-34   0.2673240E-15   0.6667000       0.3708559E-17   0.3332999       0.4401038E-13   0.3310336E-07   0.2259501E-08   0.3584432E-07    0.000000    
   0.3393648E-05    595.5102       0.9969043E+10    24179.24       0.1453593       0.3568275E-34   0.2676465E-15   0.6667000       0.3713393E-17   0.3332999       0.4401039E-13   0.3398026E-07   0.2438426E-08   0.3697026E-07    0.000000    
   0.3497001E-05    595.5102       0.9969043E+10    24179.24       0.1460166       0.3577093E-34   0.2679641E-15   0.6667000       0.3718157E-17   0.3332999       0.4401041E-13   0.3484408E-07   0.2625309E-08   0.3809621E-07    0.000000    
   0.3600355E-05    595.5102       0.9969043E+10    24179.24       0.1466778       0.3585788E-34   0.2682770E-15   0.6667000       0.3722848E-17   0.3332999       0.4401042E-13   0.3569467E-07   0.2820192E-08   0.3922215E-07    0.000000    
   0.3703708E-05    595.5102       0.9969044E+10    24179.24       0.1473421       0.3594358E-34   0.2685849E-15   0.6667000       0.3727466E-17   0.3332999       0.4401044E-13   0.3653194E-07   0.3023110E-08   0.4034809E-07    0.000000    
   0.3807061E-05    595.5103       0.9969044E+10    24179.24       0.1480088       0.3602801E-34   0.2688879E-15   0.6667000       0.3732012E-17   0.3332999       0.4401045E-13   0.3735577E-07   0.3234090E-08   0.4147404E-07    0.000000    
   0.3910415E-05    595.5103       0.9969044E+10    24179.24       0.1486771       0.3611116E-34   0.2691859E-15   0.6667000       0.3736483E-17   0.3332999       0.4401047E-13   0.3816609E-07   0.3453150E-08   0.4259999E-07    0.000000    
   0.4013768E-05    595.5103       0.9969044E+10    24179.24       0.1493464       0.3619302E-34   0.2694789E-15   0.6667000       0.3740881E-17   0.3332999       0.4401048E-13   0.3896285E-07   0.3680301E-08   0.4372593E-07    0.000000    
   0.4117122E-05    595.5103       0.9969044E+10    24179.24       0.1500161       0.3627358E-34   0.2697669E-15   0.6667000       0.3745204E-17   0.3332999       0.4401050E-13   0.3974598E-07   0.3915544E-08   0.4485188E-07    0.000000    
   0.4220475E-05    595.5103       0.9969045E+10    24179.24       0.1506855       0.3635283E-34   0.2700499E-15   0.6667000       0.3749452E-17   0.3332999       0.4401052E-13   0.4051545E-07   0.4158875E-08   0.4597783E-07    0.000000    
   0.4323829E-05    595.5103       0.9969045E+10    24179.24       0.1513539       0.3643076E-34   0.2703279E-15   0.6667000       0.3753626E-17   0.3332999       0.4401053E-13   0.4127125E-07   0.4410280E-08   0.4710378E-07    0.000000    
   0.4427182E-05    595.5103       0.9969045E+10    24179.24       0.1520208       0.3650737E-34   0.2706009E-15   0.6667000       0.3757725E-17   0.3332999       0.4401055E-13   0.4201337E-07   0.4669741E-08   0.4822973E-07    0.000000    
   0.4530535E-05    595.5104       0.9969045E+10    24179.24       0.1526857       0.3658265E-34   0.2708688E-15   0.6667000       0.3761749E-17   0.3332999       0.4401057E-13   0.4274181E-07   0.4937231E-08   0.4935568E-07    0.000000    
   0.4633889E-05    595.5104       0.9969045E+10    24179.24       0.1533479       0.3665661E-34   0.2711317E-15   0.6667000       0.3765698E-17   0.3332999       0.4401059E-13   0.4345661E-07   0.5212718E-08   0.5048163E-07    0.000000    
   0.4840596E-05    595.5104       0.9969046E+10    24179.24       0.1546624       0.3680053E-34   0.2716425E-15   0.6667000       0.3773373E-17   0.3332999       0.4401062E-13   0.4484539E-07   0.5787517E-08   0.5273354E-07    0.000000    
   0.5047303E-05    595.5104       0.9969046E+10    24179.24       0.1559603       0.3693915E-34   0.2721335E-15   0.6667000       0.3780751E-17   0.3332999       0.4401066E-13   0.4618014E-07   0.6393756E-08   0.5498545E-07    0.000000    
   0.5254009E-05    595.5104       0.9969047E+10    24179.24       0.1572381       0.3707248E-34   0.2726048E-15   0.6667000       0.3787837E-17   0.3332999       0.4401070E-13   0.4746143E-07   0.7030967E-08   0.5723736E-07    0.000000    
   0.5460716E-05    595.5105       0.9969047E+10    24179.24       0.1584928       0.3720058E-34   0.2730568E-15   0.6667000       0.3794633E-17   0.3332999       0.4401074E-13   0.4869001E-07   0.7698604E-08   0.5948928E-07    0.000000    
   0.5667423E-05    595.5105       0.9969048E+10    24179.24       0.1597215       0.3732350E-34   0.2734897E-15   0.6667000       0.3801144E-17   0.3332999       0.4401078E-13   0.4986677E-07   0.8396054E-08   0.6174120E-07    0.000000    
   0.5874130E-05    595.5105       0.9969048E+10    24179.24       0.1609219       0.3744133E-34   0.2739039E-15   0.6667000       0.3807376E-17   0.3332999       0.4401082E-13   0.5099272E-07   0.9122645E-08   0.6399313E-07    0.000000    
   0.6080837E-05    595.5106       0.9969049E+10    24179.24       0.1620918       0.3755415E-34   0.2742999E-15   0.6667000       0.3813334E-17   0.3332999       0.4401087E-13   0.5206898E-07   0.9877652E-08   0.6624505E-07    0.000000    
   0.6287544E-05    595.5106       0.9969049E+10    24179.24       0.1632297       0.3766206E-34   0.2746781E-15   0.6667000       0.3819026E-17   0.3332999       0.4401091E-13   0.5309677E-07   0.1066031E-07   0.6849699E-07    0.000000    
   0.6494251E-05    595.5106       0.9969050E+10    24179.24       0.1643341       0.3776519E-34   0.2750389E-15   0.6667000       0.3824458E-17   0.3332999       0.4401096E-13   0.5407738E-07   0.1146982E-07   0.7074892E-07    0.000000    
   0.6700958E-05    595.5106       0.9969050E+10    24179.24       0.1654039       0.3786364E-34   0.2753829E-15   0.6667000       0.3829637E-17   0.3332999       0.4401101E-13   0.5501215E-07   0.1230535E-07   0.7300086E-07    0.000000    
   0.6907664E-05    595.5107       0.9969051E+10    24179.24       0.1664384       0.3795755E-34   0.2757106E-15   0.6667000       0.3834572E-17   0.3332999       0.4401106E-13   0.5590251E-07   0.1316606E-07   0.7525280E-07    0.000000    
   0.7114371E-05    595.5107       0.9969051E+10    24179.24       0.1674369       0.3804705E-34   0.2760225E-15   0.6667000       0.3839269E-17   0.3332999       0.4401110E-13   0.5674987E-07   0.1405108E-07   0.7750475E-07    0.000000    
   0.7321078E-05    595.5107       0.9969051E+10    24179.24       0.1683993       0.3813228E-34   0.2763191E-15   0.6667000       0.3843738E-17   0.3332998       0.4401116E-13   0.5755573E-07   0.1495954E-07   0.7975670E-07    0.000000    
   0.7527785E-05    595.5108       0.9969052E+10    24179.24       0.1693253       0.3821338E-34   0.2766010E-15   0.6667000       0.3847986E-17   0.3332998       0.4401121E-13   0.5832157E-07   0.1589056E-07   0.8200865E-07    0.000000    
   0.7734492E-05    595.5108       0.9969052E+10    24179.24       0.1702151       0.3829049E-34   0.2768688E-15   0.6667000       0.3852021E-17   0.3332998       0.4401126E-13   0.5904887E-07   0.1684326E-07   0.8426061E-07    0.000000    
   0.7941199E-05    595.5108       0.9969053E+10    24179.24       0.1710688       0.3836376E-34   0.2771229E-15   0.6667000       0.3855851E-17   0.3332998       0.4401131E-13   0.5973914E-07   0.1781679E-07   0.8651257E-07    0.000000    
   0.8147906E-05    595.5109       0.9969053E+10    24179.24       0.1718871       0.3843334E-34   0.2773640E-15   0.6667000       0.3859485E-17   0.3332998       0.4401137E-13   0.6039386E-07   0.1881028E-07   0.8876454E-07    0.000000    
   0.8354612E-05    595.5109       0.9969054E+10    24179.24       0.1726702       0.3849936E-34   0.2775926E-15   0.6667000       0.3862931E-17   0.3332998       0.4401142E-13   0.6101449E-07   0.1982287E-07   0.9101651E-07    0.000000    
   0.8561319E-05    595.5109       0.9969054E+10    24179.24       0.1734190       0.3856198E-34   0.2778091E-15   0.6667000       0.3866197E-17   0.3332998       0.4401148E-13   0.6160251E-07   0.2085374E-07   0.9326848E-07    0.000000    
   0.8768026E-05    595.5110       0.9969055E+10    24179.24       0.1741342       0.3862133E-34   0.2780142E-15   0.6667000       0.3869290E-17   0.3332998       0.4401153E-13   0.6215931E-07   0.2190207E-07   0.9552046E-07    0.000000    
   0.8974733E-05    595.5110       0.9969055E+10    24179.24       0.1748165       0.3867756E-34   0.2782084E-15   0.6667000       0.3872218E-17   0.3332998       0.4401159E-13   0.6268632E-07   0.2296706E-07   0.9777244E-07    0.000000    
   0.9181440E-05    595.5110       0.9969056E+10    24179.24       0.1754668       0.3873081E-34   0.2783921E-15   0.6667000       0.3874989E-17   0.3332998       0.4401165E-13   0.6318487E-07   0.2404794E-07   0.1000244E-06    0.000000    
   0.9388147E-05    595.5110       0.9969056E+10    24179.24       0.1760862       0.3878120E-34   0.2785658E-15   0.6667000       0.3877610E-17   0.3332998       0.4401171E-13   0.6365632E-07   0.2514396E-07   0.1022764E-06    0.000000    
   0.9594854E-05    595.5111       0.9969057E+10    24179.24       0.1766755       0.3882888E-34   0.2787301E-15   0.6667000       0.3880088E-17   0.3332998       0.4401176E-13   0.6410193E-07   0.2625437E-07   0.1045284E-06    0.000000    
   0.9801561E-05    595.5111       0.9969057E+10    24179.24       0.1772358       0.3887396E-34   0.2788853E-15   0.6667000       0.3882430E-17   0.3332998       0.4401182E-13   0.6452297E-07   0.2737848E-07   0.1067804E-06    0.000000    
   0.1000827E-04    595.5111       0.9969058E+10    24179.24       0.1777681       0.3891657E-34   0.2790319E-15   0.6667000       0.3884642E-17   0.3332998       0.4401188E-13   0.6492063E-07   0.2851561E-07   0.1090324E-06    0.000000    
   0.1021497E-04    595.5112       0.9969058E+10    24179.24       0.1782735       0.3895684E-34   0.2791704E-15   0.6667000       0.3886732E-17   0.3332998       0.4401194E-13   0.6529609E-07   0.2966510E-07   0.1112844E-06    0.000000    
   0.1042168E-04    595.5112       0.9969059E+10    24179.24       0.1787529       0.3899487E-34   0.2793011E-15   0.6667000       0.3888705E-17   0.3332998       0.4401200E-13   0.6565047E-07   0.3082631E-07   0.1135364E-06    0.000000    
   0.1062839E-04    595.5112       0.9969059E+10    24179.24       0.1792076       0.3903079E-34   0.2794244E-15   0.6667000       0.3890567E-17   0.3332998       0.4401207E-13   0.6598484E-07   0.3199864E-07   0.1157884E-06    0.000000    
   0.1083509E-04    595.5113       0.9969060E+10    24179.24       0.1796383       0.3906469E-34   0.2795408E-15   0.6667000       0.3892324E-17   0.3332998       0.4401213E-13   0.6630025E-07   0.3318152E-07   0.1180404E-06    0.000000    
   0.1104180E-04    595.5113       0.9969060E+10    24179.24       0.1800463       0.3909669E-34   0.2796506E-15   0.6667000       0.3893981E-17   0.3332998       0.4401219E-13   0.6659768E-07   0.3437438E-07   0.1202925E-06    0.000000    
   0.1124851E-04    595.5113       0.9969061E+10    24179.24       0.1804325       0.3912688E-34   0.2797542E-15   0.6667000       0.3895544E-17   0.3332998       0.4401225E-13   0.6687808E-07   0.3557669E-07   0.1225445E-06    0.000000    
   0.1145522E-04    595.5114       0.9969061E+10    24179.24       0.1807979       0.3915535E-34   0.2798518E-15   0.6667000       0.3897018E-17   0.3332998       0.4401232E-13   0.6714237E-07   0.3678794E-07   0.1247965E-06    0.000000    
   0.1166192E-04    595.5114       0.9969062E+10    24179.24       0.1811434       0.3918220E-34   0.2799438E-15   0.6667000       0.3898407E-17   0.3332998       0.4401238E-13   0.6739141E-07   0.3800765E-07   0.1270485E-06    0.000000    
   0.1186863E-04    595.5114       0.9969062E+10    24179.24       0.1814700       0.3920751E-34   0.2800305E-15   0.6667000       0.3899717E-17   0.3332998       0.4401244E-13   0.6762604E-07   0.3923535E-07   0.1293006E-06    0.000000    
   0.1207534E-04    595.5115       0.9969063E+10    24179.24       0.1817786       0.3923137E-34   0.2801122E-15   0.6667000       0.3900950E-17   0.3332998       0.4401251E-13   0.6784703E-07   0.4047061E-07   0.1315526E-06    0.000000    
   0.1228204E-04    595.5115       0.9969063E+10    24179.24       0.1820701       0.3925385E-34   0.2801892E-15   0.6667000       0.3902113E-17   0.3332998       0.4401257E-13   0.6805515E-07   0.4171301E-07   0.1338047E-06    0.000000    
   0.1269546E-04    595.5116       0.9969065E+10    24179.24       0.1826051       0.3929500E-34   0.2803299E-15   0.6666999       0.3904239E-17   0.3332998       0.4401270E-13   0.6843557E-07   0.4421765E-07   0.1383088E-06    0.000000    
   0.1310887E-04    595.5116       0.9969066E+10    24179.24       0.1830814       0.3933151E-34   0.2804548E-15   0.6666999       0.3906125E-17   0.3332998       0.4401283E-13   0.6877259E-07   0.4674632E-07   0.1428129E-06    0.000000    
   0.1352228E-04    595.5117       0.9969067E+10    24179.24       0.1835051       0.3936389E-34   0.2805654E-15   0.6666999       0.3907797E-17   0.3332998       0.4401296E-13   0.6907100E-07   0.4929637E-07   0.1473170E-06    0.000000    
   0.1393570E-04    595.5118       0.9969068E+10    24179.24       0.1838814       0.3939259E-34   0.2806634E-15   0.6666999       0.3909278E-17   0.3332998       0.4401310E-13   0.6933507E-07   0.5186541E-07   0.1518212E-06    0.000000    
   0.1434911E-04    595.5118       0.9969069E+10    24179.24       0.1842154       0.3941803E-34   0.2807502E-15   0.6666999       0.3910590E-17   0.3332998       0.4401323E-13   0.6956866E-07   0.5445132E-07   0.1563253E-06    0.000000    
   0.1476253E-04    595.5119       0.9969070E+10    24179.24       0.1845117       0.3944056E-34   0.2808271E-15   0.6666999       0.3911752E-17   0.3332998       0.4401336E-13   0.6977519E-07   0.5705219E-07   0.1608295E-06    0.000000    
   0.1517594E-04    595.5120       0.9969071E+10    24179.24       0.1847743       0.3946052E-34   0.2808952E-15   0.6666999       0.3912781E-17   0.3332998       0.4401350E-13   0.6995774E-07   0.5966632E-07   0.1653337E-06    0.000000    
   0.1558935E-04    595.5120       0.9969072E+10    24179.24       0.1850069       0.3947820E-34   0.2809554E-15   0.6666999       0.3913692E-17   0.3332998       0.4401363E-13   0.7011904E-07   0.6229220E-07   0.1698379E-06    0.000000    
   0.1600277E-04    595.5121       0.9969073E+10    24179.24       0.1852129       0.3949385E-34   0.2810087E-15   0.6666999       0.3914498E-17   0.3332998       0.4401377E-13   0.7026152E-07   0.6492848E-07   0.1743421E-06    0.000000    
   0.1641618E-04    595.5121       0.9969074E+10    24179.24       0.1853951       0.3950772E-34   0.2810560E-15   0.6666999       0.3915212E-17   0.3332998       0.4401390E-13   0.7038735E-07   0.6757397E-07   0.1788464E-06    0.000000    
   0.1682959E-04    595.5122       0.9969075E+10    24179.24       0.1855563       0.3952000E-34   0.2810978E-15   0.6666999       0.3915845E-17   0.3332998       0.4401404E-13   0.7049845E-07   0.7022759E-07   0.1833507E-06    0.000000    
   0.1724301E-04    595.5123       0.9969076E+10    24179.24       0.1856989       0.3953089E-34   0.2811348E-15   0.6666999       0.3916405E-17   0.3332998       0.4401417E-13   0.7059653E-07   0.7288842E-07   0.1878549E-06    0.000000    
   0.1765642E-04    595.5123       0.9969077E+10    24179.24       0.1858250       0.3954053E-34   0.2811676E-15   0.6666999       0.3916902E-17   0.3332998       0.4401431E-13   0.7068311E-07   0.7555560E-07   0.1923592E-06    0.000000    
   0.1806984E-04    595.5124       0.9969078E+10    24179.24       0.1859364       0.3954909E-34   0.2811966E-15   0.6666999       0.3917341E-17   0.3332998       0.4401445E-13   0.7075951E-07   0.7822841E-07   0.1968635E-06    0.000000    
   0.1848325E-04    595.5125       0.9969079E+10    24179.24       0.1860349       0.3955667E-34   0.2812224E-15   0.6666999       0.3917732E-17   0.3332998       0.4401458E-13   0.7082694E-07   0.8090618E-07   0.2013679E-06    0.000000    
   0.1889666E-04    595.5125       0.9969080E+10    24179.24       0.1861219       0.3956340E-34   0.2812452E-15   0.6666999       0.3918078E-17   0.3332997       0.4401472E-13   0.7088643E-07   0.8358834E-07   0.2058722E-06    0.000000    
   0.1931008E-04    595.5126       0.9969081E+10    24179.24       0.1861988       0.3956938E-34   0.2812655E-15   0.6666999       0.3918385E-17   0.3332997       0.4401486E-13   0.7093893E-07   0.8627437E-07   0.2103766E-06    0.000000    
   0.1972349E-04    595.5127       0.9969082E+10    24179.24       0.1862667       0.3957469E-34   0.2812835E-15   0.6666999       0.3918658E-17   0.3332997       0.4401500E-13   0.7098524E-07   0.8896382E-07   0.2148810E-06    0.000000    
   0.2013690E-04    595.5127       0.9969083E+10    24179.24       0.1863267       0.3957942E-34   0.2812995E-15   0.6666999       0.3918900E-17   0.3332997       0.4401513E-13   0.7102610E-07   0.9165628E-07   0.2193853E-06    0.000000    
   0.2055032E-04    595.5128       0.9969085E+10    24179.24       0.1863798       0.3958362E-34   0.2813137E-15   0.6666999       0.3919116E-17   0.3332997       0.4401527E-13   0.7106215E-07   0.9435142E-07   0.2238898E-06    0.000000    
   0.2096373E-04    595.5129       0.9969086E+10    24179.24       0.1864266       0.3958737E-34   0.2813263E-15   0.6666999       0.3919309E-17   0.3332997       0.4401541E-13   0.7109395E-07   0.9704890E-07   0.2283942E-06    0.000000    
   0.2137715E-04    595.5129       0.9969087E+10    24179.24       0.1864681       0.3959072E-34   0.2813376E-15   0.6666999       0.3919480E-17   0.3332997       0.4401555E-13   0.7112201E-07   0.9974846E-07   0.2328986E-06    0.000000    
   0.2179056E-04    595.5130       0.9969088E+10    24179.24       0.1865047       0.3959371E-34   0.2813477E-15   0.6666999       0.3919633E-17   0.3332997       0.4401568E-13   0.7114676E-07   0.1024499E-06   0.2374031E-06    0.000000    
   0.2220397E-04    595.5131       0.9969089E+10    24179.24       0.1865370       0.3959638E-34   0.2813567E-15   0.6666999       0.3919770E-17   0.3332997       0.4401582E-13   0.7116860E-07   0.1051529E-06   0.2419076E-06    0.000000    
   0.2261739E-04    595.5131       0.9969090E+10    24179.24       0.1865656       0.3959878E-34   0.2813647E-15   0.6666999       0.3919893E-17   0.3332997       0.4401596E-13   0.7118787E-07   0.1078573E-06   0.2464121E-06    0.000000    
   0.2303080E-04    595.5132       0.9969091E+10    24179.24       0.1865909       0.3960094E-34   0.2813720E-15   0.6666999       0.3920003E-17   0.3332997       0.4401610E-13   0.7120487E-07   0.1105630E-06   0.2509166E-06    0.000000    
   0.2344421E-04    595.5133       0.9969092E+10    24179.24       0.1866133       0.3960288E-34   0.2813785E-15   0.6666998       0.3920102E-17   0.3332997       0.4401624E-13   0.7121987E-07   0.1132698E-06   0.2554211E-06    0.000000    
   0.2385763E-04    595.5133       0.9969093E+10    24179.24       0.1866332       0.3960463E-34   0.2813843E-15   0.6666998       0.3920192E-17   0.3332997       0.4401637E-13   0.7123312E-07   0.1159776E-06   0.2599256E-06    0.000000    
   0.2427104E-04    595.5134       0.9969094E+10    24179.24       0.1866507       0.3960621E-34   0.2813896E-15   0.6666998       0.3920272E-17   0.3332997       0.4401651E-13   0.7124481E-07   0.1186862E-06   0.2644302E-06    0.000000    
   0.2468445E-04    595.5135       0.9969095E+10    24179.24       0.1866663       0.3960764E-34   0.2813943E-15   0.6666998       0.3920345E-17   0.3332997       0.4401665E-13   0.7125513E-07   0.1213957E-06   0.2689348E-06    0.000000    
   0.2509787E-04    595.5135       0.9969096E+10    24179.24       0.1866801       0.3960895E-34   0.2813987E-15   0.6666998       0.3920412E-17   0.3332997       0.4401679E-13   0.7126424E-07   0.1241058E-06   0.2734394E-06    0.000000    
   0.2551128E-04    595.5136       0.9969097E+10    24179.24       0.1866923       0.3961014E-34   0.2814026E-15   0.6666998       0.3920472E-17   0.3332997       0.4401693E-13   0.7127229E-07   0.1268165E-06   0.2779440E-06    0.000000    
   0.2592470E-04    595.5137       0.9969098E+10    24179.24       0.1867032       0.3961122E-34   0.2814062E-15   0.6666998       0.3920528E-17   0.3332997       0.4401707E-13   0.7127940E-07   0.1295277E-06   0.2824486E-06    0.000000    
   0.2633811E-04    595.5137       0.9969099E+10    24179.24       0.1867128       0.3961222E-34   0.2814095E-15   0.6666998       0.3920578E-17   0.3332997       0.4401720E-13   0.7128569E-07   0.1322394E-06   0.2869532E-06    0.000000    
   0.2675152E-04    595.5138       0.9969100E+10    24179.24       0.1867214       0.3961314E-34   0.2814125E-15   0.6666998       0.3920625E-17   0.3332997       0.4401734E-13   0.7129124E-07   0.1349515E-06   0.2914579E-06    0.000000    
   0.2716494E-04    595.5139       0.9969102E+10    24179.24       0.1867291       0.3961399E-34   0.2814153E-15   0.6666998       0.3920668E-17   0.3332997       0.4401748E-13   0.7129616E-07   0.1376639E-06   0.2959626E-06    0.000000    
   0.2757835E-04    595.5139       0.9969103E+10    24179.24       0.1867359       0.3961478E-34   0.2814178E-15   0.6666998       0.3920708E-17   0.3332997       0.4401762E-13   0.7130050E-07   0.1403767E-06   0.3004673E-06    0.000000    
   0.2799176E-04    595.5140       0.9969104E+10    24179.24       0.1867420       0.3961552E-34   0.2814202E-15   0.6666998       0.3920745E-17   0.3332997       0.4401776E-13   0.7130435E-07   0.1430898E-06   0.3049720E-06    0.000000    
   0.2840518E-04    595.5141       0.9969105E+10    24179.24       0.1867474       0.3961621E-34   0.2814224E-15   0.6666998       0.3920780E-17   0.3332997       0.4401790E-13   0.7130775E-07   0.1458031E-06   0.3094767E-06    0.000000    
   0.2881859E-04    595.5141       0.9969106E+10    24179.24       0.1867523       0.3961686E-34   0.2814245E-15   0.6666998       0.3920812E-17   0.3332997       0.4401803E-13   0.7131077E-07   0.1485167E-06   0.3139814E-06    0.000000    
   0.2911117E-04    595.5142       0.9969107E+10    24179.24       0.1867555       0.3961729E-34   0.2814259E-15   0.6666998       0.3920834E-17   0.3332997       0.4401813E-13   0.7131270E-07   0.1504372E-06   0.3171695E-06    0.000000    
