  "Time"          "Temp"          "Pres"          "Dens"          "Th_MIX"        "X_OH*"         "X_H"           "X_H2"          "X_O"           "X_O2"          "X_OH"          "X_HO2"         "X_H2O2"        "X_H2O"         "X_AR"         
  "s"             "K"             "Pa"            "kg/m3"         "s"             "none"          "none"          "none"          "none"          "none"          "none"          "none"          "none"          "none"          "none"         
    0.000000        854.3021       0.2744021E+11    7787.838       0.2681486E-05   0.6102683E-35   0.2175820E-11    1.000000       0.8082562E-23   0.2562389E-10   0.1767761E-19   0.6385347E-15   0.1521217E-12   0.4406977E-11    0.000000    
   0.1638459E-12    854.3021       0.2744021E+11    7787.838       0.2681486E-05   0.6102679E-35   0.2175820E-11    1.000000       0.8082562E-23   0.2562389E-10   0.1767761E-19   0.6385348E-15   0.1521217E-12   0.4406977E-11    0.000000    
   0.4915378E-12    854.3021       0.2744021E+11    7787.838       0.2681486E-05   0.6102576E-35   0.2175820E-11    1.000000       0.8082561E-23   0.2562389E-10   0.1767761E-19   0.6385349E-15   0.1521217E-12   0.4406977E-11    0.000000    
   0.1146921E-11    854.3021       0.2744021E+11    7787.838       0.2681486E-05   0.6102684E-35   0.2175820E-11    1.000000       0.8082560E-23   0.2562389E-10   0.1767761E-19   0.6385352E-15   0.1521217E-12   0.4406977E-11    0.000000    
   0.2457689E-11    854.3021       0.2744021E+11    7787.838       0.2681485E-05   0.6102675E-35   0.2175819E-11    1.000000       0.8082559E-23   0.2562389E-10   0.1767761E-19   0.6385358E-15   0.1521217E-12   0.4406977E-11    0.000000    
   0.5079223E-11    854.3021       0.2744021E+11    7787.838       0.2681483E-05   0.6102671E-35   0.2175819E-11    1.000000       0.8082556E-23   0.2562389E-10   0.1767761E-19   0.6385370E-15   0.1521218E-12   0.4406977E-11    0.000000    
   0.1032229E-10    854.3021       0.2744021E+11    7787.838       0.2681480E-05   0.6102664E-35   0.2175817E-11    1.000000       0.8082551E-23   0.2562389E-10   0.1767761E-19   0.6385393E-15   0.1521219E-12   0.4406978E-11    0.000000    
   0.2080843E-10    854.3021       0.2744021E+11    7787.838       0.2681473E-05   0.6102649E-35   0.2175815E-11    1.000000       0.8082542E-23   0.2562389E-10   0.1767761E-19   0.6385440E-15   0.1521220E-12   0.4406978E-11    0.000000    
   0.4178071E-10    854.3021       0.2744021E+11    7787.838       0.2681459E-05   0.6102621E-35   0.2175809E-11    1.000000       0.8082524E-23   0.2562389E-10   0.1767761E-19   0.6385534E-15   0.1521224E-12   0.4406979E-11    0.000000    
   0.8372526E-10    854.3021       0.2744021E+11    7787.838       0.2681432E-05   0.6102564E-35   0.2175798E-11    1.000000       0.8082489E-23   0.2562389E-10   0.1767760E-19   0.6385721E-15   0.1521231E-12   0.4406981E-11    0.000000    
   0.1676144E-09    854.3021       0.2744021E+11    7787.838       0.2681377E-05   0.6102449E-35   0.2175777E-11    1.000000       0.8082418E-23   0.2562388E-10   0.1767760E-19   0.6386094E-15   0.1521245E-12   0.4406986E-11    0.000000    
   0.3353926E-09    854.3021       0.2744021E+11    7787.838       0.2681267E-05   0.6102221E-35   0.2175733E-11    1.000000       0.8082276E-23   0.2562388E-10   0.1767760E-19   0.6386838E-15   0.1521273E-12   0.4406995E-11    0.000000    
   0.6709490E-09    854.3021       0.2744021E+11    7787.838       0.2681048E-05   0.6101763E-35   0.2175647E-11    1.000000       0.8081992E-23   0.2562386E-10   0.1767759E-19   0.6388314E-15   0.1521329E-12   0.4407012E-11    0.000000    
   0.1342062E-08    854.3021       0.2744021E+11    7787.838       0.2680611E-05   0.6100848E-35   0.2175474E-11    1.000000       0.8081422E-23   0.2562383E-10   0.1767757E-19   0.6391221E-15   0.1521441E-12   0.4407047E-11    0.000000    
   0.2684288E-08    854.3021       0.2744021E+11    7787.838       0.2679737E-05   0.6099014E-35   0.2175128E-11    1.000000       0.8080277E-23   0.2562377E-10   0.1767753E-19   0.6396858E-15   0.1521666E-12   0.4407117E-11    0.000000    
   0.4026513E-08    854.3021       0.2744021E+11    7787.838       0.2678866E-05   0.6097176E-35   0.2174782E-11    1.000000       0.8079127E-23   0.2562372E-10   0.1767749E-19   0.6402264E-15   0.1521890E-12   0.4407187E-11    0.000000    
   0.5368739E-08    854.3021       0.2744021E+11    7787.838       0.2677997E-05   0.6095334E-35   0.2174436E-11    1.000000       0.8077971E-23   0.2562366E-10   0.1767745E-19   0.6407447E-15   0.1522115E-12   0.4407258E-11    0.000000    
   0.6710965E-08    854.3021       0.2744021E+11    7787.838       0.2677130E-05   0.6093489E-35   0.2174091E-11    1.000000       0.8076809E-23   0.2562360E-10   0.1767742E-19   0.6412415E-15   0.1522340E-12   0.4407328E-11    0.000000    
   0.9395416E-08    854.3021       0.2744021E+11    7787.838       0.2675402E-05   0.6089789E-35   0.2173400E-11    1.000000       0.8074470E-23   0.2562348E-10   0.1767734E-19   0.6421731E-15   0.1522790E-12   0.4407468E-11    0.000000    
   0.1207987E-07    854.3021       0.2744021E+11    7787.838       0.2673682E-05   0.6086077E-35   0.2172710E-11    1.000000       0.8072111E-23   0.2562337E-10   0.1767726E-19   0.6430269E-15   0.1523241E-12   0.4407608E-11    0.000000    
   0.1476432E-07    854.3021       0.2744021E+11    7787.838       0.2671969E-05   0.6082353E-35   0.2172020E-11    1.000000       0.8069734E-23   0.2562325E-10   0.1767719E-19   0.6438085E-15   0.1523693E-12   0.4407748E-11    0.000000    
   0.1744877E-07    854.3021       0.2744021E+11    7787.838       0.2670263E-05   0.6078620E-35   0.2171331E-11    1.000000       0.8067340E-23   0.2562314E-10   0.1767711E-19   0.6445227E-15   0.1524145E-12   0.4407889E-11    0.000000    
   0.2013322E-07    854.3021       0.2744021E+11    7787.838       0.2668563E-05   0.6074878E-35   0.2170643E-11    1.000000       0.8064930E-23   0.2562302E-10   0.1767703E-19   0.6451743E-15   0.1524598E-12   0.4408029E-11    0.000000    
   0.2550213E-07    854.3021       0.2744021E+11    7787.838       0.2665183E-05   0.6067371E-35   0.2169268E-11    1.000000       0.8060069E-23   0.2562279E-10   0.1767688E-19   0.6463061E-15   0.1525504E-12   0.4408310E-11    0.000000    
   0.3087103E-07    854.3021       0.2744021E+11    7787.838       0.2661824E-05   0.6059838E-35   0.2167896E-11    1.000000       0.8055159E-23   0.2562256E-10   0.1767672E-19   0.6472346E-15   0.1526412E-12   0.4408590E-11    0.000000    
   0.3623993E-07    854.3021       0.2744021E+11    7787.838       0.2658487E-05   0.6052285E-35   0.2166525E-11    1.000000       0.8050207E-23   0.2562232E-10   0.1767657E-19   0.6479864E-15   0.1527321E-12   0.4408871E-11    0.000000    
   0.4160883E-07    854.3021       0.2744021E+11    7787.838       0.2655168E-05   0.6044717E-35   0.2165157E-11    1.000000       0.8045221E-23   0.2562209E-10   0.1767642E-19   0.6485848E-15   0.1528231E-12   0.4409151E-11    0.000000    
   0.4697774E-07    854.3021       0.2744021E+11    7787.838       0.2651866E-05   0.6037137E-35   0.2163791E-11    1.000000       0.8040205E-23   0.2562186E-10   0.1767626E-19   0.6490500E-15   0.1529142E-12   0.4409432E-11    0.000000    
   0.5234664E-07    854.3021       0.2744021E+11    7787.838       0.2648580E-05   0.6029550E-35   0.2162428E-11    1.000000       0.8035165E-23   0.2562163E-10   0.1767611E-19   0.6493995E-15   0.1530054E-12   0.4409712E-11    0.000000    
   0.6308445E-07    854.3021       0.2744021E+11    7787.838       0.2642051E-05   0.6014366E-35   0.2159707E-11    1.000000       0.8025028E-23   0.2562116E-10   0.1767580E-19   0.6498106E-15   0.1531878E-12   0.4410273E-11    0.000000    
   0.7382225E-07    854.3021       0.2744021E+11    7787.838       0.2635573E-05   0.5999185E-35   0.2156994E-11    1.000000       0.8014838E-23   0.2562070E-10   0.1767550E-19   0.6499176E-15   0.1533702E-12   0.4410834E-11    0.000000    
   0.8456006E-07    854.3021       0.2744021E+11    7787.838       0.2629139E-05   0.5984023E-35   0.2154290E-11    1.000000       0.8004615E-23   0.2562024E-10   0.1767519E-19   0.6497956E-15   0.1535527E-12   0.4411395E-11    0.000000    
   0.9529786E-07    854.3021       0.2744021E+11    7787.838       0.2622746E-05   0.5968890E-35   0.2151595E-11    1.000000       0.7994376E-23   0.2561978E-10   0.1767488E-19   0.6495017E-15   0.1537351E-12   0.4411956E-11    0.000000    
   0.1060357E-06    854.3021       0.2744021E+11    7787.838       0.2616390E-05   0.5953797E-35   0.2148907E-11    1.000000       0.7984132E-23   0.2561931E-10   0.1767458E-19   0.6490785E-15   0.1539174E-12   0.4412517E-11    0.000000    
   0.1167735E-06    854.3021       0.2744021E+11    7787.838       0.2610069E-05   0.5938748E-35   0.2146228E-11    1.000000       0.7973893E-23   0.2561885E-10   0.1767427E-19   0.6485585E-15   0.1540995E-12   0.4413078E-11    0.000000    
   0.1275113E-06    854.3021       0.2744021E+11    7787.838       0.2603780E-05   0.5923748E-35   0.2143557E-11    1.000000       0.7963664E-23   0.2561839E-10   0.1767396E-19   0.6479658E-15   0.1542816E-12   0.4413639E-11    0.000000    
   0.1382491E-06    854.3021       0.2744021E+11    7787.838       0.2597521E-05   0.5908802E-35   0.2140894E-11    1.000000       0.7953451E-23   0.2561793E-10   0.1767366E-19   0.6473189E-15   0.1544634E-12   0.4414200E-11    0.000000    
   0.1489869E-06    854.3021       0.2744021E+11    7787.838       0.2591292E-05   0.5893911E-35   0.2138240E-11    1.000000       0.7943258E-23   0.2561747E-10   0.1767335E-19   0.6466316E-15   0.1546450E-12   0.4414761E-11    0.000000    
   0.1597247E-06    854.3021       0.2744021E+11    7787.838       0.2585092E-05   0.5879077E-35   0.2135593E-11    1.000000       0.7933087E-23   0.2561701E-10   0.1767304E-19   0.6459146E-15   0.1548265E-12   0.4415322E-11    0.000000    
   0.1704625E-06    854.3021       0.2744021E+11    7787.838       0.2578920E-05   0.5864302E-35   0.2132954E-11    1.000000       0.7922940E-23   0.2561654E-10   0.1767274E-19   0.6451756E-15   0.1550077E-12   0.4415883E-11    0.000000    
   0.1812003E-06    854.3021       0.2744021E+11    7787.838       0.2572775E-05   0.5849587E-35   0.2130323E-11    1.000000       0.7912820E-23   0.2561608E-10   0.1767243E-19   0.6444206E-15   0.1551887E-12   0.4416444E-11    0.000000    
   0.1919381E-06    854.3021       0.2744021E+11    7787.838       0.2566657E-05   0.5834931E-35   0.2127699E-11    1.000000       0.7902726E-23   0.2561562E-10   0.1767213E-19   0.6436541E-15   0.1553696E-12   0.4417005E-11    0.000000    
   0.2026759E-06    854.3021       0.2744021E+11    7787.838       0.2560565E-05   0.5820336E-35   0.2125084E-11    1.000000       0.7892660E-23   0.2561516E-10   0.1767182E-19   0.6428796E-15   0.1555502E-12   0.4417566E-11    0.000000    
   0.2134137E-06    854.3021       0.2744021E+11    7787.838       0.2554500E-05   0.5805802E-35   0.2122477E-11    1.000000       0.7882622E-23   0.2561470E-10   0.1767152E-19   0.6420996E-15   0.1557305E-12   0.4418127E-11    0.000000    
   0.2348893E-06    854.3021       0.2744021E+11    7787.838       0.2542446E-05   0.5776914E-35   0.2117285E-11    1.000000       0.7862634E-23   0.2561378E-10   0.1767091E-19   0.6405301E-15   0.1560906E-12   0.4419249E-11    0.000000    
   0.2563650E-06    854.3021       0.2744021E+11    7787.838       0.2530493E-05   0.5748267E-35   0.2112124E-11    1.000000       0.7842762E-23   0.2561286E-10   0.1767030E-19   0.6389562E-15   0.1564499E-12   0.4420371E-11    0.000000    
   0.2778406E-06    854.3021       0.2744021E+11    7787.838       0.2518640E-05   0.5719861E-35   0.2106993E-11    1.000000       0.7823008E-23   0.2561195E-10   0.1766969E-19   0.6373838E-15   0.1568082E-12   0.4421492E-11    0.000000    
   0.2993162E-06    854.3021       0.2744021E+11    7787.838       0.2506885E-05   0.5691692E-35   0.2101893E-11    1.000000       0.7803371E-23   0.2561103E-10   0.1766908E-19   0.6358165E-15   0.1571656E-12   0.4422614E-11    0.000000    
   0.3207918E-06    854.3021       0.2744021E+11    7787.838       0.2495228E-05   0.5663760E-35   0.2096823E-11    1.000000       0.7783851E-23   0.2561011E-10   0.1766847E-19   0.6342560E-15   0.1575222E-12   0.4423736E-11    0.000000    
   0.3422674E-06    854.3021       0.2744021E+11    7787.838       0.2483666E-05   0.5636060E-35   0.2091783E-11    1.000000       0.7764447E-23   0.2560920E-10   0.1766786E-19   0.6327032E-15   0.1578779E-12   0.4424857E-11    0.000000    
   0.3637430E-06    854.3021       0.2744021E+11    7787.838       0.2472199E-05   0.5608591E-35   0.2086772E-11    1.000000       0.7745159E-23   0.2560829E-10   0.1766726E-19   0.6311586E-15   0.1582327E-12   0.4425979E-11    0.000000    
   0.3852186E-06    854.3021       0.2744021E+11    7787.838       0.2460826E-05   0.5581351E-35   0.2081790E-11    1.000000       0.7725985E-23   0.2560737E-10   0.1766665E-19   0.6296226E-15   0.1585867E-12   0.4427100E-11    0.000000    
   0.4066942E-06    854.3021       0.2744021E+11    7787.838       0.2449546E-05   0.5554336E-35   0.2076837E-11    1.000000       0.7706925E-23   0.2560646E-10   0.1766604E-19   0.6280954E-15   0.1589398E-12   0.4428222E-11    0.000000    
   0.4496455E-06    854.3021       0.2744021E+11    7787.838       0.2427261E-05   0.5500974E-35   0.2067018E-11    1.000000       0.7669142E-23   0.2560464E-10   0.1766484E-19   0.6250673E-15   0.1596434E-12   0.4430465E-11    0.000000    
   0.4925967E-06    854.3021       0.2744021E+11    7787.838       0.2405334E-05   0.5448487E-35   0.2057312E-11    1.000000       0.7631802E-23   0.2560282E-10   0.1766363E-19   0.6220739E-15   0.1603436E-12   0.4432707E-11    0.000000    
   0.5355479E-06    854.3021       0.2744021E+11    7787.838       0.2383759E-05   0.5396854E-35   0.2047718E-11    1.000000       0.7594898E-23   0.2560100E-10   0.1766242E-19   0.6191149E-15   0.1610405E-12   0.4434950E-11    0.000000    
   0.5784991E-06    854.3021       0.2744021E+11    7787.838       0.2362529E-05   0.5346059E-35   0.2038234E-11    1.000000       0.7558423E-23   0.2559919E-10   0.1766122E-19   0.6161898E-15   0.1617340E-12   0.4437192E-11    0.000000    
   0.6214504E-06    854.3021       0.2744021E+11    7787.838       0.2341635E-05   0.5296082E-35   0.2028857E-11    1.000000       0.7522371E-23   0.2559738E-10   0.1766002E-19   0.6132981E-15   0.1624243E-12   0.4439435E-11    0.000000    
   0.7073528E-06    854.3021       0.2744021E+11    7787.838       0.2300829E-05   0.5198516E-35   0.2010420E-11    1.000000       0.7451504E-23   0.2559378E-10   0.1765762E-19   0.6076129E-15   0.1637952E-12   0.4443919E-11    0.000000    
   0.7932553E-06    854.3021       0.2744021E+11    7787.838       0.2261289E-05   0.5104022E-35   0.1992395E-11    1.000000       0.7382244E-23   0.2559018E-10   0.1765524E-19   0.6020551E-15   0.1651535E-12   0.4448402E-11    0.000000    
   0.8791577E-06    854.3021       0.2744021E+11    7787.838       0.2222962E-05   0.5012473E-35   0.1974769E-11    1.000000       0.7314541E-23   0.2558660E-10   0.1765286E-19   0.5966206E-15   0.1664993E-12   0.4452885E-11    0.000000    
   0.9650602E-06    854.3021       0.2744021E+11    7787.838       0.2185798E-05   0.4923748E-35   0.1957530E-11    1.000000       0.7248346E-23   0.2558303E-10   0.1765049E-19   0.5913057E-15   0.1678331E-12   0.4457367E-11    0.000000    
   0.1050963E-05    854.3021       0.2744021E+11    7787.838       0.2149753E-05   0.4837734E-35   0.1940665E-11    1.000000       0.7183612E-23   0.2557947E-10   0.1764812E-19   0.5861067E-15   0.1691551E-12   0.4461849E-11    0.000000    
   0.1136865E-05    854.3021       0.2744021E+11    7787.838       0.2114781E-05   0.4754320E-35   0.1924164E-11    1.000000       0.7120294E-23   0.2557593E-10   0.1764577E-19   0.5810200E-15   0.1704654E-12   0.4466330E-11    0.000000    
   0.1308670E-05    854.3021       0.2744021E+11    7787.838       0.2047891E-05   0.4594888E-35   0.1892208E-11    1.000000       0.6997735E-23   0.2556887E-10   0.1764108E-19   0.5711706E-15   0.1730524E-12   0.4475290E-11    0.000000    
   0.1463294E-05    854.3021       0.2744021E+11    7787.838       0.1990960E-05   0.4459311E-35   0.1864587E-11    1.000000       0.6891860E-23   0.2556256E-10   0.1763688E-19   0.5626579E-15   0.1753435E-12   0.4483352E-11    0.000000    
   0.1617919E-05    854.3021       0.2744021E+11    7787.838       0.1936911E-05   0.4330698E-35   0.1837988E-11    1.000000       0.6789953E-23   0.2555628E-10   0.1763270E-19   0.5544606E-15   0.1776007E-12   0.4491412E-11    0.000000    
   0.1772543E-05    854.3021       0.2744021E+11    7787.838       0.1885552E-05   0.4208583E-35   0.1812358E-11    1.000000       0.6691808E-23   0.2555003E-10   0.1762855E-19   0.5465628E-15   0.1798254E-12   0.4499471E-11    0.000000    
   0.1927168E-05    854.3021       0.2744021E+11    7787.838       0.1836710E-05   0.4092539E-35   0.1787649E-11    1.000000       0.6597236E-23   0.2554382E-10   0.1762442E-19   0.5389494E-15   0.1820186E-12   0.4507527E-11    0.000000    
   0.2000000E-05    854.3021       0.2744021E+11    7787.838       0.1814529E-05   0.4039868E-35   0.1776317E-11    1.000000       0.6553877E-23   0.2554090E-10   0.1762248E-19   0.5354578E-15   0.1830410E-12   0.4511321E-11    0.000000    
