  "Time"          "Temp"          "Pres"          "Dens"          "Th_MIX"        "X_OH*"         "X_H"           "X_H2"          "X_O"           "X_O2"          "X_OH"          "X_HO2"         "X_H2O2"        "X_H2O"         "X_AR"         
  "s"             "K"             "Pa"            "kg/m3"         "s"             "none"          "none"          "none"          "none"          "none"          "none"          "none"          "none"          "none"          "none"         
    0.000000        595.5098       0.9969037E+10    24179.22      -0.2353841E-01    0.000000        0.000000       0.6667003        0.000000       0.3332997        0.000000        0.000000        0.000000        0.000000        0.000000    
   0.1074892E-17    595.5098       0.9969037E+10    24179.22      -0.2353840E-01   0.3424094E-57   0.6422657E-25   0.6667003       0.8203138E-35   0.3332997       0.1170965E-19   0.6111689E-25   0.1031127E-38   0.3115577E-26    0.000000    
   0.3224677E-17    595.5098       0.9969037E+10    24179.22      -0.2353838E-01   0.1858591E-56   0.2002385E-24   0.6667003       0.4566713E-34   0.3332997       0.3512893E-19   0.1833582E-24   0.5597716E-38   0.1691313E-25    0.000000    
   0.7524247E-17    595.5098       0.9969037E+10    24179.22      -0.2353834E-01   0.9068467E-56   0.5102556E-24   0.6667003       0.2350625E-33   0.3332997       0.8196747E-19   0.4278820E-24   0.2732092E-37   0.8254251E-25    0.000000    
   0.1612339E-16    595.5098       0.9969037E+10    24179.22      -0.2353826E-01   0.3937340E-55   0.1274922E-23   0.6667003       0.1178908E-32   0.3332997       0.1756444E-18   0.9171327E-24   0.1187352E-36   0.3586370E-24    0.000000    
   0.3332167E-16    595.5098       0.9969037E+10    24179.22      -0.2353809E-01   0.1653999E-54   0.3400850E-23   0.6667003       0.6190206E-32   0.3332997       0.3629976E-18   0.1896756E-23   0.4997328E-36   0.1508542E-23    0.000000    
   0.6771822E-16    595.5098       0.9969037E+10    24179.22      -0.2353776E-01   0.6777010E-54   0.1003422E-22   0.6667003       0.3548338E-31   0.3332997       0.7377017E-18   0.3862928E-23   0.2056270E-35   0.6196794E-23    0.000000    
   0.1365113E-15    595.5098       0.9969037E+10    24179.22      -0.2353709E-01   0.2737522E-53   0.3282326E-22   0.6667003       0.2253167E-30   0.3332997       0.1487100E-17   0.7842432E-23   0.8388282E-35   0.2514276E-22    0.000000    
   0.2740976E-15    595.5098       0.9969037E+10    24179.22      -0.2353574E-01   0.1102340E-52   0.1163359E-21   0.6667003       0.1561477E-29   0.3332997       0.2985859E-17   0.1614513E-22   0.3444005E-34   0.1013130E-21    0.000000    
   0.5492700E-15    595.5098       0.9969037E+10    24179.22      -0.2353297E-01   0.4914441E-52   0.4338761E-21   0.6667003       0.1148470E-28   0.3332997       0.5983224E-17   0.3535594E-22   0.1477984E-33   0.4067737E-21    0.000000    
   0.1099615E-14    595.5098       0.9969037E+10    24179.22      -0.2352715E-01   0.5161868E-51   0.1661272E-20   0.6667003       0.8730167E-28   0.3332997       0.1197734E-16   0.9388912E-22   0.7379326E-33   0.1630122E-20    0.000000    
   0.2200305E-14    595.5098       0.9969037E+10    24179.22      -0.2351449E-01   0.2011166E-49   0.6409768E-20   0.6667003       0.6718434E-27   0.3332997       0.2396313E-16   0.3665103E-21   0.5199945E-32   0.6526079E-20    0.000000    
   0.4401685E-14    595.5098       0.9969037E+10    24179.22      -0.2348527E-01   0.1017312E-47   0.2451328E-19   0.6667003       0.5143768E-26   0.3332997       0.4792490E-16   0.2098558E-20   0.5512696E-31   0.2611132E-19    0.000000    
   0.8804444E-14    595.5098       0.9969037E+10    24179.22      -0.2341307E-01   0.4617053E-46   0.9111540E-19   0.6667003       0.3843409E-25   0.3332997       0.9580932E-16   0.1431120E-19   0.7300693E-30   0.1044255E-18    0.000000    
   0.1320720E-13    595.5098       0.9969037E+10    24179.22      -0.2332465E-01   0.3326416E-45   0.1935852E-18   0.6667003       0.1170438E-24   0.3332997       0.1436416E-15   0.4280894E-19   0.2928527E-29   0.2348924E-18    0.000000    
   0.1760996E-13    595.5098       0.9969037E+10    24179.22      -0.2322264E-01   0.1359247E-44   0.3261166E-18   0.6667003       0.2569789E-24   0.3332997       0.1914217E-15   0.9334381E-19   0.7963948E-29   0.4174582E-18    0.000000    
   0.2201272E-13    595.5098       0.9969037E+10    24179.22      -0.2310936E-01   0.4046145E-44   0.4836084E-18   0.6667003       0.4722781E-24   0.3332997       0.2391499E-15   0.1709612E-18   0.1752212E-28   0.6520669E-18    0.000000    
   0.3081824E-13    595.5098       0.9969037E+10    24179.22      -0.2285562E-01   0.2058008E-43   0.8588272E-18   0.6667003       0.1169141E-23   0.3332997       0.3344502E-15   0.4218825E-18   0.5800702E-28   0.1277206E-17    0.000000    
   0.3962376E-13    595.5098       0.9969037E+10    24179.22      -0.2257621E-01   0.6665346E-43   0.1291029E-17   0.6667003       0.2284857E-23   0.3332997       0.4295430E-15   0.8233312E-18   0.1430234E-27   0.2109856E-17    0.000000    
   0.4842928E-13    595.5098       0.9969037E+10    24179.22      -0.2228018E-01   0.1658692E-42   0.1760276E-17   0.6667003       0.3873585E-23   0.3332997       0.5244287E-15   0.1394780E-17   0.2948083E-27   0.3149553E-17    0.000000    
   0.5723480E-13    595.5098       0.9969037E+10    24179.22      -0.2197321E-01   0.3466062E-42   0.2254067E-17   0.6667003       0.5968812E-23   0.3332997       0.6191079E-15   0.2148276E-17   0.5378424E-27   0.4395840E-17    0.000000    
   0.6604032E-13    595.5098       0.9969037E+10    24179.22      -0.2165886E-01   0.6399913E-42   0.2764508E-17   0.6667003       0.8591213E-23   0.3332997       0.7135809E-15   0.3091261E-17   0.8979438E-27   0.5848268E-17    0.000000    
   0.7484584E-13    595.5098       0.9969037E+10    24179.22      -0.2133963E-01   0.1078485E-41   0.3286122E-17   0.6667003       0.1175475E-22   0.3332997       0.8078483E-15   0.4228766E-17   0.1401683E-26   0.7506389E-17    0.000000    
   0.8365135E-13    595.5098       0.9969037E+10    24179.22      -0.2101719E-01   0.1695281E-41   0.3815198E-17   0.6667003       0.1546845E-22   0.3332997       0.9019103E-15   0.5564052E-17   0.2076232E-26   0.9369754E-17    0.000000    
   0.1012624E-12    595.5098       0.9969037E+10    24179.22      -0.2036743E-01   0.3596544E-41   0.4885295E-17   0.6667003       0.2457029E-22   0.3332997       0.1089421E-14   0.8836629E-17   0.4047871E-26   0.1371043E-16    0.000000    
   0.1188734E-12    595.5098       0.9969037E+10    24179.22      -0.1971448E-01   0.6610206E-41   0.5964026E-17   0.6667003       0.3591647E-22   0.3332997       0.1276115E-14   0.1291620E-16   0.7036077E-26   0.1886675E-16    0.000000    
   0.1364845E-12    595.5098       0.9969037E+10    24179.22      -0.1906174E-01   0.1099825E-40   0.7043848E-17   0.6667003       0.4951776E-22   0.3332997       0.1461998E-14   0.1780676E-16   0.1126442E-25   0.2483514E-16    0.000000    
   0.1611645E-12    595.5098       0.9969037E+10    24179.22      -0.1814999E-01   0.1995028E-40   0.8553135E-17   0.6667003       0.7236990E-22   0.3332997       0.1721133E-14   0.2602407E-16   0.1970406E-25   0.3455895E-16    0.000000    
   0.1858446E-12    595.5098       0.9969037E+10    24179.22      -0.1724344E-01   0.3279791E-40   0.1005400E-16   0.6667003       0.9963248E-22   0.3332997       0.1978690E-14   0.3582806E-16   0.3163454E-25   0.4586102E-16    0.000000    
   0.2105246E-12    595.5098       0.9969037E+10    24179.22      -0.1634239E-01   0.5021841E-40   0.1154578E-16   0.6667003       0.1312796E-21   0.3332997       0.2234679E-14   0.4720976E-16   0.4766889E-25   0.5873173E-16    0.000000    
   0.2352047E-12    595.5098       0.9969037E+10    24179.22      -0.1544670E-01   0.7287659E-40   0.1302876E-16   0.6667003       0.1672830E-21   0.3332997       0.2489108E-14   0.6015934E-16   0.6841662E-25   0.7316153E-16    0.000000    
   0.2845648E-12    595.5098       0.9969037E+10    24179.22      -0.1367128E-01   0.1364911E-39   0.1596848E-16   0.6667003       0.2522492E-21   0.3332997       0.2993328E-14   0.9072417E-16   0.1264653E-24   0.1066605E-15    0.000000    
   0.3339249E-12    595.5098       0.9969037E+10    24179.22      -0.1191715E-01   0.2286860E-39   0.1887310E-16   0.6667003       0.3543144E-21   0.3332997       0.3491424E-14   0.1274473E-15   0.2105831E-24   0.1462828E-15    0.000000    
   0.4326451E-12    595.5098       0.9969037E+10    24179.22      -0.8472476E-02   0.5178426E-39   0.2457709E-16   0.6667003       0.6088914E-21   0.3332997       0.4469542E-14   0.2190733E-15   0.4758531E-24   0.2436018E-15    0.000000    
   0.5313653E-12    595.5098       0.9969037E+10    24179.22      -0.5111085E-02   0.9764694E-39   0.3014310E-16   0.6667003       0.9293238E-21   0.3332997       0.5424048E-14   0.3344502E-15   0.9015166E-24   0.3645338E-15    0.000000    
   0.6300855E-12    595.5098       0.9969037E+10    24179.22      -0.1830872E-02   0.1637485E-38   0.3557468E-16   0.6667003       0.1313958E-20   0.3332997       0.6355511E-14   0.4730038E-15   0.1523981E-23   0.5085082E-15    0.000000    
   0.7288057E-12    595.5098       0.9969037E+10    24179.22       0.1370190E-02   0.2530866E-38   0.4087522E-16   0.6667003       0.1761182E-20   0.3332997       0.7264488E-14   0.6341741E-15   0.2378753E-23   0.6749682E-15    0.000000    
   0.8275259E-12    595.5098       0.9969037E+10    24179.22       0.4493997E-02   0.3683832E-38   0.4604783E-16   0.6667003       0.2269423E-20   0.3332997       0.8151523E-14   0.8174149E-15   0.3500460E-23   0.8633709E-15    0.000000    
   0.1024966E-11    595.5098       0.9969037E+10    24179.22       0.1051723E-01   0.6864609E-38   0.5602154E-16   0.6667003       0.3462846E-20   0.3332997       0.9861874E-14   0.1247986E-14   0.6679266E-23   0.1303895E-14    0.000000    
   0.1202663E-11    595.5098       0.9969037E+10    24179.22       0.1569209E-01   0.1083733E-37   0.6459042E-16   0.6667003       0.4730595E-20   0.3332997       0.1133133E-13   0.1705767E-14   0.1078381E-22   0.1770226E-14    0.000000    
   0.1380359E-11    595.5098       0.9969037E+10    24179.22       0.2064427E-01   0.1596522E-37   0.7279058E-16   0.6667003       0.6173276E-20   0.3332997       0.1273755E-13   0.2227150E-14   0.1625465E-22   0.2299790E-14    0.000000    
   0.1558055E-11    595.5098       0.9969037E+10    24179.22       0.2538336E-01   0.2232771E-37   0.8063789E-16   0.6667003       0.7783016E-20   0.3332997       0.1408327E-13   0.2809399E-14   0.2326528E-22   0.2889867E-14    0.000000    
   0.1735752E-11    595.5098       0.9969037E+10    24179.22       0.2991852E-01   0.2998663E-37   0.8814752E-16   0.6667003       0.9552276E-20   0.3332997       0.1537107E-13   0.3449894E-14   0.3198178E-22   0.3537854E-14    0.000000    
   0.1913448E-11    595.5098       0.9969037E+10    24179.22       0.3425851E-01   0.3898837E-37   0.9533398E-16   0.6667003       0.1147384E-19   0.3332997       0.1660345E-13   0.4146129E-14   0.4256312E-22   0.4241257E-14    0.000000    
   0.2091144E-11    595.5098       0.9969037E+10    24179.22       0.3841175E-01   0.4936576E-37   0.1022112E-15   0.6667003       0.1354081E-19   0.3332997       0.1778281E-13   0.4895705E-14   0.5516141E-22   0.4997692E-14    0.000000    
   0.2446537E-11    595.5098       0.9969037E+10    24179.22       0.4618975E-01   0.7432074E-37   0.1150906E-15   0.6667003       0.1808481E-19   0.3332997       0.1999145E-13   0.6545798E-14   0.8698477E-22   0.6660629E-14    0.000000    
   0.2801930E-11    595.5098       0.9969037E+10    24179.22       0.5331274E-01   0.1049023E-36   0.1268853E-15   0.6667003       0.2313479E-19   0.3332997       0.2201409E-13   0.8382972E-14   0.1285426E-21   0.8509562E-14    0.000000    
   0.3157323E-11    595.5098       0.9969037E+10    24179.22       0.5983589E-01   0.1410345E-36   0.1376868E-15   0.6667003       0.2864544E-19   0.3332997       0.2386640E-13   0.1039147E-13   0.1808340E-21   0.1052883E-13    0.000000    
   0.3512715E-11    595.5098       0.9969037E+10    24179.22       0.6580972E-01   0.1825491E-36   0.1475787E-15   0.6667003       0.3457524E-19   0.3332997       0.2556273E-13   0.1255687E-13   0.2447738E-21   0.1270408E-13    0.000000    
   0.3868108E-11    595.5098       0.9969037E+10    24179.22       0.7128047E-01   0.2292119E-36   0.1566375E-15   0.6667003       0.4088621E-19   0.3332997       0.2711620E-13   0.1486595E-13   0.3212000E-21   0.1502218E-13    0.000000    
   0.4223501E-11    595.5098       0.9969037E+10    24179.22       0.7629052E-01   0.2807423E-36   0.1649335E-15   0.6667003       0.4754355E-19   0.3332997       0.2853886E-13   0.1730661E-13   0.4108796E-21   0.1747111E-13    0.000000    
   0.4578894E-11    595.5098       0.9969037E+10    24179.22       0.8087867E-01   0.3368315E-36   0.1725309E-15   0.6667003       0.5451544E-19   0.3332997       0.2984171E-13   0.1986778E-13   0.5145153E-21   0.2003984E-13    0.000000    
   0.4934286E-11    595.5098       0.9969037E+10    24179.22       0.8508044E-01   0.3971562E-36   0.1794885E-15   0.6667003       0.6177270E-19   0.3332997       0.3103484E-13   0.2253930E-13   0.6327506E-21   0.2271829E-13    0.000000    
   0.5289679E-11    595.5098       0.9969037E+10    24179.22       0.8892837E-01   0.4613854E-36   0.1858601E-15   0.6667003       0.6928865E-19   0.3332997       0.3212750E-13   0.2531188E-13   0.7661747E-21   0.2549721E-13    0.000000    
   0.5645072E-11    595.5098       0.9969037E+10    24179.22       0.9245226E-01   0.5291898E-36   0.1916952E-15   0.6667003       0.7703884E-19   0.3332997       0.3312814E-13   0.2817702E-13   0.9153273E-21   0.2836815E-13    0.000000    
   0.6000464E-11    595.5098       0.9969037E+10    24179.22       0.9567939E-01   0.6002499E-36   0.1970389E-15   0.6667003       0.8500091E-19   0.3332997       0.3404452E-13   0.3112691E-13   0.1080703E-20   0.3132335E-13    0.000000    
   0.6355857E-11    595.5098       0.9969037E+10    24179.22       0.9863476E-01   0.6742554E-36   0.2019326E-15   0.6667003       0.9315437E-19   0.3332997       0.3488373E-13   0.3415443E-13   0.1262753E-20   0.3435573E-13    0.000000    
   0.6711250E-11    595.5098       0.9969037E+10    24179.22       0.1013413       0.7509094E-36   0.2064142E-15   0.6667003       0.1014805E-18   0.3332997       0.3565226E-13   0.3725302E-13   0.1461893E-20   0.3745878E-13    0.000000    
   0.7066643E-11    595.5098       0.9969037E+10    24179.22       0.1038198       0.8299351E-36   0.2105184E-15   0.6667003       0.1099621E-18   0.3332997       0.3635608E-13   0.4041672E-13   0.1678503E-20   0.4062654E-13    0.000000    
   0.7422035E-11    595.5098       0.9969037E+10    24179.22       0.1060897       0.9110702E-36   0.2142770E-15   0.6667003       0.1185835E-18   0.3332997       0.3700062E-13   0.4364003E-13   0.1912929E-20   0.4385358E-13    0.000000    
   0.7777428E-11    595.5098       0.9969037E+10    24179.22       0.1081684       0.9940686E-36   0.2177191E-15   0.6667003       0.1273302E-18   0.3332997       0.3759089E-13   0.4691793E-13   0.2165491E-20   0.4713489E-13    0.000000    
   0.8132821E-11    595.5098       0.9969037E+10    24179.22       0.1100720       0.1078707E-35   0.2208713E-15   0.6667003       0.1361893E-18   0.3332997       0.3813145E-13   0.5024583E-13   0.2436479E-20   0.5046592E-13    0.000000    
   0.8488214E-11    595.5098       0.9969037E+10    24179.22       0.1118154       0.1164777E-35   0.2237580E-15   0.6667003       0.1451485E-18   0.3332997       0.3862649E-13   0.5361952E-13   0.2726161E-20   0.5384246E-13    0.000000    
   0.8843606E-11    595.5098       0.9969037E+10    24179.22       0.1134119       0.1252084E-35   0.2264016E-15   0.6667003       0.1541969E-18   0.3332997       0.3907984E-13   0.5703514E-13   0.3034781E-20   0.5726069E-13    0.000000    
   0.9198999E-11    595.5098       0.9969037E+10    24179.22       0.1148740       0.1340458E-35   0.2288227E-15   0.6667003       0.1633244E-18   0.3332997       0.3949501E-13   0.6048917E-13   0.3362563E-20   0.6071711E-13    0.000000    
   0.9554392E-11    595.5098       0.9969037E+10    24179.22       0.1162129       0.1429739E-35   0.2310398E-15   0.6667003       0.1725218E-18   0.3332997       0.3987522E-13   0.6397835E-13   0.3709712E-20   0.6420848E-13    0.000000    
   0.9909784E-11    595.5098       0.9969037E+10    24179.22       0.1174391       0.1519781E-35   0.2330702E-15   0.6667003       0.1817806E-18   0.3332997       0.4022341E-13   0.6749975E-13   0.4076416E-20   0.6773187E-13    0.000000    
   0.1026518E-10    595.5098       0.9969037E+10    24179.22       0.1185621       0.1610454E-35   0.2349297E-15   0.6667003       0.1910932E-18   0.3332997       0.4054228E-13   0.7105063E-13   0.4462846E-20   0.7128458E-13    0.000000    
   0.1062057E-10    595.5098       0.9969037E+10    24179.22       0.1195904       0.1701644E-35   0.2366325E-15   0.6667003       0.2004524E-18   0.3332997       0.4083430E-13   0.7462852E-13   0.4869162E-20   0.7486415E-13    0.000000    
   0.1097596E-10    595.5098       0.9969037E+10    24179.22       0.1205322       0.1793242E-35   0.2381920E-15   0.6667003       0.2098517E-18   0.3332997       0.4110172E-13   0.7823115E-13   0.5295505E-20   0.7846831E-13    0.000000    
   0.1133136E-10    595.5098       0.9969037E+10    24179.22       0.1213947       0.1885153E-35   0.2396201E-15   0.6667003       0.2192853E-18   0.3332997       0.4134663E-13   0.8185644E-13   0.5742010E-20   0.8209499E-13    0.000000    
   0.1168675E-10    595.5098       0.9969037E+10    24179.22       0.1221845       0.1977299E-35   0.2409280E-15   0.6667003       0.2287478E-18   0.3332997       0.4157091E-13   0.8550246E-13   0.6208795E-20   0.8574229E-13    0.000000    
   0.1204214E-10    595.5098       0.9969037E+10    24179.22       0.1229078       0.2069598E-35   0.2421257E-15   0.6667003       0.2382342E-18   0.3332997       0.4177630E-13   0.8916748E-13   0.6695974E-20   0.8940848E-13    0.000000    
   0.1239753E-10    595.5098       0.9969037E+10    24179.22       0.1235702       0.2161983E-35   0.2432226E-15   0.6667003       0.2477401E-18   0.3332997       0.4196440E-13   0.9284990E-13   0.7203646E-20   0.9309196E-13    0.000000    
   0.1275293E-10    595.5098       0.9969037E+10    24179.22       0.1241769       0.2254405E-35   0.2442271E-15   0.6667003       0.2572611E-18   0.3332997       0.4213666E-13   0.9654826E-13   0.7731904E-20   0.9679129E-13    0.000000    
   0.1310832E-10    595.5098       0.9969037E+10    24179.22       0.1247324       0.2346802E-35   0.2451470E-15   0.6667003       0.2667937E-18   0.3332997       0.4229441E-13   0.1002612E-12   0.8280835E-20   0.1005051E-12    0.000000    
   0.1346371E-10    595.5098       0.9969037E+10    24179.22       0.1252412       0.2439129E-35   0.2459894E-15   0.6667003       0.2763344E-18   0.3332997       0.4243888E-13   0.1039875E-12   0.8850515E-20   0.1042322E-12    0.000000    
   0.1381910E-10    595.5098       0.9969037E+10    24179.22       0.1257071       0.2531355E-35   0.2467609E-15   0.6667003       0.2858799E-18   0.3332997       0.4257118E-13   0.1077260E-12   0.9441016E-20   0.1079715E-12    0.000000    
   0.1417450E-10    595.5098       0.9969037E+10    24179.22       0.1261338       0.2623437E-35   0.2474674E-15   0.6667003       0.2954275E-18   0.3332997       0.4269234E-13   0.1114758E-12   0.1005240E-19   0.1117219E-12    0.000000    
   0.1452989E-10    595.5098       0.9969037E+10    24179.22       0.1265245       0.2715341E-35   0.2481145E-15   0.6667003       0.3049744E-18   0.3332997       0.4280329E-13   0.1152358E-12   0.1068474E-19   0.1154826E-12    0.000000    
   0.1488528E-10    595.5098       0.9969037E+10    24179.22       0.1268824       0.2807055E-35   0.2487070E-15   0.6667003       0.3145184E-18   0.3332997       0.4290490E-13   0.1190052E-12   0.1133807E-19   0.1192525E-12    0.000000    
   0.1524068E-10    595.5098       0.9969037E+10    24179.22       0.1272101       0.2898548E-35   0.2492496E-15   0.6667003       0.3240571E-18   0.3332997       0.4299796E-13   0.1227832E-12   0.1201246E-19   0.1230311E-12    0.000000    
   0.1559607E-10    595.5098       0.9969037E+10    24179.22       0.1275102       0.2989792E-35   0.2497466E-15   0.6667003       0.3335887E-18   0.3332997       0.4308318E-13   0.1265691E-12   0.1270794E-19   0.1268174E-12    0.000000    
   0.1630685E-10    595.5098       0.9969037E+10    24179.22       0.1280367       0.3171512E-35   0.2506185E-15   0.6667003       0.3526230E-18   0.3332997       0.4323269E-13   0.1341620E-12   0.1416236E-19   0.1344111E-12    0.000000    
   0.1694656E-10    595.5098       0.9969037E+10    24179.22       0.1284375       0.3334117E-35   0.2512822E-15   0.6667003       0.3697127E-18   0.3332997       0.4334651E-13   0.1410164E-12   0.1554388E-19   0.1412661E-12    0.000000    
   0.1754113E-10    595.5098       0.9969037E+10    24179.22       0.1287573       0.3484354E-35   0.2518116E-15   0.6667003       0.3855543E-18   0.3332997       0.4343730E-13   0.1474022E-12   0.1688970E-19   0.1476524E-12    0.000000    
   0.1813569E-10    595.5098       0.9969037E+10    24179.22       0.1290332       0.3633746E-35   0.2522686E-15   0.6667003       0.4013497E-18   0.3332997       0.4351567E-13   0.1538005E-12   0.1829517E-19   0.1540511E-12    0.000000    
   0.1873026E-10    595.5098       0.9969037E+10    24179.22       0.1292715       0.3782264E-35   0.2526630E-15   0.6667003       0.4170946E-18   0.3332997       0.4358331E-13   0.1602096E-12   0.1976041E-19   0.1604606E-12    0.000000    
   0.1932482E-10    595.5098       0.9969037E+10    24179.22       0.1294771       0.3929893E-35   0.2530035E-15   0.6667003       0.4327851E-18   0.3332997       0.4364169E-13   0.1666281E-12   0.2128550E-19   0.1668793E-12    0.000000    
   0.1991939E-10    595.5098       0.9969037E+10    24179.22       0.1296545       0.4076632E-35   0.2532974E-15   0.6667003       0.4484179E-18   0.3332997       0.4369209E-13   0.1730545E-12   0.2287053E-19   0.1733060E-12    0.000000    
   0.2051395E-10    595.5098       0.9969037E+10    24179.22       0.1298077       0.4222480E-35   0.2535510E-15   0.6667003       0.4639902E-18   0.3332997       0.4373558E-13   0.1794879E-12   0.2451556E-19   0.1797396E-12    0.000000    
   0.2110852E-10    595.5098       0.9969037E+10    24179.22       0.1299399       0.4367442E-35   0.2537700E-15   0.6667003       0.4794998E-18   0.3332997       0.4377313E-13   0.1859273E-12   0.2622067E-19   0.1861791E-12    0.000000    
   0.2170308E-10    595.5098       0.9969037E+10    24179.22       0.1300541       0.4511525E-35   0.2539590E-15   0.6667003       0.4949446E-18   0.3332997       0.4380553E-13   0.1923718E-12   0.2798589E-19   0.1926238E-12    0.000000    
   0.2229765E-10    595.5098       0.9969037E+10    24179.22       0.1301526       0.4654738E-35   0.2541221E-15   0.6667003       0.5103231E-18   0.3332997       0.4383351E-13   0.1988208E-12   0.2981128E-19   0.1990729E-12    0.000000    
   0.2289221E-10    595.5098       0.9969037E+10    24179.22       0.1302376       0.4797092E-35   0.2542629E-15   0.6667003       0.5256338E-18   0.3332997       0.4385765E-13   0.2052737E-12   0.3169687E-19   0.2055259E-12    0.000000    
   0.2348678E-10    595.5098       0.9969037E+10    24179.22       0.1303110       0.4938598E-35   0.2543844E-15   0.6667003       0.5408758E-18   0.3332997       0.4387849E-13   0.2117299E-12   0.3364270E-19   0.2119821E-12    0.000000    
   0.2408134E-10    595.5098       0.9969037E+10    24179.22       0.1303743       0.5079267E-35   0.2544893E-15   0.6667003       0.5560479E-18   0.3332997       0.4389648E-13   0.2181889E-12   0.3564880E-19   0.2184412E-12    0.000000    
   0.2467591E-10    595.5098       0.9969037E+10    24179.22       0.1304290       0.5219112E-35   0.2545798E-15   0.6667003       0.5711497E-18   0.3332997       0.4391200E-13   0.2246504E-12   0.3771518E-19   0.2249028E-12    0.000000    
   0.2527047E-10    595.5098       0.9969037E+10    24179.22       0.1304762       0.5358145E-35   0.2546580E-15   0.6667003       0.5861803E-18   0.3332997       0.4392541E-13   0.2311141E-12   0.3984188E-19   0.2313665E-12    0.000000    
   0.2586504E-10    595.5098       0.9969037E+10    24179.22       0.1305170       0.5496377E-35   0.2547255E-15   0.6667003       0.6011394E-18   0.3332997       0.4393697E-13   0.2375796E-12   0.4202891E-19   0.2378320E-12    0.000000    
   0.2645960E-10    595.5098       0.9969037E+10    24179.22       0.1305521       0.5633820E-35   0.2547837E-15   0.6667003       0.6160267E-18   0.3332997       0.4394696E-13   0.2440467E-12   0.4427629E-19   0.2442991E-12    0.000000    
   0.2705417E-10    595.5098       0.9969037E+10    24179.22       0.1305825       0.5770485E-35   0.2548339E-15   0.6667003       0.6308420E-18   0.3332997       0.4395558E-13   0.2505152E-12   0.4658402E-19   0.2507675E-12    0.000000    
   0.2764873E-10    595.5098       0.9969037E+10    24179.22       0.1306087       0.5906383E-35   0.2548773E-15   0.6667003       0.6455849E-18   0.3332997       0.4396301E-13   0.2569848E-12   0.4895213E-19   0.2572372E-12    0.000000    
   0.2824330E-10    595.5098       0.9969037E+10    24179.22       0.1306313       0.6041525E-35   0.2549148E-15   0.6667003       0.6602556E-18   0.3332997       0.4396944E-13   0.2634555E-12   0.5138063E-19   0.2637079E-12    0.000000    
   0.2943243E-10    595.5098       0.9969037E+10    24179.22       0.1306676       0.6309576E-35   0.2549750E-15   0.6667003       0.6893799E-18   0.3332997       0.4397976E-13   0.2763994E-12   0.5641880E-19   0.2766517E-12    0.000000    
   0.3050265E-10    595.5098       0.9969037E+10    24179.22       0.1306924       0.6548327E-35   0.2550159E-15   0.6667003       0.7153448E-18   0.3332997       0.4398678E-13   0.2880512E-12   0.6115974E-19   0.2883035E-12    0.000000    
   0.3153428E-10    595.5098       0.9969037E+10    24179.22       0.1307107       0.6776282E-35   0.2550464E-15   0.6667003       0.7401529E-18   0.3332997       0.4399200E-13   0.2992845E-12   0.6591507E-19   0.2995367E-12    0.000000    
   0.3256592E-10    595.5098       0.9969037E+10    24179.22       0.1307250       0.7002127E-35   0.2550699E-15   0.6667003       0.7647452E-18   0.3332997       0.4399604E-13   0.3105190E-12   0.7085231E-19   0.3107712E-12    0.000000    
   0.3359756E-10    595.5098       0.9969037E+10    24179.22       0.1307360       0.7225897E-35   0.2550882E-15   0.6667003       0.7891230E-18   0.3332997       0.4399917E-13   0.3217545E-12   0.7597149E-19   0.3220065E-12    0.000000    
   0.3462920E-10    595.5098       0.9969037E+10    24179.22       0.1307446       0.7447626E-35   0.2551024E-15   0.6667003       0.8132875E-18   0.3332997       0.4400160E-13   0.3329906E-12   0.8127260E-19   0.3332426E-12    0.000000    
   0.3566084E-10    595.5098       0.9969037E+10    24179.22       0.1307512       0.7667344E-35   0.2551133E-15   0.6667003       0.8372401E-18   0.3332997       0.4400348E-13   0.3442273E-12   0.8675567E-19   0.3444792E-12    0.000000    
   0.3669248E-10    595.5098       0.9969037E+10    24179.22       0.1307563       0.7885077E-35   0.2551218E-15   0.6667003       0.8609825E-18   0.3332997       0.4400493E-13   0.3554644E-12   0.9242070E-19   0.3557162E-12    0.000000    
   0.3772412E-10    595.5098       0.9969037E+10    24179.22       0.1307603       0.8100852E-35   0.2551284E-15   0.6667003       0.8845161E-18   0.3332997       0.4400606E-13   0.3667019E-12   0.9826770E-19   0.3669536E-12    0.000000    
   0.3875575E-10    595.5098       0.9969037E+10    24179.22       0.1307634       0.8314694E-35   0.2551335E-15   0.6667003       0.9078426E-18   0.3332997       0.4400693E-13   0.3779396E-12   0.1042967E-18   0.3781912E-12    0.000000    
   0.3978739E-10    595.5098       0.9969037E+10    24179.22       0.1307658       0.8526623E-35   0.2551375E-15   0.6667003       0.9309638E-18   0.3332997       0.4400761E-13   0.3891775E-12   0.1105076E-18   0.3894290E-12    0.000000    
   0.4081903E-10    595.5098       0.9969037E+10    24179.22       0.1307676       0.8736663E-35   0.2551406E-15   0.6667003       0.9538812E-18   0.3332997       0.4400814E-13   0.4004155E-12   0.1169006E-18   0.4006670E-12    0.000000    
   0.4185067E-10    595.5098       0.9969037E+10    24179.22       0.1307691       0.8944833E-35   0.2551429E-15   0.6667003       0.9765966E-18   0.3332997       0.4400854E-13   0.4116537E-12   0.1234755E-18   0.4119051E-12    0.000000    
   0.4288231E-10    595.5098       0.9969037E+10    24179.22       0.1307702       0.9151152E-35   0.2551448E-15   0.6667003       0.9991117E-18   0.3332997       0.4400886E-13   0.4228920E-12   0.1302324E-18   0.4231432E-12    0.000000    
   0.4494558E-10    595.5098       0.9969037E+10    24179.22       0.1307717       0.9558315E-35   0.2551473E-15   0.6667003       0.1043548E-17   0.3332997       0.4400929E-13   0.4453687E-12   0.1442921E-18   0.4456198E-12    0.000000    
   0.4700886E-10    595.5098       0.9969037E+10    24179.22       0.1307726       0.9958294E-35   0.2551489E-15   0.6667003       0.1087203E-17   0.3332997       0.4400955E-13   0.4678456E-12   0.1590798E-18   0.4680965E-12    0.000000    
   0.4907214E-10    595.5098       0.9969037E+10    24179.22       0.1307732       0.1035123E-34   0.2551498E-15   0.6667003       0.1130091E-17   0.3332997       0.4400971E-13   0.4903226E-12   0.1745955E-18   0.4905733E-12    0.000000    
   0.5113541E-10    595.5098       0.9969037E+10    24179.22       0.1307735       0.1073724E-34   0.2551504E-15   0.6667003       0.1172226E-17   0.3332997       0.4400980E-13   0.5127997E-12   0.1908391E-18   0.5130502E-12    0.000000    
   0.5319869E-10    595.5098       0.9969037E+10    24179.22       0.1307737       0.1111646E-34   0.2551507E-15   0.6667003       0.1213619E-17   0.3332997       0.4400986E-13   0.5352768E-12   0.2078107E-18   0.5355271E-12    0.000000    
   0.5526197E-10    595.5098       0.9969037E+10    24179.22       0.1307739       0.1148901E-34   0.2551510E-15   0.6667003       0.1254285E-17   0.3332997       0.4400990E-13   0.5577540E-12   0.2255103E-18   0.5580041E-12    0.000000    
   0.5732525E-10    595.5098       0.9969037E+10    24179.22       0.1307739       0.1185501E-34   0.2551511E-15   0.6667003       0.1294236E-17   0.3332997       0.4400992E-13   0.5802311E-12   0.2439378E-18   0.5804811E-12    0.000000    
   0.5938852E-10    595.5098       0.9969037E+10    24179.22       0.1307740       0.1221457E-34   0.2551512E-15   0.6667003       0.1333485E-17   0.3332997       0.4400993E-13   0.6027083E-12   0.2630933E-18   0.6029580E-12    0.000000    
   0.6145180E-10    595.5098       0.9969037E+10    24179.22       0.1307740       0.1256780E-34   0.2551513E-15   0.6667003       0.1372044E-17   0.3332997       0.4400994E-13   0.6251855E-12   0.2829768E-18   0.6254350E-12    0.000000    
   0.6351508E-10    595.5098       0.9969037E+10    24179.22       0.1307741       0.1291483E-34   0.2551513E-15   0.6667003       0.1409925E-17   0.3332997       0.4400995E-13   0.6476626E-12   0.3035883E-18   0.6479120E-12    0.000000    
   0.6764163E-10    595.5098       0.9969037E+10    24179.22       0.1307741       0.1359069E-34   0.2551514E-15   0.6667003       0.1483700E-17   0.3332997       0.4400996E-13   0.6926170E-12   0.3469953E-18   0.6928660E-12    0.000000    
   0.7176818E-10    595.5098       0.9969037E+10    24179.22       0.1307741       0.1424300E-34   0.2551514E-15   0.6667003       0.1554905E-17   0.3332997       0.4400996E-13   0.7375714E-12   0.3933141E-18   0.7378199E-12    0.000000    
   0.7589474E-10    595.5098       0.9969037E+10    24179.22       0.1307741       0.1487257E-34   0.2551515E-15   0.6667003       0.1623627E-17   0.3332997       0.4400996E-13   0.7825258E-12   0.4425450E-18   0.7827739E-12    0.000000    
   0.8414784E-10    595.5098       0.9969037E+10    24179.22       0.1307742       0.1606659E-34   0.2551516E-15   0.6667003       0.1753965E-17   0.3332997       0.4400997E-13   0.8724345E-12   0.5497427E-18   0.8726819E-12    0.000000    
   0.1006541E-09    595.5098       0.9969037E+10    24179.22       0.1307743       0.1822378E-34   0.2551517E-15   0.6667003       0.1989440E-17   0.3332997       0.4400998E-13   0.1052252E-11   0.7990829E-18   0.1052498E-11    0.000000    
   0.1171603E-09    595.5098       0.9969037E+10    24179.22       0.1307743       0.2009781E-34   0.2551519E-15   0.6667003       0.2194004E-17   0.3332997       0.4400998E-13   0.1232070E-11   0.1095017E-17   0.1232314E-11    0.000000    
   0.1336665E-09    595.5098       0.9969037E+10    24179.22       0.1307744       0.2172364E-34   0.2551520E-15   0.6667003       0.2371477E-17   0.3332997       0.4400999E-13   0.1411887E-11   0.1437546E-17   0.1412130E-11    0.000000    
   0.1501727E-09    595.5098       0.9969037E+10    24179.22       0.1307744       0.2313339E-34   0.2551522E-15   0.6667003       0.2525362E-17   0.3332997       0.4401000E-13   0.1591705E-11   0.1826670E-17   0.1591946E-11    0.000000    
   0.1831851E-09    595.5098       0.9969037E+10    24179.22       0.1307745       0.2540289E-34   0.2551524E-15   0.6667003       0.2773094E-17   0.3332997       0.4401001E-13   0.1951341E-11   0.2744712E-17   0.1951578E-11    0.000000    
   0.2161976E-09    595.5098       0.9969037E+10    24179.22       0.1307746       0.2710113E-34   0.2551526E-15   0.6667003       0.2958469E-17   0.3332997       0.4401001E-13   0.2310977E-11   0.3849151E-17   0.2311210E-11    0.000000    
   0.2631361E-09    595.5098       0.9969037E+10    24179.22       0.1307747       0.2880353E-34   0.2551529E-15   0.6667003       0.3144296E-17   0.3332997       0.4401002E-13   0.2822323E-11   0.5740436E-17   0.2822551E-11    0.000000    
   0.3100746E-09    595.5098       0.9969037E+10    24179.22       0.1307748       0.2994001E-34   0.2551531E-15   0.6667003       0.3268349E-17   0.3332997       0.4401002E-13   0.3333668E-11   0.8008595E-17   0.3333892E-11    0.000000    
   0.3570131E-09    595.5098       0.9969037E+10    24179.22       0.1307748       0.3070693E-34   0.2551533E-15   0.6667003       0.3352062E-17   0.3332997       0.4401003E-13   0.3845015E-11   0.1065365E-16   0.3845232E-11    0.000000    
   0.4039516E-09    595.5098       0.9969037E+10    24179.22       0.1307749       0.3122686E-34   0.2551535E-15   0.6667003       0.3408813E-17   0.3332997       0.4401003E-13   0.4356361E-11   0.1367564E-16   0.4356573E-11    0.000000    
   0.4508901E-09    595.5098       0.9969037E+10    24179.22       0.1307750       0.3157900E-34   0.2551537E-15   0.6667003       0.3447250E-17   0.3332997       0.4401003E-13   0.4867707E-11   0.1707458E-16   0.4867914E-11    0.000000    
   0.4978286E-09    595.5098       0.9969037E+10    24179.22       0.1307750       0.3181891E-34   0.2551539E-15   0.6667003       0.3473434E-17   0.3332997       0.4401003E-13   0.5379053E-11   0.2085049E-16   0.5379255E-11    0.000000    
   0.5447671E-09    595.5098       0.9969037E+10    24179.22       0.1307751       0.3198188E-34   0.2551541E-15   0.6667003       0.3491222E-17   0.3332997       0.4401003E-13   0.5890399E-11   0.2500342E-16   0.5890596E-11    0.000000    
   0.6386441E-09    595.5098       0.9969037E+10    24179.22       0.1307752       0.3217434E-34   0.2551545E-15   0.6667003       0.3512225E-17   0.3332997       0.4401003E-13   0.6913092E-11   0.3444038E-16   0.6913278E-11    0.000000    
   0.7325211E-09    595.5098       0.9969037E+10    24179.22       0.1307753       0.3225012E-34   0.2551549E-15   0.6667003       0.3520491E-17   0.3332997       0.4401003E-13   0.7935784E-11   0.4538568E-16   0.7935959E-11    0.000000    
   0.8263981E-09    595.5098       0.9969037E+10    24179.22       0.1307754       0.3227696E-34   0.2551553E-15   0.6667003       0.3523416E-17   0.3332997       0.4401003E-13   0.8958476E-11   0.5783953E-16   0.8958641E-11    0.000000    
   0.1014152E-08    595.5098       0.9969037E+10    24179.22       0.1307756       0.3227113E-34   0.2551560E-15   0.6667003       0.3522769E-17   0.3332997       0.4401003E-13   0.1100386E-10   0.8727371E-16   0.1100400E-10    0.000000    
   0.1183131E-08    595.5098       0.9969037E+10    24179.22       0.1307758       0.3227816E-34   0.2551567E-15   0.6667003       0.3523527E-17   0.3332997       0.4401003E-13   0.1284471E-10   0.1189258E-15   0.1284483E-10    0.000000    
   0.1352109E-08    595.5098       0.9969037E+10    24179.22       0.1307760       0.3229476E-34   0.2551574E-15   0.6667003       0.3525330E-17   0.3332997       0.4401003E-13   0.1468555E-10   0.1554689E-15   0.1468566E-10    0.000000    
   0.1521088E-08    595.5098       0.9969037E+10    24179.22       0.1307762       0.3230600E-34   0.2551581E-15   0.6667003       0.3526547E-17   0.3332997       0.4401003E-13   0.1652640E-10   0.1969041E-15   0.1652649E-10    0.000000    
   0.1859045E-08    595.5098       0.9969037E+10    24179.22       0.1307766       0.3231531E-34   0.2551594E-15   0.6667003       0.3527545E-17   0.3332997       0.4401003E-13   0.2020809E-10   0.2944561E-15   0.2020814E-10    0.000000    
   0.2197002E-08    595.5098       0.9969037E+10    24179.22       0.1307770       0.3231188E-34   0.2551608E-15   0.6667003       0.3527152E-17   0.3332997       0.4401003E-13   0.2388979E-10   0.4115915E-15   0.2388980E-10    0.000000    
   0.2872917E-08    595.5098       0.9969037E+10    24179.22       0.1307778       0.3230778E-34   0.2551635E-15   0.6667003       0.3526666E-17   0.3332997       0.4401003E-13   0.3125317E-10   0.7046519E-15   0.3125310E-10    0.000000    
   0.3548831E-08    595.5098       0.9969037E+10    24179.22       0.1307786       0.3230904E-34   0.2551662E-15   0.6667003       0.3526766E-17   0.3332997       0.4401003E-13   0.3861655E-10   0.1076164E-14   0.3861641E-10    0.000000    
   0.4224745E-08    595.5098       0.9969037E+10    24179.22       0.1307794       0.3231113E-34   0.2551689E-15   0.6667003       0.3526958E-17   0.3332997       0.4401003E-13   0.4597994E-10   0.1526206E-14   0.4597972E-10    0.000000    
   0.5576574E-08    595.5098       0.9969037E+10    24179.22       0.1307809       0.3231325E-34   0.2551743E-15   0.6667003       0.3527114E-17   0.3332997       0.4401003E-13   0.6070670E-10   0.2662194E-14   0.6070634E-10    0.000000    
   0.6928403E-08    595.5098       0.9969037E+10    24179.22       0.1307825       0.3231413E-34   0.2551797E-15   0.6667003       0.3527136E-17   0.3332997       0.4401003E-13   0.7543346E-10   0.4113243E-14   0.7543296E-10    0.000000    
   0.9632060E-08    595.5098       0.9969037E+10    24179.22       0.1307857       0.3231673E-34   0.2551906E-15   0.6667003       0.3527270E-17   0.3332997       0.4401003E-13   0.1048870E-09   0.7963038E-14   0.1048862E-09    0.000000    
   0.1503938E-07    595.5098       0.9969037E+10    24179.22       0.1307920       0.3232231E-34   0.2552122E-15   0.6667003       0.3527579E-17   0.3332997       0.4401003E-13   0.1637938E-09   0.1947098E-13   0.1637927E-09    0.000000    
   0.2044669E-07    595.5098       0.9969037E+10    24179.22       0.1307985       0.3232828E-34   0.2552339E-15   0.6667003       0.3527931E-17   0.3332997       0.4401003E-13   0.2227005E-09   0.3609020E-13   0.2226991E-09    0.000000    
   0.2585401E-07    595.5098       0.9969037E+10    24179.22       0.1308050       0.3233398E-34   0.2552555E-15   0.6667003       0.3528254E-17   0.3332997       0.4401003E-13   0.2816068E-09   0.5786085E-13   0.2816056E-09    0.000000    
   0.3126132E-07    595.5098       0.9969037E+10    24179.22       0.1308116       0.3233967E-34   0.2552772E-15   0.6667003       0.3528576E-17   0.3332997       0.4401003E-13   0.3405128E-09   0.8482309E-13   0.3405121E-09    0.000000    
   0.3666864E-07    595.5098       0.9969037E+10    24179.22       0.1308182       0.3234537E-34   0.2552988E-15   0.6667003       0.3528898E-17   0.3332997       0.4401004E-13   0.3994183E-09   0.1170170E-12   0.3994186E-09    0.000000    
   0.4748327E-07    595.5098       0.9969037E+10    24179.22       0.1308317       0.3235678E-34   0.2553422E-15   0.6667003       0.3529544E-17   0.3332997       0.4401004E-13   0.5172275E-09   0.1972606E-12   0.5172316E-09    0.000000    
   0.5829790E-07    595.5098       0.9969037E+10    24179.22       0.1308454       0.3236818E-34   0.2553855E-15   0.6667003       0.3530188E-17   0.3332997       0.4401004E-13   0.6350340E-09   0.2989126E-12   0.6350445E-09    0.000000    
   0.6911253E-07    595.5098       0.9969037E+10    24179.22       0.1308594       0.3237958E-34   0.2554288E-15   0.6667003       0.3530833E-17   0.3332997       0.4401004E-13   0.7528370E-09   0.4222937E-12   0.7528575E-09    0.000000    
   0.8346719E-07    595.5098       0.9969037E+10    24179.22       0.1308784       0.3239473E-34   0.2554863E-15   0.6667003       0.3531690E-17   0.3332997       0.4401004E-13   0.9091948E-09   0.6201739E-12   0.9092351E-09    0.000000    
   0.9782185E-07    595.5098       0.9969037E+10    24179.22       0.1308979       0.3240987E-34   0.2555438E-15   0.6667003       0.3532545E-17   0.3332997       0.4401004E-13   0.1065544E-08   0.8576515E-12   0.1065613E-08    0.000000    
   0.1121765E-06    595.5098       0.9969037E+10    24179.22       0.1309178       0.3242501E-34   0.2556012E-15   0.6667003       0.3533401E-17   0.3332997       0.4401004E-13   0.1221883E-08   0.1135476E-11   0.1221990E-08    0.000000    
   0.1265312E-06    595.5098       0.9969037E+10    24179.22       0.1309382       0.3244017E-34   0.2556587E-15   0.6667003       0.3534258E-17   0.3332997       0.4401004E-13   0.1378210E-08   0.1454394E-11   0.1378368E-08    0.000000    
   0.1408858E-06    595.5098       0.9969037E+10    24179.22       0.1309590       0.3245532E-34   0.2557162E-15   0.6667003       0.3535113E-17   0.3332997       0.4401004E-13   0.1534524E-08   0.1815156E-11   0.1534746E-08    0.000000    
   0.1552405E-06    595.5098       0.9969037E+10    24179.22       0.1309804       0.3247047E-34   0.2557737E-15   0.6667003       0.3535969E-17   0.3332997       0.4401004E-13   0.1690823E-08   0.2218508E-11   0.1691123E-08    0.000000    
   0.1839498E-06    595.5098       0.9969037E+10    24179.22       0.1310244       0.3250079E-34   0.2558886E-15   0.6667003       0.3537681E-17   0.3332997       0.4401005E-13   0.2003371E-08   0.3155967E-11   0.2003879E-08    0.000000    
   0.2126591E-06    595.5098       0.9969037E+10    24179.22       0.1310703       0.3253110E-34   0.2560035E-15   0.6667003       0.3539392E-17   0.3332997       0.4401005E-13   0.2315842E-08   0.4272737E-11   0.2316634E-08    0.000000    
   0.2413685E-06    595.5098       0.9969037E+10    24179.22       0.1311180       0.3256143E-34   0.2561183E-15   0.6667003       0.3541103E-17   0.3332997       0.4401005E-13   0.2628224E-08   0.5574772E-11   0.2629389E-08    0.000000    
   0.2700778E-06    595.5098       0.9969037E+10    24179.22       0.1311675       0.3259176E-34   0.2562331E-15   0.6667003       0.3542812E-17   0.3332997       0.4401005E-13   0.2940505E-08   0.7068015E-11   0.2942145E-08    0.000000    
   0.3274964E-06    595.5098       0.9969037E+10    24179.22       0.1312722       0.3265245E-34   0.2564627E-15   0.6667003       0.3546233E-17   0.3332997       0.4401006E-13   0.3564716E-08   0.1065182E-10   0.3567656E-08    0.000000    
   0.3849151E-06    595.5098       0.9969037E+10    24179.22       0.1313841       0.3271313E-34   0.2566920E-15   0.6667003       0.3549650E-17   0.3332997       0.4401006E-13   0.4188381E-08   0.1507141E-10   0.4193167E-08    0.000000    
   0.4423337E-06    595.5099       0.9969037E+10    24179.22       0.1315033       0.3277382E-34   0.2569210E-15   0.6667003       0.3553064E-17   0.3332997       0.4401007E-13   0.4811403E-08   0.2037379E-10   0.4818679E-08    0.000000    
   0.4997524E-06    595.5099       0.9969037E+10    24179.22       0.1316298       0.3283449E-34   0.2571498E-15   0.6667003       0.3556474E-17   0.3332997       0.4401007E-13   0.5433689E-08   0.2660567E-10   0.5444191E-08    0.000000    
   0.5571710E-06    595.5099       0.9969038E+10    24179.22       0.1317634       0.3289514E-34   0.2573783E-15   0.6667003       0.3559880E-17   0.3332997       0.4401007E-13   0.6055143E-08   0.3381346E-10   0.6069703E-08    0.000000    
   0.6145896E-06    595.5099       0.9969038E+10    24179.22       0.1319042       0.3295576E-34   0.2576065E-15   0.6667003       0.3563281E-17   0.3332997       0.4401008E-13   0.6675673E-08   0.4204324E-10   0.6695215E-08    0.000000    
   0.6720083E-06    595.5099       0.9969038E+10    24179.22       0.1320521       0.3301634E-34   0.2578343E-15   0.6667003       0.3566678E-17   0.3332997       0.4401008E-13   0.7295186E-08   0.5134071E-10   0.7320728E-08    0.000000    
   0.7294269E-06    595.5099       0.9969038E+10    24179.22       0.1322070       0.3307688E-34   0.2580616E-15   0.6667003       0.3570068E-17   0.3332997       0.4401009E-13   0.7913587E-08   0.6175119E-10   0.7946241E-08    0.000000    
   0.7868456E-06    595.5099       0.9969038E+10    24179.22       0.1323688       0.3313735E-34   0.2582886E-15   0.6667003       0.3573453E-17   0.3332997       0.4401009E-13   0.8530787E-08   0.7331956E-10   0.8571754E-08    0.000000    
   0.8442642E-06    595.5099       0.9969038E+10    24179.22       0.1325376       0.3319776E-34   0.2585150E-15   0.6667003       0.3576830E-17   0.3332997       0.4401010E-13   0.9146693E-08   0.8609028E-10   0.9197267E-08    0.000000    
   0.9016829E-06    595.5099       0.9969038E+10    24179.22       0.1327132       0.3325809E-34   0.2587410E-15   0.6667003       0.3580201E-17   0.3332997       0.4401010E-13   0.9761216E-08   0.1001073E-09   0.9822781E-08    0.000000    
   0.9591015E-06    595.5099       0.9969038E+10    24179.22       0.1328955       0.3331833E-34   0.2589664E-15   0.6667003       0.3583564E-17   0.3332997       0.4401011E-13   0.1037426E-07   0.1154142E-09   0.1044829E-07    0.000000    
   0.1016520E-05    595.5099       0.9969038E+10    24179.22       0.1330844       0.3337848E-34   0.2591912E-15   0.6667003       0.3586919E-17   0.3332997       0.4401011E-13   0.1098575E-07   0.1320538E-09   0.1107381E-07    0.000000    
   0.1073939E-05    595.5099       0.9969039E+10    24179.22       0.1332800       0.3343852E-34   0.2594155E-15   0.6667003       0.3590265E-17   0.3332997       0.4401012E-13   0.1159559E-07   0.1500686E-09   0.1169932E-07    0.000000    
   0.1131357E-05    595.5099       0.9969039E+10    24179.22       0.1334821       0.3349845E-34   0.2596391E-15   0.6667003       0.3593602E-17   0.3332997       0.4401012E-13   0.1220369E-07   0.1695004E-09   0.1232484E-07    0.000000    
   0.1188776E-05    595.5099       0.9969039E+10    24179.22       0.1336905       0.3355826E-34   0.2598620E-15   0.6667003       0.3596930E-17   0.3332997       0.4401012E-13   0.1280997E-07   0.1903905E-09   0.1295035E-07    0.000000    
   0.1246195E-05    595.5099       0.9969039E+10    24179.22       0.1339053       0.3361794E-34   0.2600842E-15   0.6667003       0.3600247E-17   0.3332997       0.4401013E-13   0.1341434E-07   0.2127796E-09   0.1357587E-07    0.000000    
   0.1303613E-05    595.5100       0.9969039E+10    24179.22       0.1341263       0.3367747E-34   0.2603057E-15   0.6667003       0.3603554E-17   0.3332997       0.4401013E-13   0.1401672E-07   0.2367076E-09   0.1420138E-07    0.000000    
   0.1361032E-05    595.5100       0.9969039E+10    24179.22       0.1343534       0.3373686E-34   0.2605264E-15   0.6667003       0.3606850E-17   0.3332997       0.4401014E-13   0.1461703E-07   0.2622138E-09   0.1482690E-07    0.000000    
   0.1418451E-05    595.5100       0.9969039E+10    24179.22       0.1345865       0.3379610E-34   0.2607464E-15   0.6667003       0.3610135E-17   0.3332997       0.4401014E-13   0.1521519E-07   0.2893371E-09   0.1545241E-07    0.000000    
   0.1475869E-05    595.5100       0.9969039E+10    24179.22       0.1348255       0.3385516E-34   0.2609655E-15   0.6667003       0.3613408E-17   0.3332997       0.4401015E-13   0.1581111E-07   0.3181153E-09   0.1607793E-07    0.000000    
   0.1533288E-05    595.5100       0.9969039E+10    24179.22       0.1350703       0.3391405E-34   0.2611837E-15   0.6667003       0.3616668E-17   0.3332997       0.4401015E-13   0.1640472E-07   0.3485858E-09   0.1670344E-07    0.000000    
   0.1590707E-05    595.5100       0.9969039E+10    24179.22       0.1353208       0.3397276E-34   0.2614011E-15   0.6667003       0.3619916E-17   0.3332997       0.4401016E-13   0.1699594E-07   0.3807851E-09   0.1732896E-07    0.000000    
   0.1648125E-05    595.5100       0.9969040E+10    24179.22       0.1355769       0.3403128E-34   0.2616176E-15   0.6667003       0.3623151E-17   0.3332997       0.4401017E-13   0.1758469E-07   0.4147489E-09   0.1795448E-07    0.000000    
   0.1705544E-05    595.5100       0.9969040E+10    24179.22       0.1358384       0.3408960E-34   0.2618332E-15   0.6667003       0.3626372E-17   0.3332997       0.4401017E-13   0.1817090E-07   0.4505124E-09   0.1857999E-07    0.000000    
   0.1762963E-05    595.5100       0.9969040E+10    24179.22       0.1361052       0.3414772E-34   0.2620477E-15   0.6667003       0.3629579E-17   0.3332997       0.4401018E-13   0.1875450E-07   0.4881098E-09   0.1920551E-07    0.000000    
   0.1820381E-05    595.5100       0.9969040E+10    24179.22       0.1363773       0.3420561E-34   0.2622613E-15   0.6667003       0.3632771E-17   0.3332997       0.4401018E-13   0.1933542E-07   0.5275746E-09   0.1983103E-07    0.000000    
   0.1877800E-05    595.5100       0.9969040E+10    24179.22       0.1366545       0.3426329E-34   0.2624739E-15   0.6667003       0.3635949E-17   0.3332997       0.4401019E-13   0.1991358E-07   0.5689394E-09   0.2045655E-07    0.000000    
   0.1935218E-05    595.5100       0.9969040E+10    24179.22       0.1369366       0.3432074E-34   0.2626855E-15   0.6667003       0.3639112E-17   0.3332997       0.4401019E-13   0.2048891E-07   0.6122360E-09   0.2108206E-07    0.000000    
   0.2050056E-05    595.5100       0.9969040E+10    24179.22       0.1375152       0.3443491E-34   0.2631054E-15   0.6667003       0.3645391E-17   0.3332997       0.4401020E-13   0.2163084E-07   0.7047483E-09   0.2233310E-07    0.000000    
   0.2153409E-05    595.5101       0.9969041E+10    24179.22       0.1380517       0.3453681E-34   0.2634795E-15   0.6667003       0.3650987E-17   0.3332997       0.4401021E-13   0.2264826E-07   0.7949189E-09   0.2345903E-07    0.000000    
   0.2256763E-05    595.5101       0.9969041E+10    24179.22       0.1386022       0.3463785E-34   0.2638499E-15   0.6667003       0.3656527E-17   0.3332997       0.4401023E-13   0.2365553E-07   0.8918056E-09   0.2458497E-07    0.000000    
   0.2360116E-05    595.5101       0.9969041E+10    24179.22       0.1391660       0.3473800E-34   0.2642164E-15   0.6667003       0.3662012E-17   0.3332997       0.4401024E-13   0.2465231E-07   0.9955634E-09   0.2571090E-07    0.000000    
   0.2463470E-05    595.5101       0.9969041E+10    24179.22       0.1397423       0.3483721E-34   0.2645790E-15   0.6667003       0.3667438E-17   0.3332997       0.4401025E-13   0.2563828E-07   0.1106338E-08   0.2683684E-07    0.000000    
   0.2566824E-05    595.5101       0.9969041E+10    24179.22       0.1403303       0.3493545E-34   0.2649374E-15   0.6667003       0.3672803E-17   0.3332997       0.4401026E-13   0.2661312E-07   0.1224266E-08   0.2796278E-07    0.000000    
   0.2670177E-05    595.5101       0.9969042E+10    24179.22       0.1409292       0.3503269E-34   0.2652917E-15   0.6667003       0.3678107E-17   0.3332997       0.4401027E-13   0.2757654E-07   0.1349473E-08   0.2908871E-07    0.000000    
   0.2773531E-05    595.5101       0.9969042E+10    24179.22       0.1415382       0.3512890E-34   0.2656417E-15   0.6667003       0.3683348E-17   0.3332997       0.4401028E-13   0.2852828E-07   0.1482078E-08   0.3021465E-07    0.000000    
   0.2876884E-05    595.5101       0.9969042E+10    24179.22       0.1421565       0.3522403E-34   0.2659873E-15   0.6667003       0.3688524E-17   0.3332997       0.4401030E-13   0.2946807E-07   0.1622187E-08   0.3134059E-07    0.000000    
   0.2980238E-05    595.5102       0.9969042E+10    24179.22       0.1427833       0.3531807E-34   0.2663284E-15   0.6667003       0.3693634E-17   0.3332997       0.4401031E-13   0.3039569E-07   0.1769901E-08   0.3246653E-07    0.000000    
   0.3083591E-05    595.5102       0.9969042E+10    24179.22       0.1434177       0.3541099E-34   0.2666649E-15   0.6667003       0.3698677E-17   0.3332997       0.4401032E-13   0.3131091E-07   0.1925307E-08   0.3359247E-07    0.000000    
   0.3186945E-05    595.5102       0.9969043E+10    24179.22       0.1440590       0.3550275E-34   0.2669969E-15   0.6667003       0.3703652E-17   0.3332997       0.4401033E-13   0.3221353E-07   0.2088485E-08   0.3471841E-07    0.000000    
   0.3290298E-05    595.5102       0.9969043E+10    24179.22       0.1447065       0.3559334E-34   0.2673241E-15   0.6667003       0.3708557E-17   0.3332997       0.4401035E-13   0.3310338E-07   0.2259507E-08   0.3584435E-07    0.000000    
   0.3393652E-05    595.5102       0.9969043E+10    24179.22       0.1453593       0.3568274E-34   0.2676466E-15   0.6667003       0.3713391E-17   0.3332997       0.4401036E-13   0.3398029E-07   0.2438433E-08   0.3697030E-07    0.000000    
   0.3497006E-05    595.5102       0.9969043E+10    24179.22       0.1460166       0.3577092E-34   0.2679643E-15   0.6667003       0.3718154E-17   0.3332997       0.4401038E-13   0.3484410E-07   0.2625316E-08   0.3809624E-07    0.000000    
   0.3600359E-05    595.5102       0.9969043E+10    24179.22       0.1466778       0.3585787E-34   0.2682771E-15   0.6667003       0.3722846E-17   0.3332997       0.4401039E-13   0.3569470E-07   0.2820199E-08   0.3922219E-07    0.000000    
   0.3703713E-05    595.5102       0.9969044E+10    24179.22       0.1473421       0.3594357E-34   0.2685850E-15   0.6667003       0.3727464E-17   0.3332997       0.4401041E-13   0.3653196E-07   0.3023118E-08   0.4034813E-07    0.000000    
   0.3807066E-05    595.5103       0.9969044E+10    24179.22       0.1480087       0.3602800E-34   0.2688880E-15   0.6667003       0.3732009E-17   0.3332997       0.4401042E-13   0.3735580E-07   0.3234099E-08   0.4147408E-07    0.000000    
   0.3910420E-05    595.5103       0.9969044E+10    24179.22       0.1486771       0.3611115E-34   0.2691860E-15   0.6667003       0.3736481E-17   0.3332997       0.4401044E-13   0.3816612E-07   0.3453159E-08   0.4260002E-07    0.000000    
   0.4013773E-05    595.5103       0.9969044E+10    24179.22       0.1493464       0.3619301E-34   0.2694790E-15   0.6667003       0.3740878E-17   0.3332997       0.4401045E-13   0.3896287E-07   0.3680311E-08   0.4372597E-07    0.000000    
   0.4117127E-05    595.5103       0.9969044E+10    24179.22       0.1500161       0.3627357E-34   0.2697670E-15   0.6667003       0.3745202E-17   0.3332996       0.4401047E-13   0.3974600E-07   0.3915554E-08   0.4485192E-07    0.000000    
   0.4220480E-05    595.5103       0.9969045E+10    24179.22       0.1506854       0.3635282E-34   0.2700500E-15   0.6667003       0.3749450E-17   0.3332996       0.4401049E-13   0.4051548E-07   0.4158886E-08   0.4597787E-07    0.000000    
   0.4323834E-05    595.5103       0.9969045E+10    24179.22       0.1513539       0.3643075E-34   0.2703280E-15   0.6667003       0.3753624E-17   0.3332996       0.4401050E-13   0.4127128E-07   0.4410292E-08   0.4710382E-07    0.000000    
   0.4427188E-05    595.5103       0.9969045E+10    24179.22       0.1520208       0.3650736E-34   0.2706010E-15   0.6667003       0.3757722E-17   0.3332996       0.4401052E-13   0.4201339E-07   0.4669754E-08   0.4822977E-07    0.000000    
   0.4530541E-05    595.5104       0.9969045E+10    24179.22       0.1526857       0.3658264E-34   0.2708689E-15   0.6667003       0.3761746E-17   0.3332996       0.4401054E-13   0.4274184E-07   0.4937244E-08   0.4935572E-07    0.000000    
   0.4633895E-05    595.5104       0.9969045E+10    24179.22       0.1533479       0.3665660E-34   0.2711318E-15   0.6667003       0.3765696E-17   0.3332996       0.4401055E-13   0.4345664E-07   0.5212731E-08   0.5048168E-07    0.000000    
   0.4840602E-05    595.5104       0.9969046E+10    24179.22       0.1546623       0.3680052E-34   0.2716426E-15   0.6667003       0.3773371E-17   0.3332996       0.4401059E-13   0.4484542E-07   0.5787532E-08   0.5273359E-07    0.000000    
   0.5047309E-05    595.5104       0.9969046E+10    24179.22       0.1559603       0.3693914E-34   0.2721336E-15   0.6667003       0.3780749E-17   0.3332996       0.4401063E-13   0.4618016E-07   0.6393772E-08   0.5498550E-07    0.000000    
   0.5254016E-05    595.5104       0.9969047E+10    24179.22       0.1572381       0.3707247E-34   0.2726049E-15   0.6667003       0.3787834E-17   0.3332996       0.4401067E-13   0.4746145E-07   0.7030985E-08   0.5723741E-07    0.000000    
   0.5460723E-05    595.5105       0.9969047E+10    24179.22       0.1584928       0.3720057E-34   0.2730569E-15   0.6667002       0.3794630E-17   0.3332996       0.4401071E-13   0.4869003E-07   0.7698623E-08   0.5948933E-07    0.000000    
   0.5667430E-05    595.5105       0.9969048E+10    24179.22       0.1597215       0.3732349E-34   0.2734898E-15   0.6667002       0.3801141E-17   0.3332996       0.4401075E-13   0.4986679E-07   0.8396075E-08   0.6174126E-07    0.000000    
   0.5807751E-05    595.5105       0.9969048E+10    24179.23       0.1605396       0.3740403E-34   0.2737730E-15   0.6667002       0.3805402E-17   0.3332996       0.4401078E-13   0.5063660E-07   0.8886180E-08   0.6326995E-07    0.000000    
