  "Time"          "Temp"          "Pres"          "Dens"          "Th_MIX"        "X_OH*"         "X_H"           "X_H2"          "X_O"           "X_O2"          "X_OH"          "X_HO2"         "X_H2O2"        "X_H2O"         "X_AR"         
  "s"             "K"             "Pa"            "kg/m3"         "s"             "none"          "none"          "none"          "none"          "none"          "none"          "none"          "none"          "none"          "none"         
    0.000000        607.8791       0.1071047E+11    25448.91      -0.4737079E-01    0.000000        0.000000       0.6667004        0.000000       0.3332996        0.000000        0.000000        0.000000        0.000000        0.000000    
   0.5222801E-18    607.8791       0.1071047E+11    25448.91      -0.4737078E-01   0.8574361E-57   0.8342514E-25   0.6667004       0.7229140E-35   0.3332996       0.1170965E-19   0.8168569E-25   0.1078176E-38   0.1743409E-26    0.000000    
   0.1566840E-17    607.8791       0.1071047E+11    25448.91      -0.4737076E-01   0.4654393E-56   0.2545045E-24   0.6667004       0.3967504E-34   0.3332996       0.3512893E-19   0.2450620E-24   0.5853043E-38   0.9464220E-26    0.000000    
   0.3655960E-17    607.8791       0.1071047E+11    25448.91      -0.4737071E-01   0.2271243E-55   0.6179206E-24   0.6667004       0.1982565E-33   0.3332996       0.8196749E-19   0.5718404E-24   0.2856604E-37   0.4618901E-25    0.000000    
   0.7834201E-17    607.8791       0.1071047E+11    25448.91      -0.4737062E-01   0.9864677E-55   0.1425689E-23   0.6667004       0.9212279E-33   0.3332996       0.1756445E-18   0.1225508E-23   0.1241292E-36   0.2006856E-24    0.000000    
   0.1619068E-16    607.8791       0.1071047E+11    25448.91      -0.4737043E-01   0.4146596E-54   0.3375152E-23   0.6667004       0.4342542E-32   0.3332996       0.3629982E-18   0.2533386E-23   0.5222458E-36   0.8441484E-24    0.000000    
   0.3290364E-16    607.8791       0.1071047E+11    25448.91      -0.4737006E-01   0.1701065E-53   0.8607734E-23   0.6667004       0.2165793E-31   0.3332996       0.7377044E-18   0.5152015E-23   0.2146494E-35   0.3467602E-23    0.000000    
   0.6632957E-16    607.8791       0.1071047E+11    25448.91      -0.4736931E-01   0.6883874E-53   0.2441066E-22   0.6667004       0.1187992E-30   0.3332996       0.1487111E-17   0.1040642E-22   0.8722845E-35   0.1406942E-22    0.000000    
   0.1331814E-15    607.8791       0.1071047E+11    25448.91      -0.4736781E-01   0.2761044E-52   0.7732297E-22   0.6667004       0.7275415E-30   0.3332996       0.2985904E-17   0.2102892E-22   0.3532176E-34   0.5669321E-22    0.000000    
   0.2668851E-15    607.8791       0.1071047E+11    25448.91      -0.4736475E-01   0.1106171E-51   0.2680198E-21   0.6667004       0.4912901E-29   0.3332996       0.5983402E-17   0.4308807E-22   0.1442079E-33   0.2276271E-21    0.000000    
   0.5342925E-15    607.8791       0.1071047E+11    25448.91      -0.4735849E-01   0.4833134E-51   0.9860352E-21   0.6667004       0.3554894E-28   0.3332996       0.1197806E-16   0.9331414E-22   0.6129971E-33   0.9122245E-21    0.000000    
   0.1069107E-14    607.8791       0.1071047E+11    25448.91      -0.4734534E-01   0.4592409E-50   0.3745979E-20   0.6667004       0.2676732E-27   0.3332996       0.2396600E-16   0.2406342E-21   0.2986553E-32   0.3652200E-20    0.000000    
   0.2138737E-14    607.8791       0.1071047E+11    25448.91      -0.4731662E-01   0.1675074E-48   0.1438664E-19   0.6667004       0.2048583E-26   0.3332996       0.4793639E-16   0.8964613E-21   0.2012070E-31   0.1461411E-19    0.000000    
   0.4277996E-14    607.8791       0.1071047E+11    25448.91      -0.4725016E-01   0.8344180E-47   0.5483884E-19   0.6667004       0.1562661E-25   0.3332996       0.9585527E-16   0.4955792E-20   0.2049339E-30   0.5845651E-19    0.000000    
   0.6417255E-14    607.8791       0.1071047E+11    25448.91      -0.4717242E-01   0.6358659E-46   0.1192465E-18   0.6667004       0.4836845E-25   0.3332996       0.1437449E-15   0.1427224E-19   0.7815670E-30   0.1315115E-18    0.000000    
   0.1069577E-13    607.8791       0.1071047E+11    25448.91      -0.4698814E-01   0.1065314E-44   0.3091965E-18   0.6667004       0.2101285E-24   0.3332996       0.2394367E-15   0.5931682E-19   0.5314673E-29   0.3651679E-18    0.000000    
   0.1454644E-13    607.8791       0.1071047E+11    25448.91      -0.4679290E-01   0.4792259E-44   0.5425965E-18   0.6667004       0.4916250E-24   0.3332996       0.3254596E-15   0.1371427E-18   0.1563487E-28   0.6751896E-18    0.000000    
   0.1839711E-13    607.8791       0.1071047E+11    25448.91      -0.4657441E-01   0.1522475E-43   0.8254307E-18   0.6667004       0.9369372E-24   0.3332996       0.4113881E-15   0.2599102E-18   0.3592981E-28   0.1079587E-17    0.000000    
   0.2224777E-13    607.8791       0.1071047E+11    25448.91      -0.4633645E-01   0.3864416E-43   0.1149670E-17   0.6667004       0.1574950E-23   0.3332996       0.4972223E-15   0.4355449E-18   0.7094736E-28   0.1578258E-17    0.000000    
   0.2609844E-13    607.8791       0.1071047E+11    25448.91      -0.4608224E-01   0.8387363E-43   0.1508526E-17   0.6667004       0.2430025E-23   0.3332996       0.5829623E-15   0.6707322E-18   0.1261342E-27   0.2171097E-17    0.000000    
   0.3379977E-13    607.8791       0.1071047E+11    25448.91      -0.4553413E-01   0.2867533E-42   0.2310877E-17   0.6667004       0.4859989E-23   0.3332996       0.7541603E-15   0.1338599E-17   0.3200059E-27   0.3638908E-17    0.000000    
   0.4073097E-13    607.8791       0.1071047E+11    25448.91      -0.4500791E-01   0.6786284E-42   0.3103360E-17   0.6667004       0.7960586E-23   0.3332996       0.9079174E-15   0.2190359E-17   0.6269547E-27   0.5280987E-17    0.000000    
   0.4851246E-13    607.8791       0.1071047E+11    25448.91      -0.4439178E-01   0.1490896E-41   0.4047531E-17   0.6667004       0.1256091E-22   0.3332996       0.1080175E-14   0.3453756E-17   0.1177808E-26   0.7486125E-17    0.000000    
   0.5629395E-13    607.8791       0.1071047E+11    25448.91      -0.4375743E-01   0.2857476E-41   0.5031061E-17   0.6667004       0.1840874E-22   0.3332996       0.1252051E-14   0.5059484E-17   0.2010300E-26   0.1007295E-16    0.000000    
   0.6407543E-13    607.8791       0.1071047E+11    25448.91      -0.4311083E-01   0.4956288E-41   0.6041321E-17   0.6667004       0.2554692E-22   0.3332996       0.1423546E-14   0.7019325E-17   0.3193027E-26   0.1304063E-16    0.000000    
   0.7185692E-13    607.8791       0.1071047E+11    25448.91      -0.4245601E-01   0.7971433E-41   0.7069797E-17   0.6667004       0.3400330E-22   0.3332996       0.1594662E-14   0.9340948E-17   0.4796502E-26   0.1638830E-16    0.000000    
   0.7963841E-13    607.8791       0.1071047E+11    25448.91      -0.4179577E-01   0.1208962E-40   0.8110539E-17   0.6667004       0.4379640E-22   0.3332996       0.1765398E-14   0.1202946E-16   0.6892483E-26   0.2011513E-16    0.000000    
   0.8741990E-13    607.8791       0.1071047E+11    25448.91      -0.4113219E-01   0.1749804E-40   0.9159130E-17   0.6667004       0.5493914E-22   0.3332996       0.1935755E-14   0.1508845E-16   0.9553460E-26   0.2422029E-16    0.000000    
   0.9520138E-13    607.8791       0.1071047E+11    25448.91      -0.4046667E-01   0.2438361E-40   0.1021264E-16   0.6667004       0.6743904E-22   0.3332996       0.2105736E-14   0.1851999E-16   0.1285259E-25   0.2870292E-16    0.000000    
   0.1107644E-12    607.8791       0.1071047E+11    25448.91      -0.3913369E-01   0.4332622E-40   0.1232612E-16   0.6667004       0.9652793E-22   0.3332996       0.2444567E-14   0.2650571E-16   0.2165899E-25   0.3879728E-16    0.000000    
   0.1263273E-12    607.8791       0.1071047E+11    25448.91      -0.3780093E-01   0.7038692E-40   0.1444226E-16   0.6667004       0.1310696E-21   0.3332996       0.2781899E-14   0.3598868E-16   0.3390151E-25   0.5039156E-16    0.000000    
   0.1418903E-12    607.8791       0.1071047E+11    25448.91      -0.3647143E-01   0.1070108E-39   0.1655463E-16   0.6667004       0.1710625E-21   0.3332996       0.3117737E-14   0.4696869E-16   0.5016905E-25   0.6347911E-16    0.000000    
   0.1648622E-12    607.8791       0.1071047E+11    25448.91      -0.3451768E-01   0.1815386E-39   0.1965992E-16   0.6667004       0.2400241E-21   0.3332996       0.3610740E-14   0.6590337E-16   0.8278039E-25   0.8551196E-16    0.000000    
   0.1878341E-12    607.8791       0.1071047E+11    25448.91      -0.3257622E-01   0.2844436E-39   0.2274594E-16   0.6667004       0.3207683E-21   0.3332996       0.4100524E-14   0.8807526E-16   0.1273256E-24   0.1107628E-15    0.000000    
   0.2108060E-12    607.8791       0.1071047E+11    25448.91      -0.3064740E-01   0.4200816E-39   0.2581187E-16   0.6667004       0.4132187E-21   0.3332996       0.4587112E-14   0.1134641E-15   0.1856788E-24   0.1392105E-15    0.000000    
   0.2337779E-12    607.8791       0.1071047E+11    25448.91      -0.2873105E-01   0.5927168E-39   0.2885805E-16   0.6667004       0.5172950E-21   0.3332996       0.5070524E-14   0.1420488E-15   0.2597020E-24   0.1708343E-15    0.000000    
   0.2797217E-12    607.8791       0.1071047E+11    25448.91      -0.2493541E-01   0.1065535E-38   0.3489170E-16   0.6667004       0.7600113E-21   0.3332996       0.6027902E-14   0.2087225E-15   0.4621263E-24   0.2435274E-15    0.000000    
   0.3256655E-12    607.8791       0.1071047E+11    25448.91      -0.2118886E-01   0.1735132E-38   0.4084746E-16   0.6667004       0.1048294E-20   0.3332996       0.6972823E-14   0.2879314E-15   0.7492556E-24   0.3286780E-15    0.000000    
   0.3716093E-12    607.8791       0.1071047E+11    25448.91      -0.1749103E-01   0.2632188E-38   0.4672580E-16   0.6667004       0.1381527E-20   0.3332996       0.7905449E-14   0.3795128E-15   0.1135563E-23   0.4261237E-15    0.000000    
   0.4175530E-12    607.8791       0.1071047E+11    25448.91      -0.1384136E-01   0.3785921E-38   0.5252757E-16   0.6667004       0.1759103E-20   0.3332996       0.8825940E-14   0.4833058E-15   0.1635328E-23   0.5357046E-15    0.000000    
   0.4634968E-12    607.8791       0.1071047E+11    25448.91      -0.1023919E-01   0.5224181E-38   0.5825380E-16   0.6667004       0.2180421E-20   0.3332996       0.9734453E-14   0.5991516E-15   0.2262636E-23   0.6572626E-15    0.000000    
   0.5553844E-12    607.8791       0.1071047E+11    25448.91      -0.3174879E-02   0.9059038E-38   0.6948367E-16   0.6667004       0.3151915E-20   0.3332996       0.1151617E-13   0.8663756E-15   0.3955357E-23   0.9356887E-15    0.000000    
   0.6472720E-12    607.8791       0.1071047E+11    25448.91       0.3706859E-02   0.1433343E-37   0.8042334E-16   0.6667004       0.4291358E-20   0.3332996       0.1325182E-13   0.1179954E-14   0.6322792E-23   0.1260179E-14    0.000000    
   0.7391596E-12    607.8791       0.1071047E+11    25448.91       0.1041069E-01   0.2122458E-37   0.9108020E-16   0.6667004       0.5594221E-20   0.3332996       0.1494260E-13   0.1538690E-14   0.9471172E-23   0.1629544E-14    0.000000    
   0.8310471E-12    607.8791       0.1071047E+11    25448.91       0.1694116E-01   0.2989153E-37   0.1014615E-15   0.6667004       0.7056090E-20   0.3332996       0.1658967E-13   0.1941414E-14   0.1350399E-22   0.2042623E-14    0.000000    
   0.9229347E-12    607.8791       0.1071047E+11    25448.91       0.2330278E-01   0.4047643E-37   0.1115743E-15   0.6667004       0.8672666E-20   0.3332996       0.1819415E-13   0.2386991E-14   0.1852209E-22   0.2498286E-14    0.000000    
   0.1014822E-11    607.8791       0.1071047E+11    25448.91       0.2949994E-01   0.5310563E-37   0.1214257E-15   0.6667004       0.1043976E-19   0.3332996       0.1975715E-13   0.2874312E-14   0.2462369E-22   0.2995431E-14    0.000000    
   0.1198597E-11    607.8791       0.1071047E+11    25448.91       0.4141777E-01   0.8492998E-37   0.1403711E-15   0.6667004       0.1440929E-19   0.3332996       0.2276296E-13   0.3969897E-14   0.4045766E-22   0.4109908E-14    0.000000    
   0.1382373E-11    607.8791       0.1071047E+11    25448.91       0.5272726E-01   0.1260997E-36   0.1583494E-15   0.6667004       0.1893330E-19   0.3332996       0.2561535E-13   0.5219866E-14   0.6174207E-22   0.5377802E-14    0.000000    
   0.1566148E-11    607.8791       0.1071047E+11    25448.91       0.6345950E-01   0.1771606E-36   0.1754101E-15   0.6667004       0.2398200E-19   0.3332996       0.2832216E-13   0.6616339E-14   0.8917552E-22   0.6791283E-14    0.000000    
   0.1749923E-11    607.8791       0.1071047E+11    25448.91       0.7364400E-01   0.2384960E-36   0.1916000E-15   0.6667004       0.2952714E-19   0.3332996       0.3089081E-13   0.8151839E-14   0.1234209E-21   0.8342921E-14    0.000000    
   0.1933698E-11    607.8791       0.1071047E+11    25448.91       0.8330869E-01   0.3103497E-36   0.2069636E-15   0.6667004       0.3554191E-19   0.3332996       0.3332836E-13   0.9819269E-14   0.1651074E-21   0.1002566E-13    0.000000    
   0.2117473E-11    607.8791       0.1071047E+11    25448.91       0.9248007E-01   0.3928464E-36   0.2215431E-15   0.6667004       0.4200085E-19   0.3332996       0.3564150E-13   0.1161190E-13   0.2148320E-21   0.1183282E-13    0.000000    
   0.2301248E-11    607.8791       0.1071047E+11    25448.91       0.1011834       0.4860103E-36   0.2353784E-15   0.6667004       0.4887984E-19   0.3332996       0.3783657E-13   0.1352333E-13   0.2731611E-21   0.1375804E-13    0.000000    
   0.2485024E-11    607.8791       0.1071047E+11    25448.91       0.1094424       0.5897805E-36   0.2485075E-15   0.6667004       0.5615597E-19   0.3332996       0.3991961E-13   0.1554750E-13   0.3406323E-21   0.1579529E-13    0.000000    
   0.2668799E-11    607.8791       0.1071047E+11    25448.91       0.1172800       0.7040253E-36   0.2609666E-15   0.6667004       0.6380750E-19   0.3332996       0.4189633E-13   0.1767867E-13   0.4177558E-21   0.1793886E-13    0.000000    
   0.2852574E-11    607.8791       0.1071047E+11    25448.91       0.1247174       0.8285542E-36   0.2727897E-15   0.6667004       0.7181382E-19   0.3332996       0.4377215E-13   0.1991136E-13   0.5050157E-21   0.2018333E-13    0.000000    
   0.3036349E-11    607.8791       0.1071047E+11    25448.91       0.1317753       0.9631286E-36   0.2840094E-15   0.6667004       0.8015535E-19   0.3332996       0.4555224E-13   0.2224040E-13   0.6028713E-21   0.2252354E-13    0.000000    
   0.3220124E-11    607.8791       0.1071047E+11    25448.91       0.1384730       0.1107471E-35   0.2946564E-15   0.6667004       0.8881354E-19   0.3332996       0.4724147E-13   0.2466086E-13   0.7117587E-21   0.2495460E-13    0.000000    
   0.3403899E-11    607.8791       0.1071047E+11    25448.91       0.1448288       0.1261274E-35   0.3047600E-15   0.6667004       0.9777077E-19   0.3332996       0.4884448E-13   0.2716809E-13   0.8320914E-21   0.2747189E-13    0.000000    
   0.3587674E-11    607.8791       0.1071047E+11    25448.91       0.1508602       0.1424205E-35   0.3143480E-15   0.6667004       0.1070103E-18   0.3332996       0.5036567E-13   0.2975765E-13   0.9642621E-21   0.3007099E-13    0.000000    
   0.3771450E-11    607.8791       0.1071047E+11    25448.91       0.1565838       0.1595915E-35   0.3234465E-15   0.6667004       0.1165164E-18   0.3332996       0.5180922E-13   0.3242535E-13   0.1108643E-20   0.3274773E-13    0.000000    
   0.3955225E-11    607.8791       0.1071047E+11    25448.91       0.1620152       0.1776042E-35   0.3320807E-15   0.6667004       0.1262738E-18   0.3332996       0.5317909E-13   0.3516718E-13   0.1265589E-20   0.3549815E-13    0.000000    
   0.4139000E-11    607.8791       0.1071047E+11    25448.91       0.1671694       0.1964217E-35   0.3402741E-15   0.6667004       0.1362684E-18   0.3332996       0.5447905E-13   0.3797938E-13   0.1435433E-20   0.3831849E-13    0.000000    
   0.4322775E-11    607.8791       0.1071047E+11    25448.91       0.1720605       0.2160066E-35   0.3480494E-15   0.6667004       0.1464867E-18   0.3332996       0.5571265E-13   0.4085834E-13   0.1618496E-20   0.4120518E-13    0.000000    
   0.4506550E-11    607.8791       0.1071047E+11    25448.91       0.1767020       0.2363214E-35   0.3554279E-15   0.6667004       0.1569157E-18   0.3332996       0.5688330E-13   0.4380066E-13   0.1815078E-20   0.4415484E-13    0.000000    
   0.4690325E-11    607.8791       0.1071047E+11    25448.91       0.1811066       0.2573289E-35   0.3624297E-15   0.6667004       0.1675432E-18   0.3332996       0.5799419E-13   0.4680311E-13   0.2025468E-20   0.4716424E-13    0.000000    
   0.4874100E-11    607.8791       0.1071047E+11    25448.91       0.1852864       0.2789921E-35   0.3690741E-15   0.6667004       0.1783578E-18   0.3332996       0.5904838E-13   0.4986262E-13   0.2249935E-20   0.5023034E-13    0.000000    
   0.5241651E-11    607.8791       0.1071047E+11    25448.91       0.1930169       0.3241417E-35   0.3813630E-15   0.6667004       0.2005047E-18   0.3332996       0.6099809E-13   0.5614130E-13   0.2742127E-20   0.5652122E-13    0.000000    
   0.5572446E-11    607.8791       0.1071047E+11    25448.91       0.1993145       0.3666640E-35   0.3913742E-15   0.6667004       0.2209722E-18   0.3332996       0.6258644E-13   0.6195956E-13   0.3235703E-20   0.6234941E-13    0.000000    
   0.5903241E-11    607.8791       0.1071047E+11    25448.91       0.2050455       0.4107735E-35   0.4004845E-15   0.6667004       0.2418910E-18   0.3332996       0.6403185E-13   0.6792165E-13   0.3778531E-20   0.6832053E-13    0.000000    
   0.6234037E-11    607.8791       0.1071047E+11    25448.91       0.2102607       0.4562887E-35   0.4087749E-15   0.6667004       0.2632127E-18   0.3332996       0.6534719E-13   0.7401464E-13   0.4371759E-20   0.7442172E-13    0.000000    
   0.6564832E-11    607.8791       0.1071047E+11    25448.91       0.2150066       0.5030400E-35   0.4163193E-15   0.6667004       0.2848927E-18   0.3332996       0.6654417E-13   0.8022674E-13   0.5016430E-20   0.8064129E-13    0.000000    
   0.6895627E-11    607.8791       0.1071047E+11    25448.91       0.2193254       0.5508709E-35   0.4231848E-15   0.6667004       0.3068910E-18   0.3332996       0.6763343E-13   0.8654723E-13   0.5713496E-20   0.8696856E-13    0.000000    
   0.7226422E-11    607.8791       0.1071047E+11    25448.91       0.2232556       0.5996372E-35   0.4294325E-15   0.6667004       0.3291709E-18   0.3332996       0.6862466E-13   0.9296636E-13   0.6463820E-20   0.9339386E-13    0.000000    
   0.7557218E-11    607.8791       0.1071047E+11    25448.91       0.2268321       0.6492074E-35   0.4351179E-15   0.6667004       0.3516990E-18   0.3332996       0.6952670E-13   0.9947526E-13   0.7268189E-20   0.9990836E-13    0.000000    
   0.7888013E-11    607.8791       0.1071047E+11    25448.91       0.2300868       0.6994618E-35   0.4402917E-15   0.6667004       0.3744451E-18   0.3332996       0.7034756E-13   0.1060658E-12   0.8127320E-20   0.1065040E-12    0.000000    
   0.8218808E-11    607.8791       0.1071047E+11    25448.91       0.2330485       0.7502920E-35   0.4449999E-15   0.6667004       0.3973818E-18   0.3332996       0.7109455E-13   0.1127308E-12   0.9041865E-20   0.1131736E-12    0.000000    
   0.8549603E-11    607.8791       0.1071047E+11    25448.91       0.2357438       0.8016004E-35   0.4492845E-15   0.6667004       0.4204839E-18   0.3332996       0.7177432E-13   0.1194633E-12   0.1001242E-19   0.1199104E-12    0.000000    
   0.8880399E-11    607.8791       0.1071047E+11    25448.91       0.2381964       0.8532991E-35   0.4531834E-15   0.6667004       0.4437288E-18   0.3332996       0.7239292E-13   0.1262574E-12   0.1103951E-19   0.1267083E-12    0.000000    
   0.9211194E-11    607.8791       0.1071047E+11    25448.91       0.2404284       0.9053098E-35   0.4567315E-15   0.6667004       0.4670958E-18   0.3332996       0.7295585E-13   0.1331076E-12   0.1212365E-19   0.1335619E-12    0.000000    
   0.9541989E-11    607.8791       0.1071047E+11    25448.91       0.2424596       0.9575624E-35   0.4599603E-15   0.6667004       0.4905661E-18   0.3332996       0.7346812E-13   0.1400087E-12   0.1326526E-19   0.1404662E-12    0.000000    
   0.9872785E-11    607.8791       0.1071047E+11    25448.91       0.2443079       0.1009995E-34   0.4628986E-15   0.6667004       0.5141227E-18   0.3332996       0.7393430E-13   0.1469562E-12   0.1446477E-19   0.1474165E-12    0.000000    
   0.1020358E-10    607.8791       0.1071047E+11    25448.91       0.2459899       0.1062552E-34   0.4655724E-15   0.6667004       0.5377500E-18   0.3332996       0.7435852E-13   0.1539459E-12   0.1572254E-19   0.1544088E-12    0.000000    
   0.1053438E-10    607.8791       0.1071047E+11    25448.91       0.2475206       0.1115186E-34   0.4680057E-15   0.6667004       0.5614341E-18   0.3332996       0.7474457E-13   0.1609741E-12   0.1703891E-19   0.1614393E-12    0.000000    
   0.1086517E-10    607.8791       0.1071047E+11    25448.91       0.2489135       0.1167853E-34   0.4702199E-15   0.6667004       0.5851621E-18   0.3332996       0.7509588E-13   0.1680372E-12   0.1841417E-19   0.1685046E-12    0.000000    
   0.1119597E-10    607.8791       0.1071047E+11    25448.91       0.2501810       0.1220517E-34   0.4722349E-15   0.6667004       0.6089224E-18   0.3332996       0.7541557E-13   0.1751321E-12   0.1984863E-19   0.1756014E-12    0.000000    
   0.1152676E-10    607.8791       0.1071047E+11    25448.91       0.2513345       0.1273144E-34   0.4740686E-15   0.6667004       0.6327044E-18   0.3332996       0.7570649E-13   0.1822559E-12   0.2134252E-19   0.1827270E-12    0.000000    
   0.1185756E-10    607.8791       0.1071047E+11    25448.91       0.2523842       0.1325707E-34   0.4757373E-15   0.6667004       0.6564987E-18   0.3332996       0.7597124E-13   0.1894061E-12   0.2289607E-19   0.1898788E-12    0.000000    
   0.1218835E-10    607.8791       0.1071047E+11    25448.91       0.2533394       0.1378181E-34   0.4772558E-15   0.6667004       0.6802966E-18   0.3332996       0.7621216E-13   0.1965803E-12   0.2450951E-19   0.1970544E-12    0.000000    
   0.1251915E-10    607.8791       0.1071047E+11    25448.91       0.2542087       0.1430544E-34   0.4786376E-15   0.6667004       0.7040901E-18   0.3332996       0.7643140E-13   0.2037763E-12   0.2618301E-19   0.2042517E-12    0.000000    
   0.1284994E-10    607.8791       0.1071047E+11    25448.91       0.2549998       0.1482780E-34   0.4798951E-15   0.6667004       0.7278723E-18   0.3332996       0.7663091E-13   0.2109922E-12   0.2791676E-19   0.2114688E-12    0.000000    
   0.1318074E-10    607.8791       0.1071047E+11    25448.91       0.2557196       0.1534872E-34   0.4810394E-15   0.6667004       0.7516365E-18   0.3332996       0.7681246E-13   0.2182261E-12   0.2971091E-19   0.2187038E-12    0.000000    
   0.1351153E-10    607.8791       0.1071047E+11    25448.91       0.2563747       0.1586807E-34   0.4820808E-15   0.6667004       0.7753770E-18   0.3332996       0.7697768E-13   0.2254765E-12   0.3156560E-19   0.2259551E-12    0.000000    
   0.1384233E-10    607.8791       0.1071047E+11    25448.91       0.2569708       0.1638575E-34   0.4830285E-15   0.6667004       0.7990884E-18   0.3332996       0.7712803E-13   0.2327418E-12   0.3348097E-19   0.2332213E-12    0.000000    
   0.1417312E-10    607.8791       0.1071047E+11    25448.91       0.2575133       0.1690166E-34   0.4838908E-15   0.6667004       0.8227660E-18   0.3332996       0.7726485E-13   0.2400207E-12   0.3545714E-19   0.2405010E-12    0.000000    
   0.1450392E-10    607.8791       0.1071047E+11    25448.91       0.2580070       0.1741573E-34   0.4846756E-15   0.6667004       0.8464054E-18   0.3332996       0.7738936E-13   0.2473120E-12   0.3749421E-19   0.2477930E-12    0.000000    
   0.1483471E-10    607.8791       0.1071047E+11    25448.91       0.2584562       0.1792790E-34   0.4853898E-15   0.6667004       0.8700027E-18   0.3332996       0.7750266E-13   0.2546146E-12   0.3959229E-19   0.2550963E-12    0.000000    
   0.1516551E-10    607.8791       0.1071047E+11    25448.91       0.2588650       0.1843812E-34   0.4860396E-15   0.6667004       0.8935543E-18   0.3332996       0.7760577E-13   0.2619275E-12   0.4175146E-19   0.2624097E-12    0.000000    
   0.1549630E-10    607.8791       0.1071047E+11    25448.91       0.2592371       0.1894636E-34   0.4866311E-15   0.6667004       0.9170571E-18   0.3332996       0.7769960E-13   0.2692497E-12   0.4397180E-19   0.2697324E-12    0.000000    
   0.1582710E-10    607.8791       0.1071047E+11    25448.91       0.2595756       0.1945258E-34   0.4871692E-15   0.6667004       0.9405082E-18   0.3332996       0.7778499E-13   0.2765804E-12   0.4625340E-19   0.2770636E-12    0.000000    
   0.1615789E-10    607.8791       0.1071047E+11    25448.91       0.2598837       0.1995676E-34   0.4876590E-15   0.6667004       0.9639049E-18   0.3332996       0.7786269E-13   0.2839188E-12   0.4859631E-19   0.2844024E-12    0.000000    
   0.1648869E-10    607.8791       0.1071047E+11    25448.91       0.2601641       0.2045890E-34   0.4881047E-15   0.6667004       0.9872449E-18   0.3332996       0.7793340E-13   0.2912643E-12   0.5100060E-19   0.2917482E-12    0.000000    
   0.1715028E-10    607.8791       0.1071047E+11    25448.91       0.2606514       0.2145699E-34   0.4888793E-15   0.6667004       0.1033747E-17   0.3332996       0.7805630E-13   0.3059739E-12   0.5599355E-19   0.3064584E-12    0.000000    
   0.1774571E-10    607.8791       0.1071047E+11    25448.91       0.2610179       0.2234823E-34   0.4894620E-15   0.6667004       0.1075386E-17   0.3332996       0.7814874E-13   0.3192308E-12   0.6069763E-19   0.3197158E-12    0.000000    
   0.1830514E-10    607.8791       0.1071047E+11    25448.91       0.2613099       0.2317954E-34   0.4899263E-15   0.6667004       0.1114315E-17   0.3332996       0.7822240E-13   0.3316994E-12   0.6529915E-19   0.3321847E-12    0.000000    
   0.1886457E-10    607.8791       0.1071047E+11    25448.91       0.2615590       0.2400505E-34   0.4903221E-15   0.6667004       0.1153053E-17   0.3332996       0.7828520E-13   0.3441790E-12   0.7007704E-19   0.3446645E-12    0.000000    
   0.1942400E-10    607.8791       0.1071047E+11    25448.91       0.2617713       0.2482481E-34   0.4906596E-15   0.6667004       0.1191595E-17   0.3332996       0.7833875E-13   0.3566678E-12   0.7503144E-19   0.3571536E-12    0.000000    
   0.1998343E-10    607.8791       0.1071047E+11    25448.91       0.2619523       0.2563891E-34   0.4909474E-15   0.6667004       0.1229937E-17   0.3332996       0.7838440E-13   0.3691646E-12   0.8016247E-19   0.3696506E-12    0.000000    
   0.2054286E-10    607.8791       0.1071047E+11    25448.91       0.2621066       0.2644742E-34   0.4911927E-15   0.6667004       0.1268076E-17   0.3332996       0.7842332E-13   0.3816682E-12   0.8547023E-19   0.3821543E-12    0.000000    
   0.2110229E-10    607.8791       0.1071047E+11    25448.91       0.2622382       0.2725043E-34   0.4914019E-15   0.6667004       0.1306009E-17   0.3332996       0.7845651E-13   0.3941776E-12   0.9095481E-19   0.3946637E-12    0.000000    
   0.2166172E-10    607.8791       0.1071047E+11    25448.91       0.2623504       0.2804802E-34   0.4915803E-15   0.6667004       0.1343734E-17   0.3332996       0.7848480E-13   0.4066919E-12   0.9661629E-19   0.4071780E-12    0.000000    
   0.2222115E-10    607.8791       0.1071047E+11    25448.91       0.2624460       0.2884027E-34   0.4917323E-15   0.6667004       0.1381251E-17   0.3332996       0.7850892E-13   0.4192103E-12   0.1024547E-18   0.4196965E-12    0.000000    
   0.2278058E-10    607.8791       0.1071047E+11    25448.91       0.2625276       0.2962728E-34   0.4918620E-15   0.6667004       0.1418558E-17   0.3332996       0.7852949E-13   0.4317324E-12   0.1084702E-18   0.4322185E-12    0.000000    
   0.2334001E-10    607.8791       0.1071047E+11    25448.91       0.2625971       0.3040911E-34   0.4919725E-15   0.6667004       0.1455654E-17   0.3332996       0.7854703E-13   0.4442575E-12   0.1146627E-18   0.4447436E-12    0.000000    
   0.2389944E-10    607.8791       0.1071047E+11    25448.91       0.2626564       0.3118586E-34   0.4920668E-15   0.6667004       0.1492540E-17   0.3332996       0.7856198E-13   0.4567852E-12   0.1210324E-18   0.4572713E-12    0.000000    
   0.2445887E-10    607.8791       0.1071047E+11    25448.91       0.2627070       0.3195758E-34   0.4921471E-15   0.6667004       0.1529214E-17   0.3332996       0.7857473E-13   0.4693151E-12   0.1275791E-18   0.4698012E-12    0.000000    
   0.2501830E-10    607.8791       0.1071047E+11    25448.91       0.2627501       0.3272435E-34   0.4922156E-15   0.6667004       0.1565677E-17   0.3332996       0.7858560E-13   0.4818470E-12   0.1343031E-18   0.4823329E-12    0.000000    
   0.2557773E-10    607.8791       0.1071047E+11    25448.91       0.2627868       0.3348625E-34   0.4922741E-15   0.6667004       0.1601930E-17   0.3332996       0.7859486E-13   0.4943804E-12   0.1412042E-18   0.4948663E-12    0.000000    
   0.2613716E-10    607.8791       0.1071047E+11    25448.91       0.2628181       0.3424332E-34   0.4923239E-15   0.6667004       0.1637972E-17   0.3332996       0.7860276E-13   0.5069152E-12   0.1482825E-18   0.5074010E-12    0.000000    
   0.2669659E-10    607.8791       0.1071047E+11    25448.91       0.2628449       0.3499564E-34   0.4923664E-15   0.6667004       0.1673805E-17   0.3332996       0.7860950E-13   0.5194512E-12   0.1555381E-18   0.5199369E-12    0.000000    
   0.2725602E-10    607.8791       0.1071047E+11    25448.91       0.2628676       0.3574325E-34   0.4924026E-15   0.6667004       0.1709428E-17   0.3332996       0.7861524E-13   0.5319882E-12   0.1629709E-18   0.5324737E-12    0.000000    
   0.2781546E-10    607.8791       0.1071047E+11    25448.91       0.2628871       0.3648622E-34   0.4924335E-15   0.6667004       0.1744843E-17   0.3332996       0.7862014E-13   0.5445260E-12   0.1705810E-18   0.5450115E-12    0.000000    
   0.2893432E-10    607.8791       0.1071047E+11    25448.91       0.2629177       0.3795842E-34   0.4924822E-15   0.6667004       0.1815050E-17   0.3332996       0.7862788E-13   0.5696037E-12   0.1863330E-18   0.5700890E-12    0.000000    
   0.2994129E-10    607.8791       0.1071047E+11    25448.91       0.2629381       0.3926798E-34   0.4925146E-15   0.6667004       0.1877531E-17   0.3332996       0.7863301E-13   0.5921755E-12   0.2011162E-18   0.5926605E-12    0.000000    
   0.3092894E-10    607.8791       0.1071047E+11    25448.91       0.2629532       0.4053849E-34   0.4925386E-15   0.6667004       0.1938171E-17   0.3332996       0.7863680E-13   0.6143155E-12   0.2161737E-18   0.6148003E-12    0.000000    
   0.3191660E-10    607.8791       0.1071047E+11    25448.91       0.2629645       0.4179542E-34   0.4925566E-15   0.6667004       0.1998180E-17   0.3332996       0.7863967E-13   0.6364564E-12   0.2317839E-18   0.6369410E-12    0.000000    
   0.3290425E-10    607.8791       0.1071047E+11    25448.91       0.2629731       0.4303897E-34   0.4925703E-15   0.6667004       0.2057563E-17   0.3332996       0.7864183E-13   0.6585981E-12   0.2479468E-18   0.6590824E-12    0.000000    
   0.3389191E-10    607.8791       0.1071047E+11    25448.91       0.2629796       0.4426934E-34   0.4925806E-15   0.6667004       0.2116327E-17   0.3332996       0.7864346E-13   0.6807402E-12   0.2646623E-18   0.6812243E-12    0.000000    
   0.3487956E-10    607.8791       0.1071047E+11    25448.91       0.2629845       0.4548668E-34   0.4925884E-15   0.6667004       0.2174478E-17   0.3332996       0.7864469E-13   0.7028828E-12   0.2819306E-18   0.7033667E-12    0.000000    
   0.3586722E-10    607.8791       0.1071047E+11    25448.91       0.2629882       0.4669118E-34   0.4925943E-15   0.6667004       0.2232021E-17   0.3332996       0.7864562E-13   0.7250257E-12   0.2997516E-18   0.7255093E-12    0.000000    
   0.3685487E-10    607.8791       0.1071047E+11    25448.91       0.2629910       0.4788298E-34   0.4925987E-15   0.6667004       0.2288963E-17   0.3332996       0.7864632E-13   0.7471688E-12   0.3181253E-18   0.7476522E-12    0.000000    
   0.3784253E-10    607.8791       0.1071047E+11    25448.91       0.2629931       0.4906225E-34   0.4926021E-15   0.6667004       0.2345310E-17   0.3332996       0.7864686E-13   0.7693121E-12   0.3370518E-18   0.7697952E-12    0.000000    
   0.3883018E-10    607.8791       0.1071047E+11    25448.91       0.2629947       0.5022912E-34   0.4926047E-15   0.6667004       0.2401067E-17   0.3332996       0.7864726E-13   0.7914555E-12   0.3565310E-18   0.7919384E-12    0.000000    
   0.3981784E-10    607.8791       0.1071047E+11    25448.91       0.2629959       0.5138374E-34   0.4926066E-15   0.6667004       0.2456242E-17   0.3332996       0.7864756E-13   0.8135990E-12   0.3765629E-18   0.8140816E-12    0.000000    
   0.4080549E-10    607.8791       0.1071047E+11    25448.91       0.2629968       0.5252624E-34   0.4926081E-15   0.6667004       0.2510840E-17   0.3332996       0.7864779E-13   0.8357426E-12   0.3971475E-18   0.8362250E-12    0.000000    
   0.4179314E-10    607.8791       0.1071047E+11    25448.91       0.2629975       0.5365677E-34   0.4926092E-15   0.6667004       0.2564866E-17   0.3332996       0.7864796E-13   0.8578862E-12   0.4182849E-18   0.8583684E-12    0.000000    
   0.4376845E-10    607.8791       0.1071047E+11    25448.91       0.2629984       0.5588240E-34   0.4926107E-15   0.6667004       0.2671229E-17   0.3332996       0.7864819E-13   0.9021737E-12   0.4622180E-18   0.9026553E-12    0.000000    
   0.4574376E-10    607.8791       0.1071047E+11    25448.91       0.2629990       0.5806165E-34   0.4926116E-15   0.6667004       0.2775378E-17   0.3332996       0.7864833E-13   0.9464612E-12   0.5083621E-18   0.9469423E-12    0.000000    
   0.4771907E-10    607.8791       0.1071047E+11    25448.91       0.2629993       0.6019550E-34   0.4926121E-15   0.6667004       0.2877360E-17   0.3332996       0.7864840E-13   0.9907488E-12   0.5567172E-18   0.9912293E-12    0.000000    
   0.4969438E-10    607.8791       0.1071047E+11    25448.91       0.2629995       0.6228491E-34   0.4926124E-15   0.6667004       0.2977218E-17   0.3332996       0.7864845E-13   0.1035036E-11   0.6072833E-18   0.1035516E-11    0.000000    
   0.5166969E-10    607.8791       0.1071047E+11    25448.91       0.2629996       0.6433082E-34   0.4926127E-15   0.6667004       0.3074998E-17   0.3332996       0.7864848E-13   0.1079324E-11   0.6600604E-18   0.1079804E-11    0.000000    
   0.5364500E-10    607.8791       0.1071047E+11    25448.91       0.2629997       0.6633413E-34   0.4926128E-15   0.6667004       0.3170742E-17   0.3332996       0.7864850E-13   0.1123612E-11   0.7150486E-18   0.1124091E-11    0.000000    
   0.5562031E-10    607.8791       0.1071047E+11    25448.91       0.2629998       0.6829573E-34   0.4926129E-15   0.6667004       0.3264493E-17   0.3332996       0.7864851E-13   0.1167899E-11   0.7722479E-18   0.1168378E-11    0.000000    
   0.5759562E-10    607.8791       0.1071047E+11    25448.91       0.2629998       0.7021649E-34   0.4926130E-15   0.6667004       0.3356292E-17   0.3332996       0.7864851E-13   0.1212187E-11   0.8316582E-18   0.1212665E-11    0.000000    
   0.6154624E-10    607.8791       0.1071047E+11    25448.91       0.2629999       0.7393889E-34   0.4926132E-15   0.6667004       0.3534198E-17   0.3332996       0.7864853E-13   0.1300762E-11   0.9571121E-18   0.1301239E-11    0.000000    
   0.6549685E-10    607.8791       0.1071047E+11    25448.91       0.2630000       0.7750793E-34   0.4926134E-15   0.6667004       0.3704773E-17   0.3332996       0.7864854E-13   0.1389338E-11   0.1091410E-17   0.1389814E-11    0.000000    
   0.6944747E-10    607.8791       0.1071047E+11    25448.91       0.2630001       0.8092991E-34   0.4926135E-15   0.6667004       0.3868320E-17   0.3332996       0.7864854E-13   0.1477913E-11   0.1234553E-17   0.1478388E-11    0.000000    
   0.7339809E-10    607.8791       0.1071047E+11    25448.91       0.2630001       0.8421086E-34   0.4926136E-15   0.6667004       0.4025127E-17   0.3332996       0.7864855E-13   0.1566488E-11   0.1386540E-17   0.1566962E-11    0.000000    
   0.8129933E-10    607.8791       0.1071047E+11    25448.91       0.2630002       0.9037239E-34   0.4926138E-15   0.6667004       0.4319606E-17   0.3332996       0.7864856E-13   0.1743639E-11   0.1717049E-17   0.1744111E-11    0.000000    
   0.9710180E-10    607.8791       0.1071047E+11    25448.91       0.2630004       0.1012389E-33   0.4926143E-15   0.6667004       0.4838951E-17   0.3332996       0.7864858E-13   0.2097941E-11   0.2484202E-17   0.2098408E-11    0.000000    
   0.1104421E-09    607.8791       0.1071047E+11    25448.91       0.2630005       0.1090897E-33   0.4926146E-15   0.6667004       0.5214162E-17   0.3332996       0.7864859E-13   0.2397041E-11   0.3241992E-17   0.2397504E-11    0.000000    
   0.1371228E-09    607.8791       0.1071047E+11    25448.91       0.2630008       0.1217754E-33   0.4926153E-15   0.6667004       0.5820445E-17   0.3332996       0.7864862E-13   0.2995240E-11   0.5060150E-17   0.2995695E-11    0.000000    
   0.1611355E-09    607.8791       0.1071047E+11    25448.91       0.2630010       0.1304802E-33   0.4926158E-15   0.6667004       0.6236469E-17   0.3332996       0.7864863E-13   0.3533620E-11   0.7041446E-17   0.3534068E-11    0.000000    
   0.1851481E-09    607.8791       0.1071047E+11    25448.91       0.2630012       0.1372300E-33   0.4926162E-15   0.6667004       0.6559058E-17   0.3332996       0.7864865E-13   0.4071999E-11   0.9349558E-17   0.4072441E-11    0.000000    
   0.2091607E-09    607.8791       0.1071047E+11    25448.91       0.2630013       0.1424671E-33   0.4926166E-15   0.6667004       0.6809350E-17   0.3332996       0.7864866E-13   0.4610379E-11   0.1198450E-16   0.4610813E-11    0.000000    
   0.2331734E-09    607.8791       0.1071047E+11    25448.91       0.2630015       0.1465302E-33   0.4926170E-15   0.6667004       0.7003534E-17   0.3332996       0.7864866E-13   0.5148759E-11   0.1494629E-16   0.5149186E-11    0.000000    
   0.2571860E-09    607.8791       0.1071047E+11    25448.91       0.2630016       0.1496817E-33   0.4926174E-15   0.6667004       0.7154145E-17   0.3332996       0.7864867E-13   0.5687139E-11   0.1823494E-16   0.5687559E-11    0.000000    
   0.3052112E-09    607.8791       0.1071047E+11    25448.91       0.2630018       0.1540525E-33   0.4926181E-15   0.6667004       0.7363030E-17   0.3332996       0.7864868E-13   0.6763900E-11   0.2579288E-16   0.6764304E-11    0.000000    
   0.3532365E-09    607.8791       0.1071047E+11    25448.91       0.2630020       0.1567044E-33   0.4926187E-15   0.6667004       0.7489763E-17   0.3332996       0.7864868E-13   0.7840661E-11   0.3465846E-16   0.7841050E-11    0.000000    
   0.4118807E-09    607.8791       0.1071047E+11    25448.91       0.2630023       0.1584585E-33   0.4926195E-15   0.6667004       0.7573584E-17   0.3332996       0.7864869E-13   0.9155506E-11   0.4725780E-16   0.9155878E-11    0.000000    
   0.4646605E-09    607.8791       0.1071047E+11    25448.91       0.2630025       0.1593032E-33   0.4926202E-15   0.6667004       0.7613946E-17   0.3332996       0.7864869E-13   0.1033887E-10   0.6026465E-16   0.1033922E-10    0.000000    
   0.5174403E-09    607.8791       0.1071047E+11    25448.91       0.2630027       0.1598015E-33   0.4926209E-15   0.6667004       0.7637751E-17   0.3332996       0.7864869E-13   0.1152223E-10   0.7485136E-16   0.1152257E-10    0.000000    
   0.5702201E-09    607.8791       0.1071047E+11    25448.91       0.2630029       0.1601071E-33   0.4926215E-15   0.6667004       0.7652345E-17   0.3332996       0.7864869E-13   0.1270559E-10   0.9101808E-16   0.1270591E-10    0.000000    
   0.6229999E-09    607.8791       0.1071047E+11    25448.91       0.2630031       0.1602948E-33   0.4926222E-15   0.6667004       0.7661304E-17   0.3332996       0.7864869E-13   0.1388895E-10   0.1087650E-15   0.1388926E-10    0.000000    
   0.6757797E-09    607.8791       0.1071047E+11    25448.91       0.2630033       0.1604076E-33   0.4926228E-15   0.6667004       0.7666687E-17   0.3332996       0.7864869E-13   0.1507231E-10   0.1280922E-15   0.1507260E-10    0.000000    
   0.7813393E-09    607.8791       0.1071047E+11    25448.91       0.2630037       0.1605000E-33   0.4926242E-15   0.6667004       0.7671080E-17   0.3332996       0.7864869E-13   0.1743903E-10   0.1714884E-15   0.1743929E-10    0.000000    
   0.8868989E-09    607.8791       0.1071047E+11    25448.91       0.2630041       0.1605285E-33   0.4926255E-15   0.6667004       0.7672425E-17   0.3332996       0.7864869E-13   0.1980576E-10   0.2212080E-15   0.1980598E-10    0.000000    
   0.1098018E-08    607.8791       0.1071047E+11    25448.91       0.2630049       0.1605106E-33   0.4926281E-15   0.6667004       0.7671525E-17   0.3332996       0.7864869E-13   0.2453920E-10   0.3396222E-15   0.2453936E-10    0.000000    
   0.1288025E-08    607.8791       0.1071047E+11    25448.91       0.2630056       0.1605305E-33   0.4926305E-15   0.6667004       0.7672440E-17   0.3332996       0.7864869E-13   0.2879930E-10   0.4678340E-15   0.2879940E-10    0.000000    
   0.1668040E-08    607.8791       0.1071047E+11    25448.91       0.2630070       0.1605406E-33   0.4926352E-15   0.6667004       0.7672848E-17   0.3332996       0.7864869E-13   0.3731950E-10   0.7857890E-15   0.3731948E-10    0.000000    
   0.1982349E-08    607.8791       0.1071047E+11    25448.91       0.2630082       0.1605626E-33   0.4926391E-15   0.6667004       0.7673838E-17   0.3332996       0.7864869E-13   0.4436654E-10   0.1110795E-14   0.4436643E-10    0.000000    
   0.2296659E-08    607.8791       0.1071047E+11    25448.91       0.2630094       0.1605785E-33   0.4926430E-15   0.6667004       0.7674540E-17   0.3332996       0.7864869E-13   0.5141359E-10   0.1491995E-14   0.5141337E-10    0.000000    
   0.2925277E-08    607.8791       0.1071047E+11    25448.91       0.2630117       0.1605888E-33   0.4926509E-15   0.6667004       0.7674911E-17   0.3332996       0.7864869E-13   0.6550767E-10   0.2423113E-14   0.6550727E-10    0.000000    
   0.3553896E-08    607.8791       0.1071047E+11    25448.91       0.2630141       0.1605900E-33   0.4926587E-15   0.6667004       0.7674846E-17   0.3332996       0.7864869E-13   0.7960175E-10   0.3579418E-14   0.7960116E-10    0.000000    
   0.4811134E-08    607.8791       0.1071047E+11    25448.91       0.2630188       0.1605977E-33   0.4926743E-15   0.6667004       0.7674970E-17   0.3332996       0.7864869E-13   0.1077899E-09   0.6568695E-14   0.1077889E-09    0.000000    
   0.6068372E-08    607.8791       0.1071047E+11    25448.91       0.2630235       0.1606105E-33   0.4926900E-15   0.6667004       0.7675339E-17   0.3332996       0.7864869E-13   0.1359780E-09   0.1046203E-13   0.1359767E-09    0.000000    
   0.7325609E-08    607.8791       0.1071047E+11    25448.91       0.2630283       0.1606219E-33   0.4927056E-15   0.6667004       0.7675637E-17   0.3332996       0.7864869E-13   0.1641662E-09   0.1526164E-13   0.1641645E-09    0.000000    
   0.9840085E-08    607.8791       0.1071047E+11    25448.91       0.2630379       0.1606432E-33   0.4927370E-15   0.6667004       0.7676170E-17   0.3332996       0.7864869E-13   0.2205423E-09   0.2758848E-13   0.2205401E-09    0.000000    
   0.1235456E-07    607.8791       0.1071047E+11    25448.91       0.2630475       0.1606641E-33   0.4927683E-15   0.6667004       0.7676678E-17   0.3332996       0.7864869E-13   0.2769183E-09   0.4356688E-13   0.2769157E-09    0.000000    
   0.1738351E-07    607.8791       0.1071047E+11    25448.91       0.2630669       0.1607064E-33   0.4928309E-15   0.6667004       0.7677726E-17   0.3332996       0.7864869E-13   0.3896698E-09   0.8654892E-13   0.3896668E-09    0.000000    
   0.2157002E-07    607.8791       0.1071047E+11    25448.91       0.2630833       0.1607418E-33   0.4928830E-15   0.6667004       0.7678604E-17   0.3332996       0.7864870E-13   0.4835327E-09   0.1336272E-12   0.4835302E-09    0.000000    
   0.2575654E-07    607.8791       0.1071047E+11    25448.91       0.2630999       0.1607771E-33   0.4929351E-15   0.6667004       0.7679476E-17   0.3332996       0.7864870E-13   0.5773947E-09   0.1910561E-12   0.5773936E-09    0.000000    
   0.2994305E-07    607.8791       0.1071047E+11    25448.91       0.2631166       0.1608124E-33   0.4929873E-15   0.6667004       0.7680350E-17   0.3332996       0.7864870E-13   0.6712558E-09   0.2589172E-12   0.6712570E-09    0.000000    
   0.3412957E-07    607.8791       0.1071047E+11    25448.91       0.2631334       0.1608477E-33   0.4930394E-15   0.6667004       0.7681224E-17   0.3332996       0.7864870E-13   0.7651156E-09   0.3372917E-12   0.7651204E-09    0.000000    
   0.3831608E-07    607.8791       0.1071047E+11    25448.91       0.2631505       0.1608830E-33   0.4930915E-15   0.6667004       0.7682098E-17   0.3332996       0.7864870E-13   0.8589742E-09   0.4262611E-12   0.8589838E-09    0.000000    
   0.4668911E-07    607.8791       0.1071047E+11    25448.91       0.2631851       0.1609537E-33   0.4931958E-15   0.6667004       0.7683847E-17   0.3332996       0.7864870E-13   0.1046687E-08   0.6363097E-12   0.1046711E-08    0.000000    
   0.5480619E-07    607.8791       0.1071047E+11    25448.91       0.2632193       0.1610221E-33   0.4932968E-15   0.6667004       0.7685541E-17   0.3332996       0.7864871E-13   0.1228654E-08   0.8813187E-12   0.1228699E-08    0.000000    
   0.6292327E-07    607.8791       0.1071047E+11    25448.91       0.2632541       0.1610906E-33   0.4933979E-15   0.6667004       0.7687235E-17   0.3332996       0.7864871E-13   0.1410614E-08   0.1167665E-11   0.1410687E-08    0.000000    
   0.7104035E-07    607.8791       0.1071047E+11    25448.91       0.2632896       0.1611591E-33   0.4934990E-15   0.6667004       0.7688929E-17   0.3332996       0.7864871E-13   0.1592564E-08   0.1495941E-11   0.1592676E-08    0.000000    
   0.7915744E-07    607.8791       0.1071047E+11    25448.91       0.2633257       0.1612277E-33   0.4936000E-15   0.6667004       0.7690624E-17   0.3332996       0.7864871E-13   0.1774504E-08   0.1866737E-11   0.1774664E-08    0.000000    
   0.8727452E-07    607.8791       0.1071047E+11    25448.91       0.2633624       0.1612962E-33   0.4937010E-15   0.6667004       0.7692318E-17   0.3332996       0.7864871E-13   0.1956432E-08   0.2280646E-11   0.1956653E-08    0.000000    
   0.9539160E-07    607.8791       0.1071047E+11    25448.91       0.2633997       0.1613647E-33   0.4938021E-15   0.6667004       0.7694012E-17   0.3332996       0.7864872E-13   0.2138348E-08   0.2738258E-11   0.2138641E-08    0.000000    
   0.1116258E-06    607.8791       0.1071047E+11    25448.91       0.2634764       0.1615019E-33   0.4940041E-15   0.6667004       0.7697400E-17   0.3332996       0.7864872E-13   0.2502136E-08   0.3786950E-11   0.2502619E-08    0.000000    
   0.1278599E-06    607.8791       0.1071047E+11    25448.91       0.2635555       0.1616390E-33   0.4942061E-15   0.6667004       0.7700788E-17   0.3332996       0.7864873E-13   0.2865859E-08   0.5017533E-11   0.2866596E-08    0.000000    
   0.1440941E-06    607.8791       0.1071047E+11    25448.91       0.2636372       0.1617762E-33   0.4944081E-15   0.6667004       0.7704176E-17   0.3332996       0.7864873E-13   0.3229507E-08   0.6434717E-11   0.3230573E-08    0.000000    
   0.1603283E-06    607.8791       0.1071047E+11    25448.91       0.2637214       0.1619134E-33   0.4946100E-15   0.6667004       0.7707562E-17   0.3332996       0.7864874E-13   0.3593071E-08   0.8043204E-11   0.3594550E-08    0.000000    
   0.1765624E-06    607.8791       0.1071047E+11    25448.91       0.2638081       0.1620507E-33   0.4948119E-15   0.6667004       0.7710948E-17   0.3332996       0.7864874E-13   0.3956541E-08   0.9847689E-11   0.3958528E-08    0.000000    
   0.2090308E-06    607.8791       0.1071047E+11    25448.91       0.2639891       0.1623252E-33   0.4952154E-15   0.6667004       0.7717718E-17   0.3332996       0.7864875E-13   0.4683162E-08   0.1406339E-10   0.4686483E-08    0.000000    
   0.2414991E-06    607.8792       0.1071047E+11    25448.91       0.2641800       0.1625998E-33   0.4956187E-15   0.6667004       0.7724484E-17   0.3332996       0.7864876E-13   0.5409295E-08   0.1911918E-10   0.5414438E-08    0.000000    
   0.2739674E-06    607.8792       0.1071047E+11    25448.91       0.2643810       0.1628745E-33   0.4960217E-15   0.6667004       0.7731245E-17   0.3332996       0.7864877E-13   0.6134864E-08   0.2505228E-10   0.6142394E-08    0.000000    
   0.3064357E-06    607.8792       0.1071047E+11    25448.91       0.2645919       0.1631492E-33   0.4964243E-15   0.6667004       0.7738002E-17   0.3332996       0.7864878E-13   0.6859795E-08   0.3189971E-10   0.6870350E-08    0.000000    
   0.3389041E-06    607.8792       0.1071047E+11    25448.91       0.2648126       0.1634238E-33   0.4968265E-15   0.6667004       0.7744752E-17   0.3332996       0.7864879E-13   0.7584013E-08   0.3969831E-10   0.7598306E-08    0.000000    
   0.3713724E-06    607.8792       0.1071047E+11    25448.91       0.2650432       0.1636984E-33   0.4972283E-15   0.6667004       0.7751496E-17   0.3332996       0.7864880E-13   0.8307442E-08   0.4848471E-10   0.8326263E-08    0.000000    
   0.4038407E-06    607.8792       0.1071047E+11    25448.91       0.2652835       0.1639729E-33   0.4976296E-15   0.6667004       0.7758233E-17   0.3332996       0.7864881E-13   0.9030010E-08   0.5829530E-10   0.9054220E-08    0.000000    
   0.4363091E-06    607.8792       0.1071047E+11    25448.91       0.2655336       0.1642473E-33   0.4980304E-15   0.6667004       0.7764961E-17   0.3332996       0.7864882E-13   0.9751642E-08   0.6916626E-10   0.9782177E-08    0.000000    
   0.4687774E-06    607.8792       0.1071047E+11    25448.91       0.2657933       0.1645216E-33   0.4984306E-15   0.6667004       0.7771682E-17   0.3332996       0.7864883E-13   0.1047227E-07   0.8113348E-10   0.1051013E-07    0.000000    
   0.5012457E-06    607.8792       0.1071047E+11    25448.91       0.2660625       0.1647957E-33   0.4988302E-15   0.6667004       0.7778392E-17   0.3332996       0.7864884E-13   0.1119181E-07   0.9423261E-10   0.1123809E-07    0.000000    
   0.5337141E-06    607.8792       0.1071047E+11    25448.91       0.2663413       0.1650696E-33   0.4992292E-15   0.6667004       0.7785093E-17   0.3332996       0.7864885E-13   0.1191019E-07   0.1084990E-09   0.1196605E-07    0.000000    
   0.5661824E-06    607.8792       0.1071047E+11    25448.91       0.2666294       0.1653433E-33   0.4996275E-15   0.6667004       0.7791783E-17   0.3332996       0.7864886E-13   0.1262735E-07   0.1239677E-09   0.1269401E-07    0.000000    
   0.5986507E-06    607.8792       0.1071047E+11    25448.91       0.2669269       0.1656167E-33   0.5000251E-15   0.6667004       0.7798462E-17   0.3332996       0.7864887E-13   0.1334321E-07   0.1406736E-09   0.1342197E-07    0.000000    
   0.6311190E-06    607.8792       0.1071047E+11    25448.91       0.2672337       0.1658898E-33   0.5004219E-15   0.6667004       0.7805129E-17   0.3332996       0.7864888E-13   0.1405771E-07   0.1586509E-09   0.1414993E-07    0.000000    
   0.6635874E-06    607.8793       0.1071047E+11    25448.91       0.2675496       0.1661626E-33   0.5008179E-15   0.6667004       0.7811783E-17   0.3332996       0.7864889E-13   0.1477076E-07   0.1779338E-09   0.1487789E-07    0.000000    
   0.6960557E-06    607.8793       0.1071047E+11    25448.91       0.2678746       0.1664351E-33   0.5012131E-15   0.6667004       0.7818423E-17   0.3332996       0.7864890E-13   0.1548230E-07   0.1985561E-09   0.1560584E-07    0.000000    
   0.7609924E-06    607.8793       0.1071047E+11    25448.91       0.2685514       0.1669790E-33   0.5020008E-15   0.6667004       0.7831662E-17   0.3332996       0.7864892E-13   0.1690058E-07   0.2439519E-09   0.1706176E-07    0.000000    
   0.8194354E-06    607.8793       0.1071047E+11    25448.91       0.2691905       0.1674670E-33   0.5027065E-15   0.6667004       0.7843525E-17   0.3332996       0.7864894E-13   0.1817118E-07   0.2897196E-09   0.1837209E-07    0.000000    
   0.8778783E-06    607.8793       0.1071047E+11    25448.91       0.2698575       0.1679536E-33   0.5034089E-15   0.6667004       0.7855335E-17   0.3332996       0.7864896E-13   0.1943583E-07   0.3403344E-09   0.1968242E-07    0.000000    
   0.9363213E-06    607.8793       0.1071047E+11    25448.91       0.2705517       0.1684384E-33   0.5041078E-15   0.6667003       0.7867088E-17   0.3332996       0.7864898E-13   0.2069414E-07   0.3959786E-09   0.2099276E-07    0.000000    
   0.9947643E-06    607.8793       0.1071047E+11    25448.91       0.2712723       0.1689214E-33   0.5048029E-15   0.6667003       0.7878781E-17   0.3332996       0.7864900E-13   0.2194575E-07   0.4568303E-09   0.2230309E-07    0.000000    
   0.1053207E-05    607.8793       0.1071047E+11    25448.91       0.2720187       0.1694024E-33   0.5054942E-15   0.6667003       0.7890411E-17   0.3332996       0.7864902E-13   0.2319028E-07   0.5230626E-09   0.2361342E-07    0.000000    
   0.1111650E-05    607.8794       0.1071047E+11    25448.91       0.2727902       0.1698812E-33   0.5061813E-15   0.6667003       0.7901973E-17   0.3332996       0.7864904E-13   0.2442739E-07   0.5948437E-09   0.2492375E-07    0.000000    
   0.1170093E-05    607.8794       0.1071047E+11    25448.91       0.2735859       0.1703578E-33   0.5068641E-15   0.6667003       0.7913464E-17   0.3332996       0.7864906E-13   0.2565671E-07   0.6723366E-09   0.2623409E-07    0.000000    
   0.1228536E-05    607.8794       0.1071047E+11    25448.91       0.2744052       0.1708319E-33   0.5075423E-15   0.6667003       0.7924882E-17   0.3332996       0.7864908E-13   0.2687791E-07   0.7556989E-09   0.2754443E-07    0.000000    
   0.1286979E-05    607.8794       0.1071047E+11    25448.91       0.2752471       0.1713035E-33   0.5082159E-15   0.6667003       0.7936224E-17   0.3332996       0.7864910E-13   0.2809066E-07   0.8450829E-09   0.2885476E-07    0.000000    
   0.1345422E-05    607.8794       0.1071047E+11    25448.91       0.2761109       0.1717723E-33   0.5088847E-15   0.6667003       0.7947485E-17   0.3332996       0.7864913E-13   0.2929465E-07   0.9406353E-09   0.3016510E-07    0.000000    
   0.1403865E-05    607.8794       0.1071047E+11    25448.91       0.2769958       0.1722383E-33   0.5095483E-15   0.6667003       0.7958664E-17   0.3332996       0.7864915E-13   0.3048956E-07   0.1042497E-08   0.3147544E-07    0.000000    
   0.1462308E-05    607.8794       0.1071047E+11    25448.91       0.2779008       0.1727013E-33   0.5102068E-15   0.6667003       0.7969757E-17   0.3332996       0.7864917E-13   0.3167510E-07   0.1150803E-08   0.3278578E-07    0.000000    
   0.1520751E-05    607.8795       0.1071047E+11    25448.91       0.2788251       0.1731611E-33   0.5108600E-15   0.6667003       0.7980762E-17   0.3332996       0.7864919E-13   0.3285098E-07   0.1265683E-08   0.3409612E-07    0.000000    
   0.1579194E-05    607.8795       0.1071047E+11    25448.91       0.2797679       0.1736178E-33   0.5115076E-15   0.6667003       0.7991677E-17   0.3332996       0.7864922E-13   0.3401692E-07   0.1387260E-08   0.3540646E-07    0.000000    
   0.1637637E-05    607.8795       0.1071047E+11    25448.91       0.2807282       0.1740711E-33   0.5121495E-15   0.6667003       0.8002497E-17   0.3332996       0.7864924E-13   0.3517267E-07   0.1515651E-08   0.3671681E-07    0.000000    
   0.1696080E-05    607.8795       0.1071047E+11    25448.91       0.2817052       0.1745209E-33   0.5127857E-15   0.6667003       0.8013222E-17   0.3332996       0.7864927E-13   0.3631796E-07   0.1650968E-08   0.3802715E-07    0.000000    
   0.1754523E-05    607.8795       0.1071048E+11    25448.91       0.2826979       0.1749671E-33   0.5134159E-15   0.6667003       0.8023849E-17   0.3332996       0.7864929E-13   0.3745256E-07   0.1793314E-08   0.3933750E-07    0.000000    
   0.1812966E-05    607.8795       0.1071048E+11    25448.91       0.2837054       0.1754097E-33   0.5140401E-15   0.6667003       0.8034376E-17   0.3332996       0.7864932E-13   0.3857624E-07   0.1942790E-08   0.4064784E-07    0.000000    
   0.1871409E-05    607.8796       0.1071048E+11    25448.91       0.2847268       0.1758485E-33   0.5146581E-15   0.6667003       0.8044800E-17   0.3332996       0.7864934E-13   0.3968877E-07   0.2099487E-08   0.4195819E-07    0.000000    
   0.1929852E-05    607.8796       0.1071048E+11    25448.91       0.2857613       0.1762833E-33   0.5152697E-15   0.6667003       0.8055120E-17   0.3332996       0.7864937E-13   0.4078996E-07   0.2263493E-08   0.4326854E-07    0.000000    
   0.1988295E-05    607.8796       0.1071048E+11    25448.91       0.2868078       0.1767142E-33   0.5158750E-15   0.6667003       0.8065333E-17   0.3332996       0.7864939E-13   0.4187961E-07   0.2434887E-08   0.4457889E-07    0.000000    
   0.2046738E-05    607.8796       0.1071048E+11    25448.91       0.2878656       0.1771410E-33   0.5164738E-15   0.6667003       0.8075439E-17   0.3332996       0.7864942E-13   0.4295754E-07   0.2613743E-08   0.4588924E-07    0.000000    
   0.2105181E-05    607.8796       0.1071048E+11    25448.91       0.2889336       0.1775637E-33   0.5170660E-15   0.6667003       0.8085434E-17   0.3332996       0.7864945E-13   0.4402357E-07   0.2800129E-08   0.4719959E-07    0.000000    
   0.2163624E-05    607.8796       0.1071048E+11    25448.91       0.2900111       0.1779821E-33   0.5176514E-15   0.6667003       0.8095319E-17   0.3332996       0.7864948E-13   0.4507755E-07   0.2994108E-08   0.4850994E-07    0.000000    
   0.2222067E-05    607.8796       0.1071048E+11    25448.91       0.2910970       0.1783961E-33   0.5182302E-15   0.6667003       0.8105091E-17   0.3332996       0.7864951E-13   0.4611933E-07   0.3195734E-08   0.4982029E-07    0.000000    
   0.2280510E-05    607.8797       0.1071048E+11    25448.91       0.2921906       0.1788058E-33   0.5188020E-15   0.6667003       0.8114748E-17   0.3332996       0.7864954E-13   0.4714878E-07   0.3405058E-08   0.5113065E-07    0.000000    
   0.2338953E-05    607.8797       0.1071048E+11    25448.91       0.2932910       0.1792111E-33   0.5193670E-15   0.6667003       0.8124291E-17   0.3332996       0.7864956E-13   0.4816576E-07   0.3622124E-08   0.5244101E-07    0.000000    
   0.2397396E-05    607.8797       0.1071048E+11    25448.91       0.2943972       0.1796118E-33   0.5199249E-15   0.6667003       0.8133717E-17   0.3332996       0.7864959E-13   0.4917017E-07   0.3846969E-08   0.5375136E-07    0.000000    
   0.2455839E-05    607.8797       0.1071048E+11    25448.91       0.2955085       0.1800079E-33   0.5204759E-15   0.6667003       0.8143026E-17   0.3332996       0.7864963E-13   0.5016191E-07   0.4079626E-08   0.5506172E-07    0.000000    
   0.2514282E-05    607.8797       0.1071048E+11    25448.91       0.2966241       0.1803994E-33   0.5210197E-15   0.6667003       0.8152217E-17   0.3332996       0.7864966E-13   0.5114088E-07   0.4320121E-08   0.5637208E-07    0.000000    
   0.2572725E-05    607.8797       0.1071048E+11    25448.91       0.2977431       0.1807862E-33   0.5215565E-15   0.6667003       0.8161288E-17   0.3332996       0.7864969E-13   0.5210700E-07   0.4568477E-08   0.5768244E-07    0.000000    
   0.2631168E-05    607.8797       0.1071048E+11    25448.91       0.2988647       0.1811683E-33   0.5220860E-15   0.6667003       0.8170240E-17   0.3332996       0.7864972E-13   0.5306021E-07   0.4824707E-08   0.5899280E-07    0.000000    
   0.2748054E-05    607.8798       0.1071048E+11    25448.91       0.3011127       0.1819181E-33   0.5231235E-15   0.6667003       0.8187781E-17   0.3332996       0.7864979E-13   0.5492766E-07   0.5360829E-08   0.6161353E-07    0.000000    
   0.2853251E-05    607.8798       0.1071048E+11    25448.91       0.3031372       0.1825764E-33   0.5240325E-15   0.6667003       0.8203154E-17   0.3332996       0.7864985E-13   0.5656371E-07   0.5870323E-08   0.6397218E-07    0.000000    
   0.2954608E-05    607.8798       0.1071048E+11    25448.91       0.3050850       0.1831957E-33   0.5248860E-15   0.6667003       0.8217593E-17   0.3332996       0.7864991E-13   0.5809987E-07   0.6385360E-08   0.6624474E-07    0.000000    
   0.3055966E-05    607.8799       0.1071048E+11    25448.91       0.3070263       0.1838001E-33   0.5257175E-15   0.6667003       0.8231664E-17   0.3332996       0.7864997E-13   0.5959657E-07   0.6924011E-08   0.6851729E-07    0.000000    
   0.3157323E-05    607.8799       0.1071048E+11    25448.91       0.3089579       0.1843897E-33   0.5265273E-15   0.6667003       0.8245368E-17   0.3332996       0.7865003E-13   0.6105385E-07   0.7486159E-08   0.7078985E-07    0.000000    
   0.3258680E-05    607.8799       0.1071048E+11    25448.91       0.3108766       0.1849644E-33   0.5273151E-15   0.6667003       0.8258706E-17   0.3332996       0.7865010E-13   0.6247181E-07   0.8071645E-08   0.7306242E-07    0.000000    
   0.3360037E-05    607.8799       0.1071048E+11    25448.91       0.3127794       0.1855242E-33   0.5280813E-15   0.6667003       0.8271679E-17   0.3332995       0.7865016E-13   0.6385065E-07   0.8680277E-08   0.7533499E-07    0.000000    
   0.3461394E-05    607.8800       0.1071048E+11    25448.91       0.3146636       0.1860691E-33   0.5288259E-15   0.6667003       0.8284290E-17   0.3332995       0.7865023E-13   0.6519062E-07   0.9311830E-08   0.7760756E-07    0.000000    
   0.3562751E-05    607.8800       0.1071048E+11    25448.91       0.3165266       0.1865991E-33   0.5295491E-15   0.6667003       0.8296541E-17   0.3332995       0.7865030E-13   0.6649203E-07   0.9966046E-08   0.7988013E-07    0.000000    
   0.3664108E-05    607.8800       0.1071048E+11    25448.91       0.3183661       0.1871144E-33   0.5302511E-15   0.6667003       0.8308435E-17   0.3332995       0.7865037E-13   0.6775525E-07   0.1064264E-07   0.8215271E-07    0.000000    
   0.3866822E-05    607.8801       0.1071048E+11    25448.91       0.3219661       0.1881012E-33   0.5315926E-15   0.6667003       0.8331170E-17   0.3332995       0.7865052E-13   0.7016888E-07   0.1206170E-07   0.8669788E-07    0.000000    
   0.4045689E-05    607.8801       0.1071049E+11    25448.91       0.3250456       0.1889241E-33   0.5327083E-15   0.6667003       0.8350087E-17   0.3332995       0.7865065E-13   0.7217635E-07   0.1338492E-07   0.9070837E-07    0.000000    
   0.4224556E-05    607.8802       0.1071049E+11    25448.91       0.3280256       0.1897032E-33   0.5337623E-15   0.6667003       0.8367962E-17   0.3332995       0.7865079E-13   0.7407252E-07   0.1477262E-07   0.9471887E-07    0.000000    
   0.4352875E-05    607.8802       0.1071049E+11    25448.91       0.3300984       0.1902358E-33   0.5344815E-15   0.6667003       0.8380162E-17   0.3332995       0.7865089E-13   0.7536620E-07   0.1580663E-07   0.9759601E-07    0.000000    
