  "Time"          "Temp"          "Pres"          "Dens"          "Th_MIX"        "X_OH*"         "X_H"           "X_H2"          "X_O"           "X_O2"          "X_OH"          "X_HO2"         "X_H2O2"        "X_H2O"         "X_AR"         
  "s"             "K"             "Pa"            "kg/m3"         "s"             "none"          "none"          "none"          "none"          "none"          "none"          "none"          "none"          "none"          "none"         
    0.000000        396.8160       0.2437747E+10    8873.150       0.1999043E-07   0.2139104E-51   0.2281628E-22   0.6667000       0.1326745E-25   0.3333000       0.2363624E-19   0.3768258E-10   0.1916844E-13   0.3769508E-10    0.000000    
   0.5699021E-11    396.8160       0.2437747E+10    8873.150       0.1999039E-07   0.2138847E-51   0.2281613E-22   0.6667000       0.1326723E-25   0.3333000       0.2363598E-19   0.3768258E-10   0.1916845E-13   0.3769508E-10    0.000000    
   0.1709706E-10    396.8160       0.2437747E+10    8873.150       0.1999080E-07   0.2103559E-51   0.2281832E-22   0.6667000       0.1326679E-25   0.3333000       0.2363550E-19   0.3768258E-10   0.1916846E-13   0.3769508E-10    0.000000    
   0.3989314E-10    396.8160       0.2437747E+10    8873.150       0.1999003E-07   0.2138915E-51   0.2281475E-22   0.6667000       0.1326592E-25   0.3333000       0.2363470E-19   0.3768258E-10   0.1916848E-13   0.3769508E-10    0.000000    
   0.8548531E-10    396.8160       0.2437747E+10    8873.150       0.1998977E-07   0.2138128E-51   0.2281385E-22   0.6667000       0.1326417E-25   0.3333000       0.2363356E-19   0.3768258E-10   0.1916853E-13   0.3769508E-10    0.000000    
   0.1766696E-09    396.8160       0.2437747E+10    8873.150       0.1998946E-07   0.2137478E-51   0.2281270E-22   0.6667000       0.1326068E-25   0.3333000       0.2363236E-19   0.3768258E-10   0.1916863E-13   0.3769508E-10    0.000000    
   0.3590383E-09    396.8160       0.2437747E+10    8873.150       0.1998927E-07   0.2136293E-51   0.2281201E-22   0.6667000       0.1325378E-25   0.3333000       0.2363162E-19   0.3768258E-10   0.1916883E-13   0.3769508E-10    0.000000    
   0.7237756E-09    396.8160       0.2437747E+10    8873.150       0.1998935E-07   0.2134168E-51   0.2281231E-22   0.6667000       0.1324043E-25   0.3333000       0.2363194E-19   0.3768258E-10   0.1916922E-13   0.3769508E-10    0.000000    
   0.1453250E-08    396.8160       0.2437747E+10    8873.150       0.1998937E-07   0.2130091E-51   0.2281237E-22   0.6667000       0.1321509E-25   0.3333000       0.2363200E-19   0.3768258E-10   0.1917001E-13   0.3769508E-10    0.000000    
   0.2912200E-08    396.8160       0.2437747E+10    8873.150       0.1998937E-07   0.2122727E-51   0.2281238E-22   0.6667000       0.1316940E-25   0.3333000       0.2363201E-19   0.3768257E-10   0.1917159E-13   0.3769508E-10    0.000000    
   0.5830098E-08    396.8160       0.2437747E+10    8873.150       0.1998937E-07   0.2110628E-51   0.2281238E-22   0.6667000       0.1309434E-25   0.3333000       0.2363201E-19   0.3768257E-10   0.1917475E-13   0.3769508E-10    0.000000    
   0.1166590E-07    396.8160       0.2437747E+10    8873.150       0.1998936E-07   0.2093767E-51   0.2281238E-22   0.6667000       0.1298973E-25   0.3333000       0.2363201E-19   0.3768256E-10   0.1918107E-13   0.3769508E-10    0.000000    
   0.2333749E-07    396.8160       0.2437747E+10    8873.150       0.1998934E-07   0.2075733E-51   0.2281238E-22   0.6667000       0.1287785E-25   0.3333000       0.2363201E-19   0.3768254E-10   0.1919371E-13   0.3769509E-10    0.000000    
   0.4668068E-07    396.8160       0.2437747E+10    8873.150       0.1998931E-07   0.2062570E-51   0.2281238E-22   0.6667000       0.1279619E-25   0.3333000       0.2363201E-19   0.3768249E-10   0.1921899E-13   0.3769509E-10    0.000000    
   0.9336705E-07    396.8160       0.2437747E+10    8873.150       0.1998924E-07   0.2056694E-51   0.2281238E-22   0.6667000       0.1275974E-25   0.3333000       0.2363201E-19   0.3768240E-10   0.1926955E-13   0.3769511E-10    0.000000    
   0.1867398E-06    396.8160       0.2437747E+10    8873.150       0.1998910E-07   0.2055218E-51   0.2281238E-22   0.6667000       0.1275058E-25   0.3333000       0.2363201E-19   0.3768223E-10   0.1937067E-13   0.3769513E-10    0.000000    
   0.3734853E-06    396.8160       0.2437747E+10    8873.150       0.1998882E-07   0.2055019E-51   0.2281237E-22   0.6667000       0.1274935E-25   0.3333000       0.2363201E-19   0.3768188E-10   0.1957290E-13   0.3769518E-10    0.000000    
   0.5602308E-06    396.8160       0.2437747E+10    8873.150       0.1998854E-07   0.2055005E-51   0.2281237E-22   0.6667000       0.1274926E-25   0.3333000       0.2363201E-19   0.3768153E-10   0.1977512E-13   0.3769523E-10    0.000000    
   0.7469763E-06    396.8160       0.2437747E+10    8873.150       0.1998827E-07   0.2055003E-51   0.2281236E-22   0.6667000       0.1274925E-25   0.3333000       0.2363201E-19   0.3768118E-10   0.1997735E-13   0.3769528E-10    0.000000    
   0.1120467E-05    396.8160       0.2437747E+10    8873.150       0.1998772E-07   0.2055001E-51   0.2281235E-22   0.6667000       0.1274925E-25   0.3333000       0.2363201E-19   0.3768047E-10   0.2038178E-13   0.3769539E-10    0.000000    
   0.1493958E-05    396.8160       0.2437747E+10    8873.150       0.1998716E-07   0.2054999E-51   0.2281234E-22   0.6667000       0.1274924E-25   0.3333000       0.2363201E-19   0.3767977E-10   0.2078620E-13   0.3769549E-10    0.000000    
   0.1867449E-05    396.8160       0.2437747E+10    8873.150       0.1998661E-07   0.2054997E-51   0.2281233E-22   0.6667000       0.1274924E-25   0.3333000       0.2363201E-19   0.3767907E-10   0.2119061E-13   0.3769559E-10    0.000000    
   0.2000000E-05    396.8160       0.2437747E+10    8873.150       0.1998641E-07   0.2054996E-51   0.2281233E-22   0.6667000       0.1274923E-25   0.3333000       0.2363201E-19   0.3767882E-10   0.2133413E-13   0.3769562E-10    0.000000    
