  "Time"          "Temp"          "Pres"          "Dens"          "Th_MIX"        "X_OH*"         "X_H"           "X_H2"          "X_O"           "X_O2"          "X_OH"          "X_HO2"         "X_H2O2"        "X_H2O"         "X_AR"         
  "s"             "K"             "Pa"            "kg/m3"         "s"             "none"          "none"          "none"          "none"          "none"          "none"          "none"          "none"          "none"          "none"         
    0.000000        607.8791       0.1071047E+11    25448.92      -0.4737079E-01    0.000000        0.000000       0.6667003        0.000000       0.3332997        0.000000        0.000000        0.000000        0.000000        0.000000    
   0.5222801E-18    607.8791       0.1071047E+11    25448.92      -0.4737078E-01   0.8574362E-57   0.8342514E-25   0.6667003       0.7229141E-35   0.3332997       0.1170965E-19   0.8168570E-25   0.1078176E-38   0.1743409E-26    0.000000    
   0.1566840E-17    607.8791       0.1071047E+11    25448.92      -0.4737076E-01   0.4654394E-56   0.2545045E-24   0.6667003       0.3967505E-34   0.3332997       0.3512894E-19   0.2450620E-24   0.5853044E-38   0.9464220E-26    0.000000    
   0.3655961E-17    607.8791       0.1071047E+11    25448.92      -0.4737071E-01   0.2271243E-55   0.6179206E-24   0.6667003       0.1982566E-33   0.3332997       0.8196750E-19   0.5718404E-24   0.2856604E-37   0.4618901E-25    0.000000    
   0.7834201E-17    607.8791       0.1071047E+11    25448.92      -0.4737062E-01   0.9864678E-55   0.1425689E-23   0.6667003       0.9212281E-33   0.3332997       0.1756445E-18   0.1225508E-23   0.1241292E-36   0.2006856E-24    0.000000    
   0.1619068E-16    607.8791       0.1071047E+11    25448.92      -0.4737043E-01   0.4146596E-54   0.3375152E-23   0.6667003       0.4342543E-32   0.3332997       0.3629983E-18   0.2533386E-23   0.5222459E-36   0.8441485E-24    0.000000    
   0.3290364E-16    607.8791       0.1071047E+11    25448.92      -0.4737006E-01   0.1701065E-53   0.8607735E-23   0.6667003       0.2165793E-31   0.3332997       0.7377044E-18   0.5152015E-23   0.2146494E-35   0.3467602E-23    0.000000    
   0.6632957E-16    607.8791       0.1071047E+11    25448.92      -0.4736931E-01   0.6883874E-53   0.2441067E-22   0.6667003       0.1187992E-30   0.3332997       0.1487111E-17   0.1040642E-22   0.8722846E-35   0.1406942E-22    0.000000    
   0.1331814E-15    607.8791       0.1071047E+11    25448.92      -0.4736781E-01   0.2761044E-52   0.7732298E-22   0.6667003       0.7275416E-30   0.3332997       0.2985904E-17   0.2102892E-22   0.3532176E-34   0.5669321E-22    0.000000    
   0.2668851E-15    607.8791       0.1071047E+11    25448.92      -0.4736475E-01   0.1106172E-51   0.2680198E-21   0.6667003       0.4912902E-29   0.3332997       0.5983403E-17   0.4308807E-22   0.1442079E-33   0.2276271E-21    0.000000    
   0.5342925E-15    607.8791       0.1071047E+11    25448.92      -0.4735849E-01   0.4833134E-51   0.9860352E-21   0.6667003       0.3554895E-28   0.3332997       0.1197806E-16   0.9331415E-22   0.6129972E-33   0.9122245E-21    0.000000    
   0.1069107E-14    607.8791       0.1071047E+11    25448.92      -0.4734534E-01   0.4592410E-50   0.3745979E-20   0.6667003       0.2676732E-27   0.3332997       0.2396600E-16   0.2406343E-21   0.2986553E-32   0.3652200E-20    0.000000    
   0.2138737E-14    607.8791       0.1071047E+11    25448.92      -0.4731663E-01   0.1675074E-48   0.1438664E-19   0.6667003       0.2048584E-26   0.3332997       0.4793640E-16   0.8964614E-21   0.2012071E-31   0.1461412E-19    0.000000    
   0.4277996E-14    607.8791       0.1071047E+11    25448.92      -0.4725017E-01   0.8344183E-47   0.5483885E-19   0.6667003       0.1562661E-25   0.3332997       0.9585528E-16   0.4955793E-20   0.2049339E-30   0.5845651E-19    0.000000    
   0.6417255E-14    607.8791       0.1071047E+11    25448.92      -0.4717242E-01   0.6358660E-46   0.1192465E-18   0.6667003       0.4836846E-25   0.3332997       0.1437449E-15   0.1427225E-19   0.7815671E-30   0.1315115E-18    0.000000    
   0.1069577E-13    607.8791       0.1071047E+11    25448.92      -0.4698814E-01   0.1065314E-44   0.3091965E-18   0.6667003       0.2101285E-24   0.3332997       0.2394367E-15   0.5931683E-19   0.5314674E-29   0.3651679E-18    0.000000    
   0.1454644E-13    607.8791       0.1071047E+11    25448.92      -0.4679290E-01   0.4792261E-44   0.5425965E-18   0.6667003       0.4916251E-24   0.3332997       0.3254596E-15   0.1371427E-18   0.1563488E-28   0.6751897E-18    0.000000    
   0.1839711E-13    607.8791       0.1071047E+11    25448.92      -0.4657441E-01   0.1522476E-43   0.8254307E-18   0.6667003       0.9369374E-24   0.3332997       0.4113881E-15   0.2599102E-18   0.3592981E-28   0.1079587E-17    0.000000    
   0.2224777E-13    607.8791       0.1071047E+11    25448.92      -0.4633646E-01   0.3864417E-43   0.1149670E-17   0.6667003       0.1574950E-23   0.3332997       0.4972223E-15   0.4355449E-18   0.7094737E-28   0.1578258E-17    0.000000    
   0.2609844E-13    607.8791       0.1071047E+11    25448.92      -0.4608225E-01   0.8387365E-43   0.1508526E-17   0.6667003       0.2430026E-23   0.3332997       0.5829624E-15   0.6707323E-18   0.1261342E-27   0.2171098E-17    0.000000    
   0.3379977E-13    607.8791       0.1071047E+11    25448.92      -0.4553413E-01   0.2867533E-42   0.2310877E-17   0.6667003       0.4859989E-23   0.3332997       0.7541604E-15   0.1338599E-17   0.3200060E-27   0.3638908E-17    0.000000    
   0.4073097E-13    607.8791       0.1071047E+11    25448.92      -0.4500792E-01   0.6786285E-42   0.3103360E-17   0.6667003       0.7960587E-23   0.3332997       0.9079175E-15   0.2190359E-17   0.6269548E-27   0.5280987E-17    0.000000    
   0.4851246E-13    607.8791       0.1071047E+11    25448.92      -0.4439178E-01   0.1490896E-41   0.4047531E-17   0.6667003       0.1256091E-22   0.3332997       0.1080175E-14   0.3453757E-17   0.1177808E-26   0.7486126E-17    0.000000    
   0.5629395E-13    607.8791       0.1071047E+11    25448.92      -0.4375743E-01   0.2857477E-41   0.5031061E-17   0.6667003       0.1840874E-22   0.3332997       0.1252051E-14   0.5059485E-17   0.2010300E-26   0.1007296E-16    0.000000    
   0.6407543E-13    607.8791       0.1071047E+11    25448.92      -0.4311083E-01   0.4956288E-41   0.6041320E-17   0.6667003       0.2554692E-22   0.3332997       0.1423547E-14   0.7019326E-17   0.3193028E-26   0.1304063E-16    0.000000    
   0.7185692E-13    607.8791       0.1071047E+11    25448.92      -0.4245601E-01   0.7971434E-41   0.7069797E-17   0.6667003       0.3400331E-22   0.3332997       0.1594662E-14   0.9340949E-17   0.4796503E-26   0.1638830E-16    0.000000    
   0.7963841E-13    607.8791       0.1071047E+11    25448.92      -0.4179577E-01   0.1208962E-40   0.8110539E-17   0.6667003       0.4379640E-22   0.3332997       0.1765398E-14   0.1202946E-16   0.6892484E-26   0.2011514E-16    0.000000    
   0.8741990E-13    607.8791       0.1071047E+11    25448.92      -0.4113220E-01   0.1749804E-40   0.9159130E-17   0.6667003       0.5493915E-22   0.3332997       0.1935756E-14   0.1508845E-16   0.9553461E-26   0.2422029E-16    0.000000    
   0.9520139E-13    607.8791       0.1071047E+11    25448.92      -0.4046667E-01   0.2438361E-40   0.1021264E-16   0.6667003       0.6743904E-22   0.3332997       0.2105736E-14   0.1851999E-16   0.1285259E-25   0.2870292E-16    0.000000    
   0.1107644E-12    607.8791       0.1071047E+11    25448.92      -0.3913369E-01   0.4332623E-40   0.1232612E-16   0.6667003       0.9652794E-22   0.3332997       0.2444567E-14   0.2650572E-16   0.2165900E-25   0.3879728E-16    0.000000    
   0.1263273E-12    607.8791       0.1071047E+11    25448.92      -0.3780093E-01   0.7038693E-40   0.1444226E-16   0.6667003       0.1310696E-21   0.3332997       0.2781899E-14   0.3598868E-16   0.3390151E-25   0.5039156E-16    0.000000    
   0.1418903E-12    607.8791       0.1071047E+11    25448.92      -0.3647143E-01   0.1070108E-39   0.1655463E-16   0.6667003       0.1710625E-21   0.3332997       0.3117737E-14   0.4696869E-16   0.5016906E-25   0.6347911E-16    0.000000    
   0.1648622E-12    607.8791       0.1071047E+11    25448.92      -0.3451768E-01   0.1815387E-39   0.1965992E-16   0.6667003       0.2400241E-21   0.3332997       0.3610740E-14   0.6590338E-16   0.8278040E-25   0.8551197E-16    0.000000    
   0.1878341E-12    607.8791       0.1071047E+11    25448.92      -0.3257622E-01   0.2844436E-39   0.2274594E-16   0.6667003       0.3207684E-21   0.3332997       0.4100525E-14   0.8807527E-16   0.1273256E-24   0.1107628E-15    0.000000    
   0.2108060E-12    607.8791       0.1071047E+11    25448.92      -0.3064740E-01   0.4200816E-39   0.2581187E-16   0.6667003       0.4132187E-21   0.3332997       0.4587113E-14   0.1134642E-15   0.1856788E-24   0.1392105E-15    0.000000    
   0.2337779E-12    607.8791       0.1071047E+11    25448.92      -0.2873105E-01   0.5927169E-39   0.2885805E-16   0.6667003       0.5172951E-21   0.3332997       0.5070525E-14   0.1420489E-15   0.2597021E-24   0.1708343E-15    0.000000    
   0.2797217E-12    607.8791       0.1071047E+11    25448.92      -0.2493541E-01   0.1065535E-38   0.3489170E-16   0.6667003       0.7600114E-21   0.3332997       0.6027903E-14   0.2087225E-15   0.4621264E-24   0.2435275E-15    0.000000    
   0.3256655E-12    607.8791       0.1071047E+11    25448.92      -0.2118886E-01   0.1735133E-38   0.4084746E-16   0.6667003       0.1048294E-20   0.3332997       0.6972824E-14   0.2879314E-15   0.7492558E-24   0.3286781E-15    0.000000    
   0.3716093E-12    607.8791       0.1071047E+11    25448.92      -0.1749103E-01   0.2632188E-38   0.4672580E-16   0.6667003       0.1381527E-20   0.3332997       0.7905450E-14   0.3795129E-15   0.1135564E-23   0.4261238E-15    0.000000    
   0.4175531E-12    607.8791       0.1071047E+11    25448.92      -0.1384136E-01   0.3785922E-38   0.5252757E-16   0.6667003       0.1759103E-20   0.3332997       0.8825941E-14   0.4833059E-15   0.1635328E-23   0.5357047E-15    0.000000    
   0.4634969E-12    607.8791       0.1071047E+11    25448.92      -0.1023919E-01   0.5224182E-38   0.5825381E-16   0.6667003       0.2180421E-20   0.3332997       0.9734454E-14   0.5991517E-15   0.2262636E-23   0.6572628E-15    0.000000    
   0.5553845E-12    607.8791       0.1071047E+11    25448.92      -0.3174876E-02   0.9059041E-38   0.6948367E-16   0.6667003       0.3151916E-20   0.3332997       0.1151617E-13   0.8663758E-15   0.3955359E-23   0.9356889E-15    0.000000    
   0.6472721E-12    607.8791       0.1071047E+11    25448.92       0.3706863E-02   0.1433343E-37   0.8042334E-16   0.6667003       0.4291359E-20   0.3332997       0.1325182E-13   0.1179955E-14   0.6322794E-23   0.1260180E-14    0.000000    
   0.7391596E-12    607.8791       0.1071047E+11    25448.92       0.1041069E-01   0.2122458E-37   0.9108020E-16   0.6667003       0.5594222E-20   0.3332997       0.1494260E-13   0.1538690E-14   0.9471175E-23   0.1629545E-14    0.000000    
   0.8310472E-12    607.8791       0.1071047E+11    25448.92       0.1694116E-01   0.2989154E-37   0.1014615E-15   0.6667003       0.7056091E-20   0.3332997       0.1658967E-13   0.1941415E-14   0.1350400E-22   0.2042623E-14    0.000000    
   0.9229348E-12    607.8791       0.1071047E+11    25448.92       0.2330279E-01   0.4047644E-37   0.1115743E-15   0.6667003       0.8672668E-20   0.3332997       0.1819415E-13   0.2386992E-14   0.1852209E-22   0.2498286E-14    0.000000    
   0.1014822E-11    607.8791       0.1071047E+11    25448.92       0.2949995E-01   0.5310564E-37   0.1214257E-15   0.6667003       0.1043976E-19   0.3332997       0.1975715E-13   0.2874313E-14   0.2462369E-22   0.2995432E-14    0.000000    
   0.1198598E-11    607.8791       0.1071047E+11    25448.92       0.4141777E-01   0.8493000E-37   0.1403711E-15   0.6667003       0.1440929E-19   0.3332997       0.2276296E-13   0.3969898E-14   0.4045767E-22   0.4109909E-14    0.000000    
   0.1382373E-11    607.8791       0.1071047E+11    25448.92       0.5272727E-01   0.1260997E-36   0.1583494E-15   0.6667003       0.1893330E-19   0.3332997       0.2561536E-13   0.5219867E-14   0.6174209E-22   0.5377803E-14    0.000000    
   0.1566148E-11    607.8791       0.1071047E+11    25448.92       0.6345951E-01   0.1771606E-36   0.1754101E-15   0.6667003       0.2398201E-19   0.3332997       0.2832216E-13   0.6616341E-14   0.8917555E-22   0.6791285E-14    0.000000    
   0.1749923E-11    607.8791       0.1071047E+11    25448.92       0.7364402E-01   0.2384961E-36   0.1916000E-15   0.6667003       0.2952715E-19   0.3332997       0.3089082E-13   0.8151841E-14   0.1234210E-21   0.8342923E-14    0.000000    
   0.1933698E-11    607.8791       0.1071047E+11    25448.92       0.8330870E-01   0.3103498E-36   0.2069636E-15   0.6667003       0.3554191E-19   0.3332997       0.3332837E-13   0.9819271E-14   0.1651075E-21   0.1002567E-13    0.000000    
   0.2117473E-11    607.8791       0.1071047E+11    25448.92       0.9248009E-01   0.3928465E-36   0.2215431E-15   0.6667003       0.4200086E-19   0.3332997       0.3564150E-13   0.1161190E-13   0.2148320E-21   0.1183282E-13    0.000000    
   0.2301249E-11    607.8791       0.1071047E+11    25448.92       0.1011834       0.4860104E-36   0.2353784E-15   0.6667003       0.4887985E-19   0.3332997       0.3783658E-13   0.1352333E-13   0.2731612E-21   0.1375804E-13    0.000000    
   0.2485024E-11    607.8791       0.1071047E+11    25448.92       0.1094424       0.5897806E-36   0.2485075E-15   0.6667003       0.5615598E-19   0.3332997       0.3991961E-13   0.1554751E-13   0.3406324E-21   0.1579529E-13    0.000000    
   0.2668799E-11    607.8791       0.1071047E+11    25448.92       0.1172800       0.7040255E-36   0.2609666E-15   0.6667003       0.6380752E-19   0.3332997       0.4189633E-13   0.1767867E-13   0.4177559E-21   0.1793887E-13    0.000000    
   0.2852574E-11    607.8791       0.1071047E+11    25448.92       0.1247175       0.8285544E-36   0.2727897E-15   0.6667003       0.7181383E-19   0.3332997       0.4377216E-13   0.1991137E-13   0.5050158E-21   0.2018333E-13    0.000000    
   0.3036349E-11    607.8791       0.1071047E+11    25448.92       0.1317754       0.9631288E-36   0.2840094E-15   0.6667003       0.8015537E-19   0.3332997       0.4555224E-13   0.2224040E-13   0.6028715E-21   0.2252354E-13    0.000000    
   0.3220125E-11    607.8791       0.1071047E+11    25448.92       0.1384730       0.1107471E-35   0.2946564E-15   0.6667003       0.8881356E-19   0.3332997       0.4724147E-13   0.2466087E-13   0.7117589E-21   0.2495461E-13    0.000000    
   0.3403900E-11    607.8791       0.1071047E+11    25448.92       0.1448288       0.1261274E-35   0.3047600E-15   0.6667003       0.9777079E-19   0.3332997       0.4884449E-13   0.2716810E-13   0.8320917E-21   0.2747189E-13    0.000000    
   0.3587675E-11    607.8791       0.1071047E+11    25448.92       0.1508602       0.1424205E-35   0.3143480E-15   0.6667003       0.1070104E-18   0.3332997       0.5036568E-13   0.2975766E-13   0.9642625E-21   0.3007099E-13    0.000000    
   0.3771450E-11    607.8791       0.1071047E+11    25448.92       0.1565838       0.1595915E-35   0.3234465E-15   0.6667003       0.1165164E-18   0.3332997       0.5180923E-13   0.3242535E-13   0.1108644E-20   0.3274774E-13    0.000000    
   0.3955225E-11    607.8791       0.1071047E+11    25448.92       0.1620152       0.1776043E-35   0.3320807E-15   0.6667003       0.1262738E-18   0.3332997       0.5317910E-13   0.3516719E-13   0.1265589E-20   0.3549816E-13    0.000000    
   0.4139000E-11    607.8791       0.1071047E+11    25448.92       0.1671694       0.1964218E-35   0.3402741E-15   0.6667003       0.1362685E-18   0.3332997       0.5447906E-13   0.3797938E-13   0.1435434E-20   0.3831850E-13    0.000000    
   0.4322776E-11    607.8791       0.1071047E+11    25448.92       0.1720606       0.2160067E-35   0.3480494E-15   0.6667003       0.1464867E-18   0.3332997       0.5571266E-13   0.4085835E-13   0.1618496E-20   0.4120519E-13    0.000000    
   0.4506551E-11    607.8791       0.1071047E+11    25448.92       0.1767021       0.2363215E-35   0.3554278E-15   0.6667003       0.1569157E-18   0.3332997       0.5688330E-13   0.4380067E-13   0.1815079E-20   0.4415485E-13    0.000000    
   0.4690326E-11    607.8791       0.1071047E+11    25448.92       0.1811067       0.2573290E-35   0.3624297E-15   0.6667003       0.1675433E-18   0.3332997       0.5799420E-13   0.4680312E-13   0.2025468E-20   0.4716425E-13    0.000000    
   0.4874101E-11    607.8791       0.1071047E+11    25448.92       0.1852864       0.2789922E-35   0.3690741E-15   0.6667003       0.1783579E-18   0.3332997       0.5904839E-13   0.4986263E-13   0.2249936E-20   0.5023036E-13    0.000000    
   0.5241651E-11    607.8791       0.1071047E+11    25448.92       0.1930169       0.3241418E-35   0.3813630E-15   0.6667003       0.2005047E-18   0.3332997       0.6099810E-13   0.5614131E-13   0.2742127E-20   0.5652124E-13    0.000000    
   0.5572447E-11    607.8791       0.1071047E+11    25448.92       0.1993146       0.3666640E-35   0.3913742E-15   0.6667003       0.2209722E-18   0.3332997       0.6258645E-13   0.6195957E-13   0.3235704E-20   0.6234942E-13    0.000000    
   0.5903242E-11    607.8791       0.1071047E+11    25448.92       0.2050455       0.4107736E-35   0.4004844E-15   0.6667003       0.2418911E-18   0.3332997       0.6403186E-13   0.6792167E-13   0.3778532E-20   0.6832055E-13    0.000000    
   0.6234037E-11    607.8791       0.1071047E+11    25448.92       0.2102607       0.4562888E-35   0.4087749E-15   0.6667003       0.2632127E-18   0.3332997       0.6534720E-13   0.7401465E-13   0.4371760E-20   0.7442174E-13    0.000000    
   0.6564833E-11    607.8791       0.1071047E+11    25448.92       0.2150066       0.5030401E-35   0.4163193E-15   0.6667003       0.2848928E-18   0.3332997       0.6654418E-13   0.8022675E-13   0.5016432E-20   0.8064130E-13    0.000000    
   0.6895628E-11    607.8791       0.1071047E+11    25448.92       0.2193254       0.5508710E-35   0.4231848E-15   0.6667003       0.3068911E-18   0.3332997       0.6763343E-13   0.8654725E-13   0.5713498E-20   0.8696858E-13    0.000000    
   0.7226423E-11    607.8791       0.1071047E+11    25448.92       0.2232556       0.5996373E-35   0.4294325E-15   0.6667003       0.3291709E-18   0.3332997       0.6862467E-13   0.9296638E-13   0.6463822E-20   0.9339388E-13    0.000000    
   0.7557219E-11    607.8791       0.1071047E+11    25448.92       0.2268321       0.6492076E-35   0.4351179E-15   0.6667003       0.3516991E-18   0.3332997       0.6952671E-13   0.9947528E-13   0.7268192E-20   0.9990839E-13    0.000000    
   0.7888014E-11    607.8791       0.1071047E+11    25448.92       0.2300868       0.6994620E-35   0.4402917E-15   0.6667003       0.3744452E-18   0.3332997       0.7034757E-13   0.1060659E-12   0.8127323E-20   0.1065041E-12    0.000000    
   0.8218809E-11    607.8791       0.1071047E+11    25448.92       0.2330485       0.7502922E-35   0.4449999E-15   0.6667003       0.3973819E-18   0.3332997       0.7109456E-13   0.1127308E-12   0.9041868E-20   0.1131736E-12    0.000000    
   0.8549605E-11    607.8791       0.1071047E+11    25448.92       0.2357438       0.8016005E-35   0.4492845E-15   0.6667003       0.4204840E-18   0.3332997       0.7177433E-13   0.1194633E-12   0.1001242E-19   0.1199104E-12    0.000000    
   0.8880400E-11    607.8791       0.1071047E+11    25448.92       0.2381965       0.8532993E-35   0.4531834E-15   0.6667003       0.4437289E-18   0.3332997       0.7239293E-13   0.1262575E-12   0.1103952E-19   0.1267083E-12    0.000000    
   0.9211195E-11    607.8791       0.1071047E+11    25448.92       0.2404284       0.9053100E-35   0.4567315E-15   0.6667003       0.4670959E-18   0.3332997       0.7295586E-13   0.1331076E-12   0.1212365E-19   0.1335619E-12    0.000000    
   0.9541991E-11    607.8791       0.1071047E+11    25448.92       0.2424596       0.9575626E-35   0.4599603E-15   0.6667003       0.4905662E-18   0.3332997       0.7346813E-13   0.1400087E-12   0.1326527E-19   0.1404662E-12    0.000000    
   0.9872786E-11    607.8791       0.1071047E+11    25448.92       0.2443079       0.1009995E-34   0.4628986E-15   0.6667003       0.5141228E-18   0.3332997       0.7393431E-13   0.1469562E-12   0.1446478E-19   0.1474166E-12    0.000000    
   0.1020358E-10    607.8791       0.1071047E+11    25448.92       0.2459899       0.1062552E-34   0.4655724E-15   0.6667003       0.5377502E-18   0.3332997       0.7435853E-13   0.1539460E-12   0.1572254E-19   0.1544089E-12    0.000000    
   0.1053438E-10    607.8791       0.1071047E+11    25448.92       0.2475206       0.1115186E-34   0.4680056E-15   0.6667003       0.5614342E-18   0.3332997       0.7474458E-13   0.1609741E-12   0.1703891E-19   0.1614394E-12    0.000000    
   0.1086517E-10    607.8791       0.1071047E+11    25448.92       0.2489135       0.1167853E-34   0.4702199E-15   0.6667003       0.5851622E-18   0.3332997       0.7509588E-13   0.1680372E-12   0.1841418E-19   0.1685046E-12    0.000000    
   0.1119597E-10    607.8791       0.1071047E+11    25448.92       0.2501810       0.1220517E-34   0.4722349E-15   0.6667003       0.6089225E-18   0.3332997       0.7541558E-13   0.1751321E-12   0.1984863E-19   0.1756015E-12    0.000000    
   0.1152676E-10    607.8791       0.1071047E+11    25448.92       0.2513345       0.1273144E-34   0.4740686E-15   0.6667003       0.6327046E-18   0.3332997       0.7570650E-13   0.1822560E-12   0.2134252E-19   0.1827271E-12    0.000000    
   0.1185756E-10    607.8791       0.1071047E+11    25448.92       0.2523842       0.1325707E-34   0.4757372E-15   0.6667003       0.6564989E-18   0.3332997       0.7597124E-13   0.1894062E-12   0.2289608E-19   0.1898789E-12    0.000000    
   0.1218835E-10    607.8791       0.1071047E+11    25448.92       0.2533395       0.1378181E-34   0.4772557E-15   0.6667003       0.6802967E-18   0.3332997       0.7621216E-13   0.1965804E-12   0.2450952E-19   0.1970545E-12    0.000000    
   0.1251915E-10    607.8791       0.1071047E+11    25448.92       0.2542087       0.1430545E-34   0.4786376E-15   0.6667003       0.7040903E-18   0.3332997       0.7643140E-13   0.2037764E-12   0.2618302E-19   0.2042518E-12    0.000000    
   0.1284994E-10    607.8791       0.1071047E+11    25448.92       0.2549998       0.1482780E-34   0.4798951E-15   0.6667003       0.7278724E-18   0.3332997       0.7663091E-13   0.2109922E-12   0.2791677E-19   0.2114688E-12    0.000000    
   0.1318074E-10    607.8791       0.1071047E+11    25448.92       0.2557196       0.1534872E-34   0.4810394E-15   0.6667003       0.7516366E-18   0.3332997       0.7681247E-13   0.2182261E-12   0.2971092E-19   0.2187038E-12    0.000000    
   0.1351153E-10    607.8791       0.1071047E+11    25448.92       0.2563747       0.1586807E-34   0.4820808E-15   0.6667003       0.7753771E-18   0.3332997       0.7697769E-13   0.2254765E-12   0.3156561E-19   0.2259551E-12    0.000000    
   0.1384233E-10    607.8791       0.1071047E+11    25448.92       0.2569708       0.1638575E-34   0.4830284E-15   0.6667003       0.7990886E-18   0.3332997       0.7712804E-13   0.2327418E-12   0.3348098E-19   0.2332213E-12    0.000000    
   0.1417312E-10    607.8791       0.1071047E+11    25448.92       0.2575133       0.1690166E-34   0.4838908E-15   0.6667003       0.8227662E-18   0.3332997       0.7726486E-13   0.2400208E-12   0.3545715E-19   0.2405010E-12    0.000000    
   0.1450392E-10    607.8791       0.1071047E+11    25448.92       0.2580070       0.1741574E-34   0.4846756E-15   0.6667003       0.8464056E-18   0.3332997       0.7738937E-13   0.2473121E-12   0.3749422E-19   0.2477931E-12    0.000000    
   0.1483472E-10    607.8791       0.1071047E+11    25448.92       0.2584562       0.1792791E-34   0.4853897E-15   0.6667003       0.8700029E-18   0.3332997       0.7750267E-13   0.2546147E-12   0.3959230E-19   0.2550963E-12    0.000000    
   0.1516551E-10    607.8791       0.1071047E+11    25448.92       0.2588651       0.1843813E-34   0.4860396E-15   0.6667003       0.8935545E-18   0.3332997       0.7760578E-13   0.2619276E-12   0.4175147E-19   0.2624098E-12    0.000000    
   0.1549631E-10    607.8791       0.1071047E+11    25448.92       0.2592371       0.1894636E-34   0.4866310E-15   0.6667003       0.9170573E-18   0.3332997       0.7769961E-13   0.2692498E-12   0.4397181E-19   0.2697325E-12    0.000000    
   0.1582710E-10    607.8791       0.1071047E+11    25448.92       0.2595756       0.1945258E-34   0.4871692E-15   0.6667003       0.9405084E-18   0.3332997       0.7778499E-13   0.2765805E-12   0.4625341E-19   0.2770636E-12    0.000000    
   0.1615790E-10    607.8791       0.1071047E+11    25448.92       0.2598837       0.1995677E-34   0.4876590E-15   0.6667003       0.9639051E-18   0.3332997       0.7786270E-13   0.2839189E-12   0.4859633E-19   0.2844025E-12    0.000000    
   0.1648869E-10    607.8791       0.1071047E+11    25448.92       0.2601641       0.2045890E-34   0.4881047E-15   0.6667003       0.9872451E-18   0.3332997       0.7793341E-13   0.2912644E-12   0.5100062E-19   0.2917483E-12    0.000000    
   0.1715028E-10    607.8791       0.1071047E+11    25448.92       0.2606514       0.2145699E-34   0.4888793E-15   0.6667003       0.1033747E-17   0.3332997       0.7805631E-13   0.3059739E-12   0.5599357E-19   0.3064585E-12    0.000000    
   0.1774571E-10    607.8791       0.1071047E+11    25448.92       0.2610179       0.2234823E-34   0.4894620E-15   0.6667003       0.1075386E-17   0.3332997       0.7814875E-13   0.3192308E-12   0.6069765E-19   0.3197158E-12    0.000000    
   0.1830514E-10    607.8791       0.1071047E+11    25448.92       0.2613100       0.2317955E-34   0.4899262E-15   0.6667003       0.1114316E-17   0.3332997       0.7822241E-13   0.3316995E-12   0.6529917E-19   0.3321848E-12    0.000000    
   0.1886457E-10    607.8791       0.1071047E+11    25448.92       0.2615590       0.2400505E-34   0.4903221E-15   0.6667003       0.1153054E-17   0.3332997       0.7828521E-13   0.3441790E-12   0.7007706E-19   0.3446646E-12    0.000000    
   0.1942400E-10    607.8791       0.1071047E+11    25448.92       0.2617713       0.2482481E-34   0.4906596E-15   0.6667003       0.1191595E-17   0.3332997       0.7833875E-13   0.3566679E-12   0.7503146E-19   0.3571537E-12    0.000000    
   0.1998344E-10    607.8791       0.1071047E+11    25448.92       0.2619523       0.2563891E-34   0.4909474E-15   0.6667003       0.1229937E-17   0.3332997       0.7838441E-13   0.3691647E-12   0.8016249E-19   0.3696506E-12    0.000000    
   0.2054287E-10    607.8791       0.1071047E+11    25448.92       0.2621066       0.2644742E-34   0.4911927E-15   0.6667003       0.1268076E-17   0.3332997       0.7842333E-13   0.3816683E-12   0.8547025E-19   0.3821543E-12    0.000000    
   0.2110230E-10    607.8791       0.1071047E+11    25448.92       0.2622382       0.2725043E-34   0.4914019E-15   0.6667003       0.1306009E-17   0.3332997       0.7845651E-13   0.3941777E-12   0.9095484E-19   0.3946638E-12    0.000000    
   0.2166173E-10    607.8791       0.1071047E+11    25448.92       0.2623504       0.2804802E-34   0.4915802E-15   0.6667003       0.1343734E-17   0.3332997       0.7848481E-13   0.4066919E-12   0.9661632E-19   0.4071781E-12    0.000000    
   0.2222116E-10    607.8791       0.1071047E+11    25448.92       0.2624461       0.2884028E-34   0.4917323E-15   0.6667003       0.1381251E-17   0.3332997       0.7850893E-13   0.4192104E-12   0.1024548E-18   0.4196966E-12    0.000000    
   0.2278059E-10    607.8791       0.1071047E+11    25448.92       0.2625276       0.2962728E-34   0.4918619E-15   0.6667003       0.1418558E-17   0.3332997       0.7852950E-13   0.4317325E-12   0.1084702E-18   0.4322186E-12    0.000000    
   0.2334002E-10    607.8791       0.1071047E+11    25448.92       0.2625971       0.3040912E-34   0.4919725E-15   0.6667003       0.1455654E-17   0.3332997       0.7854704E-13   0.4442576E-12   0.1146628E-18   0.4447437E-12    0.000000    
   0.2389945E-10    607.8791       0.1071047E+11    25448.92       0.2626564       0.3118586E-34   0.4920667E-15   0.6667003       0.1492540E-17   0.3332997       0.7856199E-13   0.4567853E-12   0.1210324E-18   0.4572714E-12    0.000000    
   0.2445888E-10    607.8791       0.1071047E+11    25448.92       0.2627070       0.3195758E-34   0.4921471E-15   0.6667003       0.1529214E-17   0.3332997       0.7857473E-13   0.4693152E-12   0.1275792E-18   0.4698013E-12    0.000000    
   0.2501831E-10    607.8791       0.1071047E+11    25448.92       0.2627501       0.3272436E-34   0.4922156E-15   0.6667003       0.1565678E-17   0.3332997       0.7858560E-13   0.4818471E-12   0.1343031E-18   0.4823330E-12    0.000000    
   0.2557774E-10    607.8791       0.1071047E+11    25448.92       0.2627868       0.3348625E-34   0.4922740E-15   0.6667003       0.1601930E-17   0.3332997       0.7859487E-13   0.4943805E-12   0.1412042E-18   0.4948664E-12    0.000000    
   0.2613717E-10    607.8791       0.1071047E+11    25448.92       0.2628182       0.3424333E-34   0.4923239E-15   0.6667003       0.1637973E-17   0.3332997       0.7860277E-13   0.5069153E-12   0.1482826E-18   0.5074011E-12    0.000000    
   0.2669660E-10    607.8791       0.1071047E+11    25448.92       0.2628449       0.3499564E-34   0.4923663E-15   0.6667003       0.1673805E-17   0.3332997       0.7860951E-13   0.5194513E-12   0.1555382E-18   0.5199370E-12    0.000000    
   0.2725603E-10    607.8791       0.1071047E+11    25448.92       0.2628677       0.3574326E-34   0.4924026E-15   0.6667003       0.1709428E-17   0.3332997       0.7861525E-13   0.5319883E-12   0.1629710E-18   0.5324738E-12    0.000000    
   0.2781546E-10    607.8791       0.1071047E+11    25448.92       0.2628871       0.3648623E-34   0.4924334E-15   0.6667003       0.1744843E-17   0.3332997       0.7862015E-13   0.5445261E-12   0.1705811E-18   0.5450116E-12    0.000000    
   0.2893432E-10    607.8791       0.1071047E+11    25448.92       0.2629178       0.3795842E-34   0.4924822E-15   0.6667003       0.1815050E-17   0.3332997       0.7862788E-13   0.5696038E-12   0.1863331E-18   0.5700891E-12    0.000000    
   0.2994129E-10    607.8791       0.1071047E+11    25448.92       0.2629381       0.3926799E-34   0.4925146E-15   0.6667003       0.1877532E-17   0.3332997       0.7863302E-13   0.5921756E-12   0.2011162E-18   0.5926607E-12    0.000000    
   0.3092895E-10    607.8791       0.1071047E+11    25448.92       0.2629532       0.4053850E-34   0.4925385E-15   0.6667003       0.1938171E-17   0.3332997       0.7863681E-13   0.6143156E-12   0.2161738E-18   0.6148004E-12    0.000000    
   0.3191660E-10    607.8791       0.1071047E+11    25448.92       0.2629645       0.4179543E-34   0.4925566E-15   0.6667003       0.1998180E-17   0.3332997       0.7863967E-13   0.6364566E-12   0.2317840E-18   0.6369411E-12    0.000000    
   0.3290426E-10    607.8791       0.1071047E+11    25448.92       0.2629731       0.4303898E-34   0.4925703E-15   0.6667003       0.2057564E-17   0.3332997       0.7864184E-13   0.6585982E-12   0.2479468E-18   0.6590825E-12    0.000000    
   0.3389191E-10    607.8791       0.1071047E+11    25448.92       0.2629796       0.4426934E-34   0.4925806E-15   0.6667003       0.2116328E-17   0.3332997       0.7864347E-13   0.6807404E-12   0.2646624E-18   0.6812245E-12    0.000000    
   0.3487957E-10    607.8791       0.1071047E+11    25448.92       0.2629845       0.4548669E-34   0.4925884E-15   0.6667003       0.2174478E-17   0.3332997       0.7864470E-13   0.7028830E-12   0.2819307E-18   0.7033668E-12    0.000000    
   0.3586722E-10    607.8791       0.1071047E+11    25448.92       0.2629882       0.4669118E-34   0.4925943E-15   0.6667003       0.2232022E-17   0.3332997       0.7864563E-13   0.7250258E-12   0.2997517E-18   0.7255094E-12    0.000000    
   0.3685488E-10    607.8791       0.1071047E+11    25448.92       0.2629910       0.4788299E-34   0.4925987E-15   0.6667003       0.2288964E-17   0.3332997       0.7864633E-13   0.7471689E-12   0.3181254E-18   0.7476523E-12    0.000000    
   0.3784253E-10    607.8791       0.1071047E+11    25448.92       0.2629931       0.4906225E-34   0.4926021E-15   0.6667003       0.2345310E-17   0.3332997       0.7864686E-13   0.7693122E-12   0.3370519E-18   0.7697953E-12    0.000000    
   0.3883019E-10    607.8791       0.1071047E+11    25448.92       0.2629947       0.5022913E-34   0.4926046E-15   0.6667003       0.2401068E-17   0.3332997       0.7864726E-13   0.7914557E-12   0.3565311E-18   0.7919385E-12    0.000000    
   0.3981784E-10    607.8791       0.1071047E+11    25448.92       0.2629959       0.5138375E-34   0.4926066E-15   0.6667003       0.2456242E-17   0.3332997       0.7864757E-13   0.8135992E-12   0.3765630E-18   0.8140818E-12    0.000000    
   0.4080550E-10    607.8791       0.1071047E+11    25448.92       0.2629968       0.5252625E-34   0.4926080E-15   0.6667003       0.2510840E-17   0.3332997       0.7864780E-13   0.8357428E-12   0.3971476E-18   0.8362251E-12    0.000000    
   0.4179315E-10    607.8791       0.1071047E+11    25448.92       0.2629975       0.5365678E-34   0.4926092E-15   0.6667003       0.2564866E-17   0.3332997       0.7864797E-13   0.8578864E-12   0.4182851E-18   0.8583685E-12    0.000000    
   0.4376846E-10    607.8791       0.1071047E+11    25448.92       0.2629985       0.5588241E-34   0.4926107E-15   0.6667003       0.2671230E-17   0.3332997       0.7864820E-13   0.9021738E-12   0.4622181E-18   0.9026554E-12    0.000000    
   0.4574377E-10    607.8791       0.1071047E+11    25448.92       0.2629990       0.5806165E-34   0.4926115E-15   0.6667003       0.2775379E-17   0.3332997       0.7864833E-13   0.9464614E-12   0.5083622E-18   0.9469424E-12    0.000000    
   0.4771908E-10    607.8791       0.1071047E+11    25448.92       0.2629993       0.6019551E-34   0.4926121E-15   0.6667003       0.2877360E-17   0.3332997       0.7864841E-13   0.9907490E-12   0.5567173E-18   0.9912295E-12    0.000000    
   0.4969439E-10    607.8791       0.1071047E+11    25448.92       0.2629995       0.6228492E-34   0.4926124E-15   0.6667003       0.2977219E-17   0.3332997       0.7864846E-13   0.1035037E-11   0.6072835E-18   0.1035517E-11    0.000000    
   0.5166970E-10    607.8791       0.1071047E+11    25448.92       0.2629997       0.6433083E-34   0.4926126E-15   0.6667003       0.3074998E-17   0.3332997       0.7864848E-13   0.1079324E-11   0.6600606E-18   0.1079804E-11    0.000000    
   0.5364501E-10    607.8791       0.1071047E+11    25448.92       0.2629997       0.6633414E-34   0.4926128E-15   0.6667003       0.3170743E-17   0.3332997       0.7864850E-13   0.1123612E-11   0.7150488E-18   0.1124091E-11    0.000000    
   0.5562032E-10    607.8791       0.1071047E+11    25448.92       0.2629998       0.6829574E-34   0.4926129E-15   0.6667003       0.3264494E-17   0.3332997       0.7864851E-13   0.1167900E-11   0.7722481E-18   0.1168378E-11    0.000000    
   0.5759563E-10    607.8791       0.1071047E+11    25448.92       0.2629999       0.7021650E-34   0.4926130E-15   0.6667003       0.3356293E-17   0.3332997       0.7864852E-13   0.1212187E-11   0.8316585E-18   0.1212665E-11    0.000000    
   0.6154624E-10    607.8791       0.1071047E+11    25448.92       0.2629999       0.7393890E-34   0.4926132E-15   0.6667003       0.3534198E-17   0.3332997       0.7864853E-13   0.1300763E-11   0.9571124E-18   0.1301239E-11    0.000000    
   0.6549686E-10    607.8791       0.1071047E+11    25448.92       0.2630000       0.7750794E-34   0.4926133E-15   0.6667003       0.3704774E-17   0.3332997       0.7864854E-13   0.1389338E-11   0.1091411E-17   0.1389814E-11    0.000000    
   0.6944748E-10    607.8791       0.1071047E+11    25448.92       0.2630001       0.8092992E-34   0.4926135E-15   0.6667003       0.3868321E-17   0.3332997       0.7864855E-13   0.1477913E-11   0.1234553E-17   0.1478388E-11    0.000000    
   0.7339810E-10    607.8791       0.1071047E+11    25448.92       0.2630001       0.8421087E-34   0.4926136E-15   0.6667003       0.4025128E-17   0.3332997       0.7864856E-13   0.1566489E-11   0.1386541E-17   0.1566962E-11    0.000000    
   0.8129934E-10    607.8791       0.1071047E+11    25448.92       0.2630002       0.9037240E-34   0.4926138E-15   0.6667003       0.4319606E-17   0.3332997       0.7864857E-13   0.1743640E-11   0.1717049E-17   0.1744111E-11    0.000000    
   0.9710181E-10    607.8791       0.1071047E+11    25448.92       0.2630004       0.1012390E-33   0.4926143E-15   0.6667003       0.4838951E-17   0.3332997       0.7864859E-13   0.2097942E-11   0.2484203E-17   0.2098409E-11    0.000000    
   0.1104422E-09    607.8791       0.1071047E+11    25448.92       0.2630006       0.1090897E-33   0.4926146E-15   0.6667003       0.5214163E-17   0.3332997       0.7864860E-13   0.2397041E-11   0.3241993E-17   0.2397504E-11    0.000000    
   0.1371229E-09    607.8791       0.1071047E+11    25448.92       0.2630008       0.1217754E-33   0.4926152E-15   0.6667003       0.5820446E-17   0.3332997       0.7864863E-13   0.2995241E-11   0.5060152E-17   0.2995696E-11    0.000000    
   0.1611355E-09    607.8791       0.1071047E+11    25448.92       0.2630010       0.1304802E-33   0.4926157E-15   0.6667003       0.6236470E-17   0.3332997       0.7864864E-13   0.3533621E-11   0.7041450E-17   0.3534069E-11    0.000000    
   0.1851481E-09    607.8791       0.1071047E+11    25448.92       0.2630012       0.1372300E-33   0.4926162E-15   0.6667003       0.6559059E-17   0.3332997       0.7864865E-13   0.4072001E-11   0.9349563E-17   0.4072442E-11    0.000000    
   0.2091608E-09    607.8791       0.1071047E+11    25448.92       0.2630013       0.1424671E-33   0.4926166E-15   0.6667003       0.6809352E-17   0.3332997       0.7864866E-13   0.4610381E-11   0.1198451E-16   0.4610815E-11    0.000000    
   0.2331734E-09    607.8791       0.1071047E+11    25448.92       0.2630015       0.1465302E-33   0.4926170E-15   0.6667003       0.7003535E-17   0.3332997       0.7864867E-13   0.5148761E-11   0.1494630E-16   0.5149188E-11    0.000000    
   0.2571861E-09    607.8791       0.1071047E+11    25448.92       0.2630016       0.1496817E-33   0.4926174E-15   0.6667003       0.7154146E-17   0.3332997       0.7864868E-13   0.5687142E-11   0.1823495E-16   0.5687561E-11    0.000000    
   0.3052113E-09    607.8791       0.1071047E+11    25448.92       0.2630018       0.1540525E-33   0.4926181E-15   0.6667003       0.7363031E-17   0.3332997       0.7864869E-13   0.6763903E-11   0.2579290E-16   0.6764307E-11    0.000000    
   0.3532366E-09    607.8791       0.1071047E+11    25448.92       0.2630021       0.1567044E-33   0.4926187E-15   0.6667003       0.7489764E-17   0.3332997       0.7864869E-13   0.7840664E-11   0.3465849E-16   0.7841053E-11    0.000000    
   0.4118808E-09    607.8791       0.1071047E+11    25448.92       0.2630023       0.1584585E-33   0.4926195E-15   0.6667003       0.7573585E-17   0.3332997       0.7864869E-13   0.9155510E-11   0.4725784E-16   0.9155881E-11    0.000000    
   0.4646607E-09    607.8791       0.1071047E+11    25448.92       0.2630025       0.1593032E-33   0.4926202E-15   0.6667003       0.7613947E-17   0.3332997       0.7864869E-13   0.1033887E-10   0.6026470E-16   0.1033923E-10    0.000000    
   0.5174405E-09    607.8791       0.1071047E+11    25448.92       0.2630027       0.1598016E-33   0.4926208E-15   0.6667003       0.7637752E-17   0.3332997       0.7864870E-13   0.1152223E-10   0.7485141E-16   0.1152257E-10    0.000000    
   0.5702203E-09    607.8791       0.1071047E+11    25448.92       0.2630029       0.1601071E-33   0.4926215E-15   0.6667003       0.7652346E-17   0.3332997       0.7864870E-13   0.1270559E-10   0.9101815E-16   0.1270592E-10    0.000000    
   0.6230001E-09    607.8791       0.1071047E+11    25448.92       0.2630031       0.1602948E-33   0.4926222E-15   0.6667003       0.7661305E-17   0.3332997       0.7864870E-13   0.1388896E-10   0.1087651E-15   0.1388926E-10    0.000000    
   0.6757799E-09    607.8791       0.1071047E+11    25448.92       0.2630033       0.1604076E-33   0.4926228E-15   0.6667003       0.7666687E-17   0.3332997       0.7864870E-13   0.1507232E-10   0.1280923E-15   0.1507261E-10    0.000000    
   0.7813395E-09    607.8791       0.1071047E+11    25448.92       0.2630037       0.1605000E-33   0.4926241E-15   0.6667003       0.7671081E-17   0.3332997       0.7864870E-13   0.1743904E-10   0.1714885E-15   0.1743930E-10    0.000000    
   0.8868992E-09    607.8791       0.1071047E+11    25448.92       0.2630041       0.1605285E-33   0.4926254E-15   0.6667003       0.7672425E-17   0.3332997       0.7864870E-13   0.1980576E-10   0.2212081E-15   0.1980599E-10    0.000000    
   0.1098018E-08    607.8791       0.1071047E+11    25448.92       0.2630049       0.1605106E-33   0.4926281E-15   0.6667003       0.7671526E-17   0.3332997       0.7864870E-13   0.2453921E-10   0.3396225E-15   0.2453937E-10    0.000000    
   0.1288026E-08    607.8791       0.1071047E+11    25448.92       0.2630056       0.1605305E-33   0.4926304E-15   0.6667003       0.7672441E-17   0.3332997       0.7864870E-13   0.2879931E-10   0.4678343E-15   0.2879941E-10    0.000000    
   0.1668040E-08    607.8791       0.1071047E+11    25448.92       0.2630070       0.1605406E-33   0.4926352E-15   0.6667003       0.7672848E-17   0.3332997       0.7864870E-13   0.3731951E-10   0.7857896E-15   0.3731950E-10    0.000000    
   0.1982350E-08    607.8791       0.1071047E+11    25448.92       0.2630082       0.1605626E-33   0.4926391E-15   0.6667003       0.7673839E-17   0.3332997       0.7864870E-13   0.4436656E-10   0.1110796E-14   0.4436645E-10    0.000000    
   0.2296660E-08    607.8791       0.1071047E+11    25448.92       0.2630094       0.1605785E-33   0.4926430E-15   0.6667003       0.7674541E-17   0.3332997       0.7864870E-13   0.5141361E-10   0.1491996E-14   0.5141340E-10    0.000000    
   0.2925279E-08    607.8791       0.1071047E+11    25448.92       0.2630117       0.1605888E-33   0.4926508E-15   0.6667003       0.7674912E-17   0.3332997       0.7864870E-13   0.6550770E-10   0.2423115E-14   0.6550730E-10    0.000000    
   0.3553898E-08    607.8791       0.1071047E+11    25448.92       0.2630141       0.1605900E-33   0.4926587E-15   0.6667003       0.7674847E-17   0.3332997       0.7864870E-13   0.7960180E-10   0.3579422E-14   0.7960120E-10    0.000000    
   0.4811137E-08    607.8791       0.1071047E+11    25448.92       0.2630188       0.1605977E-33   0.4926743E-15   0.6667003       0.7674971E-17   0.3332997       0.7864870E-13   0.1077900E-09   0.6568702E-14   0.1077890E-09    0.000000    
   0.6068375E-08    607.8791       0.1071047E+11    25448.92       0.2630236       0.1606106E-33   0.4926900E-15   0.6667003       0.7675339E-17   0.3332997       0.7864870E-13   0.1359781E-09   0.1046205E-13   0.1359768E-09    0.000000    
   0.7325614E-08    607.8791       0.1071047E+11    25448.92       0.2630283       0.1606219E-33   0.4927056E-15   0.6667003       0.7675637E-17   0.3332997       0.7864870E-13   0.1641663E-09   0.1526166E-13   0.1641646E-09    0.000000    
   0.9840091E-08    607.8791       0.1071047E+11    25448.92       0.2630379       0.1606433E-33   0.4927369E-15   0.6667003       0.7676170E-17   0.3332997       0.7864870E-13   0.2205424E-09   0.2758852E-13   0.2205402E-09    0.000000    
   0.1235457E-07    607.8791       0.1071047E+11    25448.92       0.2630475       0.1606641E-33   0.4927682E-15   0.6667003       0.7676679E-17   0.3332997       0.7864870E-13   0.2769185E-09   0.4356693E-13   0.2769159E-09    0.000000    
   0.1738352E-07    607.8791       0.1071047E+11    25448.92       0.2630670       0.1607065E-33   0.4928309E-15   0.6667003       0.7677727E-17   0.3332997       0.7864870E-13   0.3896700E-09   0.8654903E-13   0.3896671E-09    0.000000    
   0.2157004E-07    607.8791       0.1071047E+11    25448.92       0.2630833       0.1607418E-33   0.4928830E-15   0.6667003       0.7678604E-17   0.3332997       0.7864870E-13   0.4835329E-09   0.1336273E-12   0.4835305E-09    0.000000    
   0.2575655E-07    607.8791       0.1071047E+11    25448.92       0.2630999       0.1607771E-33   0.4929351E-15   0.6667003       0.7679477E-17   0.3332997       0.7864870E-13   0.5773950E-09   0.1910563E-12   0.5773939E-09    0.000000    
   0.2994306E-07    607.8791       0.1071047E+11    25448.92       0.2631166       0.1608124E-33   0.4929873E-15   0.6667003       0.7680351E-17   0.3332997       0.7864871E-13   0.6712560E-09   0.2589174E-12   0.6712573E-09    0.000000    
   0.3412958E-07    607.8791       0.1071047E+11    25448.92       0.2631335       0.1608477E-33   0.4930394E-15   0.6667003       0.7681225E-17   0.3332997       0.7864871E-13   0.7651159E-09   0.3372919E-12   0.7651207E-09    0.000000    
   0.3831609E-07    607.8791       0.1071047E+11    25448.92       0.2631505       0.1608830E-33   0.4930915E-15   0.6667003       0.7682099E-17   0.3332997       0.7864871E-13   0.8589745E-09   0.4262613E-12   0.8589841E-09    0.000000    
   0.4668912E-07    607.8791       0.1071047E+11    25448.92       0.2631851       0.1609537E-33   0.4931958E-15   0.6667003       0.7683847E-17   0.3332997       0.7864871E-13   0.1046687E-08   0.6363100E-12   0.1046711E-08    0.000000    
   0.5480620E-07    607.8791       0.1071047E+11    25448.92       0.2632193       0.1610221E-33   0.4932968E-15   0.6667003       0.7685541E-17   0.3332997       0.7864871E-13   0.1228655E-08   0.8813191E-12   0.1228699E-08    0.000000    
   0.6292328E-07    607.8791       0.1071047E+11    25448.92       0.2632541       0.1610906E-33   0.4933979E-15   0.6667003       0.7687236E-17   0.3332997       0.7864872E-13   0.1410614E-08   0.1167666E-11   0.1410688E-08    0.000000    
   0.7104037E-07    607.8791       0.1071047E+11    25448.92       0.2632896       0.1611591E-33   0.4934989E-15   0.6667003       0.7688930E-17   0.3332997       0.7864872E-13   0.1592564E-08   0.1495941E-11   0.1592676E-08    0.000000    
   0.7915745E-07    607.8791       0.1071047E+11    25448.92       0.2633257       0.1612277E-33   0.4936000E-15   0.6667003       0.7690624E-17   0.3332997       0.7864872E-13   0.1774504E-08   0.1866738E-11   0.1774665E-08    0.000000    
   0.8727453E-07    607.8791       0.1071047E+11    25448.92       0.2633624       0.1612962E-33   0.4937010E-15   0.6667003       0.7692319E-17   0.3332997       0.7864872E-13   0.1956433E-08   0.2280647E-11   0.1956653E-08    0.000000    
   0.9539161E-07    607.8791       0.1071047E+11    25448.92       0.2633998       0.1613647E-33   0.4938020E-15   0.6667003       0.7694013E-17   0.3332997       0.7864872E-13   0.2138348E-08   0.2738258E-11   0.2138642E-08    0.000000    
   0.1116258E-06    607.8791       0.1071047E+11    25448.92       0.2634764       0.1615019E-33   0.4940041E-15   0.6667003       0.7697401E-17   0.3332997       0.7864873E-13   0.2502137E-08   0.3786951E-11   0.2502619E-08    0.000000    
   0.1278599E-06    607.8791       0.1071047E+11    25448.92       0.2635555       0.1616390E-33   0.4942061E-15   0.6667003       0.7700789E-17   0.3332997       0.7864873E-13   0.2865859E-08   0.5017534E-11   0.2866596E-08    0.000000    
   0.1440941E-06    607.8791       0.1071047E+11    25448.92       0.2636372       0.1617762E-33   0.4944081E-15   0.6667003       0.7704176E-17   0.3332997       0.7864874E-13   0.3229507E-08   0.6434718E-11   0.3230574E-08    0.000000    
   0.1603283E-06    607.8791       0.1071047E+11    25448.92       0.2637214       0.1619134E-33   0.4946100E-15   0.6667003       0.7707563E-17   0.3332997       0.7864874E-13   0.3593071E-08   0.8043206E-11   0.3594551E-08    0.000000    
   0.1765624E-06    607.8791       0.1071047E+11    25448.92       0.2638081       0.1620507E-33   0.4948118E-15   0.6667003       0.7710949E-17   0.3332997       0.7864875E-13   0.3956541E-08   0.9847691E-11   0.3958528E-08    0.000000    
   0.2090308E-06    607.8791       0.1071047E+11    25448.92       0.2639891       0.1623252E-33   0.4952154E-15   0.6667003       0.7717719E-17   0.3332997       0.7864876E-13   0.4683162E-08   0.1406339E-10   0.4686484E-08    0.000000    
   0.2414991E-06    607.8792       0.1071047E+11    25448.92       0.2641800       0.1625999E-33   0.4956187E-15   0.6667003       0.7724485E-17   0.3332997       0.7864877E-13   0.5409295E-08   0.1911918E-10   0.5414439E-08    0.000000    
   0.2739674E-06    607.8792       0.1071047E+11    25448.92       0.2643810       0.1628745E-33   0.4960216E-15   0.6667003       0.7731246E-17   0.3332997       0.7864878E-13   0.6134865E-08   0.2505228E-10   0.6142395E-08    0.000000    
   0.3064358E-06    607.8792       0.1071047E+11    25448.92       0.2645919       0.1631492E-33   0.4964242E-15   0.6667003       0.7738003E-17   0.3332997       0.7864879E-13   0.6859796E-08   0.3189972E-10   0.6870351E-08    0.000000    
   0.3389041E-06    607.8792       0.1071047E+11    25448.92       0.2648126       0.1634238E-33   0.4968265E-15   0.6667003       0.7744753E-17   0.3332997       0.7864880E-13   0.7584013E-08   0.3969832E-10   0.7598307E-08    0.000000    
   0.3713724E-06    607.8792       0.1071047E+11    25448.92       0.2650432       0.1636984E-33   0.4972282E-15   0.6667003       0.7751497E-17   0.3332997       0.7864881E-13   0.8307443E-08   0.4848472E-10   0.8326264E-08    0.000000    
   0.4038408E-06    607.8792       0.1071047E+11    25448.92       0.2652835       0.1639729E-33   0.4976296E-15   0.6667003       0.7758234E-17   0.3332997       0.7864882E-13   0.9030011E-08   0.5829531E-10   0.9054221E-08    0.000000    
   0.4363091E-06    607.8792       0.1071047E+11    25448.92       0.2655336       0.1642473E-33   0.4980303E-15   0.6667003       0.7764962E-17   0.3332997       0.7864883E-13   0.9751644E-08   0.6916627E-10   0.9782178E-08    0.000000    
   0.4687774E-06    607.8792       0.1071047E+11    25448.92       0.2657933       0.1645216E-33   0.4984306E-15   0.6667003       0.7771682E-17   0.3332997       0.7864884E-13   0.1047227E-07   0.8113349E-10   0.1051014E-07    0.000000    
   0.5012458E-06    607.8792       0.1071047E+11    25448.92       0.2660625       0.1647957E-33   0.4988302E-15   0.6667003       0.7778393E-17   0.3332997       0.7864885E-13   0.1119181E-07   0.9423262E-10   0.1123809E-07    0.000000    
   0.5337141E-06    607.8792       0.1071047E+11    25448.92       0.2663413       0.1650696E-33   0.4992292E-15   0.6667003       0.7785094E-17   0.3332997       0.7864886E-13   0.1191019E-07   0.1084990E-09   0.1196605E-07    0.000000    
   0.5661824E-06    607.8792       0.1071047E+11    25448.92       0.2666294       0.1653433E-33   0.4996275E-15   0.6667003       0.7791784E-17   0.3332997       0.7864887E-13   0.1262735E-07   0.1239678E-09   0.1269401E-07    0.000000    
   0.5986507E-06    607.8792       0.1071047E+11    25448.92       0.2669269       0.1656167E-33   0.5000251E-15   0.6667003       0.7798463E-17   0.3332997       0.7864888E-13   0.1334321E-07   0.1406736E-09   0.1342197E-07    0.000000    
   0.6311191E-06    607.8792       0.1071047E+11    25448.92       0.2672337       0.1658898E-33   0.5004219E-15   0.6667003       0.7805129E-17   0.3332997       0.7864889E-13   0.1405771E-07   0.1586509E-09   0.1414993E-07    0.000000    
   0.6635874E-06    607.8793       0.1071047E+11    25448.92       0.2675496       0.1661627E-33   0.5008179E-15   0.6667003       0.7811783E-17   0.3332996       0.7864890E-13   0.1477076E-07   0.1779339E-09   0.1487789E-07    0.000000    
   0.6960557E-06    607.8793       0.1071047E+11    25448.92       0.2678746       0.1664351E-33   0.5012131E-15   0.6667003       0.7818424E-17   0.3332996       0.7864891E-13   0.1548230E-07   0.1985562E-09   0.1560585E-07    0.000000    
   0.7609924E-06    607.8793       0.1071047E+11    25448.92       0.2685514       0.1669790E-33   0.5020008E-15   0.6667003       0.7831663E-17   0.3332996       0.7864893E-13   0.1690058E-07   0.2439520E-09   0.1706177E-07    0.000000    
   0.8194354E-06    607.8793       0.1071047E+11    25448.92       0.2691905       0.1674671E-33   0.5027065E-15   0.6667003       0.7843526E-17   0.3332996       0.7864895E-13   0.1817118E-07   0.2897197E-09   0.1837210E-07    0.000000    
   0.8778784E-06    607.8793       0.1071047E+11    25448.92       0.2698575       0.1679536E-33   0.5034089E-15   0.6667003       0.7855336E-17   0.3332996       0.7864897E-13   0.1943583E-07   0.3403344E-09   0.1968243E-07    0.000000    
   0.9363214E-06    607.8793       0.1071047E+11    25448.92       0.2705517       0.1684384E-33   0.5041078E-15   0.6667003       0.7867089E-17   0.3332996       0.7864899E-13   0.2069414E-07   0.3959787E-09   0.2099276E-07    0.000000    
   0.9947644E-06    607.8793       0.1071047E+11    25448.92       0.2712723       0.1689214E-33   0.5048029E-15   0.6667003       0.7878782E-17   0.3332996       0.7864901E-13   0.2194575E-07   0.4568304E-09   0.2230309E-07    0.000000    
   0.1053207E-05    607.8793       0.1071047E+11    25448.92       0.2720187       0.1694024E-33   0.5054941E-15   0.6667003       0.7890411E-17   0.3332996       0.7864903E-13   0.2319029E-07   0.5230627E-09   0.2361342E-07    0.000000    
   0.1111650E-05    607.8794       0.1071047E+11    25448.92       0.2727902       0.1698812E-33   0.5061812E-15   0.6667003       0.7901973E-17   0.3332996       0.7864905E-13   0.2442739E-07   0.5948438E-09   0.2492376E-07    0.000000    
   0.1170093E-05    607.8794       0.1071047E+11    25448.92       0.2735859       0.1703578E-33   0.5068640E-15   0.6667003       0.7913465E-17   0.3332996       0.7864907E-13   0.2565671E-07   0.6723367E-09   0.2623409E-07    0.000000    
   0.1228536E-05    607.8794       0.1071047E+11    25448.92       0.2744052       0.1708319E-33   0.5075423E-15   0.6667003       0.7924883E-17   0.3332996       0.7864909E-13   0.2687791E-07   0.7556990E-09   0.2754443E-07    0.000000    
   0.1286979E-05    607.8794       0.1071047E+11    25448.92       0.2752471       0.1713035E-33   0.5082159E-15   0.6667003       0.7936224E-17   0.3332996       0.7864911E-13   0.2809067E-07   0.8450831E-09   0.2885477E-07    0.000000    
   0.1345422E-05    607.8794       0.1071047E+11    25448.92       0.2761109       0.1717723E-33   0.5088846E-15   0.6667003       0.7947486E-17   0.3332996       0.7864913E-13   0.2929465E-07   0.9406355E-09   0.3016510E-07    0.000000    
   0.1403865E-05    607.8794       0.1071047E+11    25448.92       0.2769958       0.1722383E-33   0.5095483E-15   0.6667003       0.7958665E-17   0.3332996       0.7864916E-13   0.3048956E-07   0.1042497E-08   0.3147544E-07    0.000000    
   0.1462308E-05    607.8794       0.1071047E+11    25448.92       0.2779008       0.1727013E-33   0.5102068E-15   0.6667003       0.7969758E-17   0.3332996       0.7864918E-13   0.3167510E-07   0.1150803E-08   0.3278578E-07    0.000000    
   0.1520751E-05    607.8795       0.1071047E+11    25448.92       0.2788252       0.1731612E-33   0.5108599E-15   0.6667003       0.7980763E-17   0.3332996       0.7864920E-13   0.3285098E-07   0.1265683E-08   0.3409612E-07    0.000000    
   0.1579194E-05    607.8795       0.1071047E+11    25448.92       0.2797679       0.1736178E-33   0.5115076E-15   0.6667003       0.7991677E-17   0.3332996       0.7864923E-13   0.3401692E-07   0.1387260E-08   0.3540647E-07    0.000000    
   0.1637637E-05    607.8795       0.1071047E+11    25448.92       0.2807283       0.1740711E-33   0.5121495E-15   0.6667003       0.8002498E-17   0.3332996       0.7864925E-13   0.3517267E-07   0.1515651E-08   0.3671681E-07    0.000000    
   0.1696080E-05    607.8795       0.1071047E+11    25448.92       0.2817052       0.1745209E-33   0.5127857E-15   0.6667003       0.8013223E-17   0.3332996       0.7864927E-13   0.3631796E-07   0.1650968E-08   0.3802715E-07    0.000000    
   0.1754523E-05    607.8795       0.1071048E+11    25448.92       0.2826979       0.1749672E-33   0.5134159E-15   0.6667003       0.8023850E-17   0.3332996       0.7864930E-13   0.3745256E-07   0.1793315E-08   0.3933750E-07    0.000000    
   0.1812966E-05    607.8795       0.1071048E+11    25448.92       0.2837054       0.1754097E-33   0.5140401E-15   0.6667003       0.8034377E-17   0.3332996       0.7864932E-13   0.3857624E-07   0.1942790E-08   0.4064785E-07    0.000000    
   0.1871409E-05    607.8796       0.1071048E+11    25448.92       0.2847269       0.1758485E-33   0.5146580E-15   0.6667003       0.8044801E-17   0.3332996       0.7864935E-13   0.3968878E-07   0.2099488E-08   0.4195819E-07    0.000000    
   0.1929852E-05    607.8796       0.1071048E+11    25448.92       0.2857613       0.1762833E-33   0.5152697E-15   0.6667003       0.8055121E-17   0.3332996       0.7864938E-13   0.4078997E-07   0.2263493E-08   0.4326854E-07    0.000000    
   0.1988295E-05    607.8796       0.1071048E+11    25448.92       0.2868079       0.1767142E-33   0.5158750E-15   0.6667003       0.8065334E-17   0.3332996       0.7864940E-13   0.4187962E-07   0.2434887E-08   0.4457889E-07    0.000000    
   0.2046738E-05    607.8796       0.1071048E+11    25448.92       0.2878656       0.1771410E-33   0.5164738E-15   0.6667003       0.8075439E-17   0.3332996       0.7864943E-13   0.4295754E-07   0.2613743E-08   0.4588924E-07    0.000000    
   0.2105181E-05    607.8796       0.1071048E+11    25448.92       0.2889337       0.1775637E-33   0.5170659E-15   0.6667003       0.8085435E-17   0.3332996       0.7864946E-13   0.4402358E-07   0.2800130E-08   0.4719959E-07    0.000000    
   0.2163624E-05    607.8796       0.1071048E+11    25448.92       0.2900111       0.1779821E-33   0.5176514E-15   0.6667003       0.8095320E-17   0.3332996       0.7864949E-13   0.4507756E-07   0.2994108E-08   0.4850995E-07    0.000000    
   0.2222067E-05    607.8796       0.1071048E+11    25448.92       0.2910970       0.1783961E-33   0.5182301E-15   0.6667003       0.8105091E-17   0.3332996       0.7864951E-13   0.4611934E-07   0.3195735E-08   0.4982030E-07    0.000000    
   0.2272124E-05    607.8797       0.1071048E+11    25448.92       0.2920333       0.1787473E-33   0.5187204E-15   0.6667003       0.8113370E-17   0.3332996       0.7864954E-13   0.4700183E-07   0.3374547E-08   0.5094263E-07    0.000000    
