  "Time"          "Temp"          "Pres"          "Dens"          "Th_MIX"        "X_OH*"         "X_H"           "X_H2"          "X_O"           "X_O2"          "X_OH"          "X_HO2"         "X_H2O2"        "X_H2O"         "X_AR"         
  "s"             "K"             "Pa"            "kg/m3"         "s"             "none"          "none"          "none"          "none"          "none"          "none"          "none"          "none"          "none"          "none"         
    0.000000        944.7304       0.3935243E+11    10099.61      -0.2581649E-05    0.000000        0.000000        1.000000        0.000000       0.6684145E-10    0.000000        0.000000        0.000000        0.000000        0.000000    
   0.1234585E-14    944.7304       0.3935243E+11    10099.61      -0.2557751E-05   0.3732582E-42   0.8405066E-22    1.000000       0.4738125E-35   0.6684145E-10   0.1952592E-20   0.2037452E-23   0.3519862E-30   0.1305170E-22    0.000000    
   0.3703755E-14    944.7304       0.3935243E+11    10099.61      -0.2510339E-05   0.1575962E-41   0.2836014E-21    1.000000       0.1719848E-34   0.6684145E-10   0.5826325E-20   0.6112355E-23   0.1910782E-29   0.7060450E-22    0.000000    
   0.8642096E-14    944.7304       0.3935243E+11    10099.61      -0.2417426E-05   0.5265953E-41   0.8389434E-21    1.000000       0.6052188E-34   0.6684145E-10   0.1341755E-19   0.1426216E-22   0.9325347E-29   0.3419507E-21    0.000000    
   0.1851878E-13    944.7304       0.3935243E+11    10099.61      -0.2238555E-05   0.1169633E-40   0.2517718E-20    1.000000       0.2665257E-33   0.6684145E-10   0.2803192E-19   0.3056174E-22   0.4051749E-28   0.1452734E-20    0.000000    
   0.3827214E-13    944.7304       0.3935243E+11    10099.61      -0.1907651E-05   0.2428984E-40   0.8068033E-20    1.000000       0.1445347E-32   0.6684145E-10   0.5506788E-19   0.6316085E-22   0.1704296E-27   0.5867066E-20    0.000000    
   0.7777886E-13    944.7304       0.3935243E+11    10099.61      -0.1339065E-05   0.4583789E-40   0.2678535E-19    1.000000       0.8890406E-32   0.6684145E-10   0.1015231E-18   0.1283588E-21   0.7000924E-27   0.2231242E-19    0.000000    
   0.1172856E-12    944.7304       0.3935243E+11    10099.61      -0.8790766E-06   0.6330569E-40   0.5437534E-19    1.000000       0.2535017E-31   0.6684145E-10   0.1391057E-18   0.1935564E-21   0.1590000E-26   0.4763044E-19    0.000000    
   0.1567923E-12    944.7304       0.3935243E+11    10099.61      -0.5081763E-06   0.7737845E-40   0.8924416E-19    1.000000       0.5348241E-31   0.6684145E-10   0.1694094E-18   0.2587537E-21   0.2840274E-26   0.8022729E-19    0.000000    
   0.1962990E-12    944.7304       0.3935243E+11    10099.61      -0.2095551E-06   0.8870709E-40   0.1300184E-18    1.000000       0.9545346E-31   0.6684145E-10   0.1938077E-18   0.3239507E-21   0.4450954E-26   0.1187296E-18    0.000000    
   0.2753125E-12    944.7304       0.3935243E+11    10099.61       0.2175281E-06   0.1049110E-39   0.2254694E-18    1.000000       0.2262805E-30   0.6684145E-10   0.2287018E-18   0.4543438E-21   0.8753550E-26   0.2096367E-18    0.000000    
   0.3543259E-12    944.7304       0.3935243E+11    10099.61       0.4907184E-06   0.1152744E-39   0.3334940E-18    1.000000       0.4272801E-30   0.6684145E-10   0.2510223E-18   0.5847356E-21   0.1449783E-25   0.3131173E-18    0.000000    
   0.4333394E-12    944.7304       0.3935243E+11    10099.61       0.6693535E-06   0.1220499E-39   0.4492441E-18    1.000000       0.7029429E-30   0.6684145E-10   0.2656174E-18   0.7151262E-21   0.2168380E-25   0.4243234E-18    0.000000    
   0.5123528E-12    944.7304       0.3935243E+11    10099.61       0.7879742E-06   0.1265504E-39   0.5698975E-18    1.000000       0.1053828E-29   0.6684145E-10   0.2753091E-18   0.8455156E-21   0.3031143E-25   0.5404329E-18    0.000000    
   0.5913663E-12    944.7304       0.3935243E+11    10099.61       0.8667719E-06   0.1295400E-39   0.6938046E-18    1.000000       0.1478357E-29   0.6684145E-10   0.2817471E-18   0.9759039E-21   0.4038071E-25   0.6597960E-18    0.000000    
   0.6703797E-12    944.7304       0.3935243E+11    10099.61       0.9190778E-06   0.1315240E-39   0.8198761E-18    1.000000       0.1974042E-29   0.6684145E-10   0.2860207E-18   0.1106291E-20   0.5189162E-25   0.7813237E-18    0.000000    
   0.7493932E-12    944.7304       0.3935243E+11    10099.61       0.9535567E-06   0.1328321E-39   0.9474042E-18    1.000000       0.2537872E-29   0.6684145E-10   0.2888377E-18   0.1236677E-20   0.6484416E-25   0.9043078E-18    0.000000    
   0.9074201E-12    944.7304       0.3935243E+11    10099.61       0.9928873E-06   0.1343242E-39   0.1204881E-17    1.000000       0.3857303E-29   0.6684145E-10   0.2920511E-18   0.1497446E-20   0.9507403E-25   0.1152697E-17    0.000000    
   0.1065447E-11    944.7304       0.3935243E+11    10099.61       0.1007069E-05   0.1348623E-39   0.1464413E-17    1.000000       0.5409889E-29   0.6684145E-10   0.2932099E-18   0.1758209E-20   0.1310702E-24   0.1403140E-17    0.000000    
   0.1223474E-11    944.7304       0.3935243E+11    10099.61       0.1013816E-05   0.1351182E-39   0.1724552E-17    1.000000       0.7165838E-29   0.6684145E-10   0.2937611E-18   0.2018969E-20   0.1728327E-24   0.1654191E-17    0.000000    
   0.1539528E-11    944.7304       0.3935243E+11    10099.61       0.1016193E-05   0.1352084E-39   0.2245738E-17    1.000000       0.1147030E-28   0.6684145E-10   0.2939553E-18   0.2540464E-20   0.2851874E-24   0.2157202E-17    0.000000    
   0.1855581E-11    944.7304       0.3935243E+11    10099.61       0.1017069E-05   0.1352417E-39   0.2767047E-17    1.000000       0.1624897E-28   0.6684145E-10   0.2940269E-18   0.3061941E-20   0.4206050E-24   0.2660335E-17    0.000000    
   0.2487689E-11    944.7304       0.3935243E+11    10099.61       0.1017466E-05   0.1352568E-39   0.3809775E-17    1.000000       0.2707467E-28   0.6684145E-10   0.2940593E-18   0.4104822E-20   0.7836853E-24   0.3666712E-17    0.000000    
   0.3751904E-11    944.7304       0.3935243E+11    10099.61       0.1017567E-05   0.1352607E-39   0.5895290E-17    1.000000       0.5127337E-28   0.6684145E-10   0.2940676E-18   0.6190290E-20   0.1878774E-23   0.5679522E-17    0.000000    
   0.6280335E-11    944.7304       0.3935243E+11    10099.61       0.1017580E-05   0.1352617E-39   0.1006633E-16    1.000000       0.1030855E-27   0.6684144E-10   0.2940687E-18   0.1036005E-19   0.5544247E-23   0.9705158E-17    0.000000    
   0.1133720E-10    944.7304       0.3935243E+11    10099.61       0.1017579E-05   0.1352636E-39   0.1840843E-16    1.000000       0.2094590E-27   0.6684144E-10   0.2940688E-18   0.1869487E-19   0.1877305E-22   0.1775643E-16    0.000000    
   0.2145092E-10    944.7304       0.3935243E+11    10099.61       0.1017576E-05   0.1352707E-39   0.3509264E-16    1.000000       0.4234370E-27   0.6684143E-10   0.2940687E-18   0.3534572E-19   0.6879553E-22   0.3385898E-16    0.000000    
   0.4167836E-10    944.7304       0.3935243E+11    10099.61       0.1017570E-05   0.1352988E-39   0.6846113E-16    1.000000       0.8516855E-27   0.6684142E-10   0.2940687E-18   0.6857255E-19   0.2628879E-21   0.6606406E-16    0.000000    
   0.8213324E-10    944.7304       0.3935243E+11    10099.61       0.1017558E-05   0.1354107E-39   0.1351984E-15    1.000000       0.1708221E-26   0.6684138E-10   0.2940685E-18   0.1347283E-18   0.1025576E-20   0.1304742E-15    0.000000    
   0.1225881E-09    944.7304       0.3935243E+11    10099.61       0.1017546E-05   0.1355968E-39   0.2019359E-15    1.000000       0.2564762E-26   0.6684135E-10   0.2940684E-18   0.2005879E-18   0.2161092E-20   0.1948843E-15    0.000000    
   0.2034979E-09    944.7304       0.3935243E+11    10099.61       0.1017523E-05   0.1361913E-39   0.3354119E-15    1.000000       0.4277855E-26   0.6684129E-10   0.2940681E-18   0.3311355E-18   0.5910165E-20   0.3237044E-15    0.000000    
   0.2754102E-09    944.7304       0.3935243E+11    10099.61       0.1017503E-05   0.1369678E-39   0.4540458E-15    1.000000       0.5800457E-26   0.6684123E-10   0.2940678E-18   0.4462526E-18   0.1039683E-19   0.4381992E-15    0.000000    
   0.3473226E-09    944.7304       0.3935243E+11    10099.61       0.1017483E-05   0.1379795E-39   0.5726805E-15    1.000000       0.7323068E-26   0.6684117E-10   0.2940676E-18   0.5604625E-18   0.1603278E-19   0.5526938E-15    0.000000    
   0.4192349E-09    944.7304       0.3935243E+11    10099.61       0.1017463E-05   0.1392255E-39   0.6913160E-15    1.000000       0.8845689E-26   0.6684112E-10   0.2940673E-18   0.6737742E-18   0.2280901E-19   0.6671884E-15    0.000000    
   0.5630595E-09    944.7304       0.3935243E+11    10099.61       0.1017425E-05   0.1424212E-39   0.9285888E-15    1.000000       0.1189095E-25   0.6684100E-10   0.2940668E-18   0.8983217E-18   0.3900476E-19   0.8961773E-15    0.000000    
   0.7068842E-09    944.7304       0.3935243E+11    10099.61       0.1017388E-05   0.1465533E-39   0.1165864E-14    1.000000       0.1493625E-25   0.6684089E-10   0.2940663E-18   0.1119563E-17   0.5941975E-19   0.1125166E-14    0.000000    
   0.8507088E-09    944.7304       0.3935243E+11    10099.61       0.1017352E-05   0.1516228E-39   0.1403143E-14    1.000000       0.1798159E-25   0.6684077E-10   0.2940658E-18   0.1337422E-17   0.8416828E-19   0.1354154E-14    0.000000    
   0.1138358E-08    944.7304       0.3935243E+11    10099.61       0.1017284E-05   0.1645737E-39   0.1877709E-14    1.000000       0.2407236E-25   0.6684054E-10   0.2940648E-18   0.1763169E-17   0.1465360E-18   0.1812129E-14    0.000000    
   0.1426007E-08    944.7304       0.3935243E+11    10099.61       0.1017221E-05   0.1812742E-39   0.2352287E-14    1.000000       0.3016326E-25   0.6684031E-10   0.2940638E-18   0.2175971E-17   0.2257158E-18   0.2270103E-14    0.000000    
   0.1713657E-08    944.7304       0.3935243E+11    10099.61       0.1017163E-05   0.2017245E-39   0.2826875E-14    1.000000       0.3625429E-25   0.6684008E-10   0.2940628E-18   0.2576299E-17   0.3212419E-18   0.2728074E-14    0.000000    
   0.2001306E-08    944.7304       0.3935243E+11    10099.61       0.1017109E-05   0.2259249E-39   0.3301474E-14    1.000000       0.4234544E-25   0.6683985E-10   0.2940618E-18   0.2964630E-17   0.4326374E-18   0.3186045E-14    0.000000    
   0.2576605E-08    944.7304       0.3935243E+11    10099.61       0.1017015E-05   0.2855765E-39   0.4250701E-14    1.000000       0.5452806E-25   0.6683939E-10   0.2940598E-18   0.3706998E-17   0.7013446E-18   0.4101981E-14    0.000000    
   0.3151903E-08    944.7304       0.3935243E+11    10099.61       0.1016938E-05   0.3602305E-39   0.5199963E-14    1.000000       0.6671106E-25   0.6683894E-10   0.2940578E-18   0.4406686E-17   0.1028230E-17   0.5017911E-14    0.000000    
   0.3727202E-08    944.7304       0.3935243E+11    10099.61       0.1016876E-05   0.4498879E-39   0.6149259E-14    1.000000       0.7889440E-25   0.6683848E-10   0.2940557E-18   0.5067111E-17   0.1409878E-17   0.5933834E-14    0.000000    
   0.4302501E-08    944.7304       0.3935243E+11    10099.61       0.1016828E-05   0.5545498E-39   0.7098583E-14    1.000000       0.9107801E-25   0.6683802E-10   0.2940537E-18   0.5691358E-17   0.1843202E-17   0.6849752E-14    0.000000    
   0.4877799E-08    944.7304       0.3935243E+11    10099.61       0.1016793E-05   0.6742170E-39   0.8047934E-14    1.000000       0.1032619E-24   0.6683756E-10   0.2940517E-18   0.6282229E-17   0.2325401E-17   0.7765662E-14    0.000000    
   0.6028396E-08    944.7304       0.3935243E+11    10099.61       0.1016760E-05   0.9585696E-39   0.9946703E-14    1.000000       0.1276302E-24   0.6683664E-10   0.2940477E-18   0.7374053E-17   0.3426214E-17   0.9597466E-14    0.000000    
   0.7178994E-08    944.7304       0.3935243E+11    10099.61       0.1016769E-05   0.1302949E-38   0.1184555E-13    1.000000       0.1519990E-24   0.6683572E-10   0.2940436E-18   0.8360834E-17   0.4694066E-17   0.1142924E-13    0.000000    
   0.8329591E-08    944.7304       0.3935243E+11    10099.61       0.1016816E-05   0.1707357E-38   0.1374445E-13    1.000000       0.1763681E-24   0.6683480E-10   0.2940396E-18   0.9258114E-17   0.6113415E-17   0.1326100E-13    0.000000    
   0.9480188E-08    944.7304       0.3935243E+11    10099.61       0.1016894E-05   0.2171793E-38   0.1564340E-13    1.000000       0.2007372E-24   0.6683389E-10   0.2940356E-18   0.1007918E-16   0.7670969E-17   0.1509272E-13    0.000000    
   0.1063079E-07    944.7304       0.3935243E+11    10099.61       0.1017001E-05   0.2696257E-38   0.1754239E-13    1.000000       0.2251063E-24   0.6683297E-10   0.2940315E-18   0.1083540E-16   0.9355378E-17   0.1692443E-13    0.000000    
   0.1178138E-07    944.7304       0.3935243E+11    10099.61       0.1017133E-05   0.3280745E-38   0.1944139E-13    1.000000       0.2494752E-24   0.6683205E-10   0.2940275E-18   0.1153641E-16   0.1115698E-16   0.1875610E-13    0.000000    
   0.1408258E-07    944.7304       0.3935243E+11    10099.61       0.1017460E-05   0.4629782E-38   0.2323944E-13    1.000000       0.2982116E-24   0.6683021E-10   0.2940195E-18   0.1280439E-16   0.1508021E-16   0.2241938E-13    0.000000    
   0.1638377E-07    944.7304       0.3935243E+11    10099.61       0.1017856E-05   0.6218871E-38   0.2703748E-13    1.000000       0.3469458E-24   0.6682838E-10   0.2940114E-18   0.1393514E-16   0.1938863E-16   0.2608256E-13    0.000000    
   0.1868497E-07    944.7304       0.3935243E+11    10099.61       0.1018308E-05   0.8047973E-38   0.3083547E-13    1.000000       0.3956772E-24   0.6682654E-10   0.2940033E-18   0.1496648E-16   0.2404440E-16   0.2974564E-13    0.000000    
   0.2098616E-07    944.7304       0.3935243E+11    10099.61       0.1018806E-05   0.1011704E-37   0.3463339E-13    1.000000       0.4444052E-24   0.6682470E-10   0.2939953E-18   0.1592589E-16   0.2902003E-16   0.3340862E-13    0.000000    
   0.2328735E-07    944.7304       0.3935243E+11    10099.61       0.1019343E-05   0.1242603E-37   0.3843119E-13    1.000000       0.4931296E-24   0.6682286E-10   0.2939872E-18   0.1683322E-16   0.3429563E-16   0.3707150E-13    0.000000    
   0.2558855E-07    944.7304       0.3935243E+11    10099.61       0.1019915E-05   0.1497488E-37   0.4222887E-13    1.000000       0.5418501E-24   0.6682103E-10   0.2939791E-18   0.1770276E-16   0.3985690E-16   0.4073427E-13    0.000000    
   0.2788974E-07    944.7304       0.3935243E+11    10099.61       0.1020516E-05   0.1776355E-37   0.4602640E-13    1.000000       0.5905664E-24   0.6681919E-10   0.2939711E-18   0.1854485E-16   0.4569349E-16   0.4439695E-13    0.000000    
   0.3019094E-07    944.7304       0.3935243E+11    10099.61       0.1021145E-05   0.2079197E-37   0.4982378E-13    1.000000       0.6392784E-24   0.6681735E-10   0.2939630E-18   0.1936701E-16   0.5179783E-16   0.4805953E-13    0.000000    
   0.3249213E-07    944.7304       0.3935243E+11    10099.61       0.1021800E-05   0.2406009E-37   0.5362098E-13    1.000000       0.6879860E-24   0.6681551E-10   0.2939549E-18   0.2017473E-16   0.5816442E-16   0.5172200E-13    0.000000    
   0.3479333E-07    944.7304       0.3935243E+11    10099.61       0.1022478E-05   0.2756785E-37   0.5741801E-13    1.000000       0.7366890E-24   0.6681367E-10   0.2939468E-18   0.2097196E-16   0.6478927E-16   0.5538438E-13    0.000000    
   0.3709452E-07    944.7304       0.3935243E+11    10099.61       0.1023180E-05   0.3131520E-37   0.6121484E-13    1.000000       0.7853873E-24   0.6681183E-10   0.2939388E-18   0.2176157E-16   0.7166950E-16   0.5904665E-13    0.000000    
   0.3939572E-07    944.7304       0.3935243E+11    10099.61       0.1023904E-05   0.3530206E-37   0.6501147E-13    1.000000       0.8340808E-24   0.6680999E-10   0.2939307E-18   0.2254561E-16   0.7880303E-16   0.6270883E-13    0.000000    
   0.4169691E-07    944.7304       0.3935243E+11    10099.61       0.1024651E-05   0.3952837E-37   0.6880790E-13    1.000000       0.8827694E-24   0.6680815E-10   0.2939226E-18   0.2332559E-16   0.8618830E-16   0.6637090E-13    0.000000    
   0.4399810E-07    944.7304       0.3935243E+11    10099.61       0.1025418E-05   0.4399408E-37   0.7260411E-13    1.000000       0.9314530E-24   0.6680632E-10   0.2939146E-18   0.2410262E-16   0.9382421E-16   0.7003287E-13    0.000000    
   0.4629930E-07    944.7304       0.3935243E+11    10099.61       0.1026207E-05   0.4869911E-37   0.7640011E-13    1.000000       0.9801315E-24   0.6680448E-10   0.2939065E-18   0.2487748E-16   0.1017099E-15   0.7369475E-13    0.000000    
   0.5090169E-07    944.7304       0.3935243E+11    10099.61       0.1027847E-05   0.5882687E-37   0.8399140E-13    1.000000       0.1077473E-23   0.6680080E-10   0.2938903E-18   0.2642278E-16   0.1182286E-15   0.8101819E-13    0.000000    
   0.5550408E-07    944.7304       0.3935243E+11    10099.61       0.1029570E-05   0.6991109E-37   0.9158172E-13    1.000000       0.1174793E-23   0.6679712E-10   0.2938742E-18   0.2796443E-16   0.1357410E-15   0.8834123E-13    0.000000    
   0.6010647E-07    944.7304       0.3935243E+11    10099.61       0.1031376E-05   0.8195120E-37   0.9917102E-13    1.000000       0.1272091E-23   0.6679343E-10   0.2938580E-18   0.2950403E-16   0.1542455E-15   0.9566387E-13    0.000000    
   0.6470885E-07    944.7304       0.3935243E+11    10099.61       0.1033263E-05   0.9494656E-37   0.1067593E-12    1.000000       0.1369366E-23   0.6678975E-10   0.2938419E-18   0.3104247E-16   0.1737409E-15   0.1029861E-12    0.000000    
   0.6931124E-07    944.7304       0.3935243E+11    10099.61       0.1035231E-05   0.1088966E-36   0.1143464E-12    1.000000       0.1466618E-23   0.6678607E-10   0.2938257E-18   0.3258009E-16   0.1942265E-15   0.1103079E-12    0.000000    
   0.7391363E-07    944.7304       0.3935243E+11    10099.61       0.1037282E-05   0.1238005E-36   0.1219323E-12    1.000000       0.1563846E-23   0.6678239E-10   0.2938095E-18   0.3411703E-16   0.2157019E-15   0.1176294E-12    0.000000    
   0.7851602E-07    944.7304       0.3935243E+11    10099.61       0.1039413E-05   0.1396578E-36   0.1295170E-12    1.000000       0.1661049E-23   0.6677870E-10   0.2937934E-18   0.3565338E-16   0.2381669E-15   0.1249504E-12    0.000000    
   0.8311841E-07    944.7304       0.3935243E+11    10099.61       0.1041626E-05   0.1564676E-36   0.1371004E-12    1.000000       0.1758227E-23   0.6677502E-10   0.2937772E-18   0.3718923E-16   0.2616209E-15   0.1322710E-12    0.000000    
   0.9232319E-07    944.7304       0.3935243E+11    10099.61       0.1046296E-05   0.1929419E-36   0.1522632E-12    1.000000       0.1952503E-23   0.6676764E-10   0.2937448E-18   0.4025957E-16   0.3114950E-15   0.1469111E-12    0.000000    
   0.1015280E-06    944.7304       0.3935243E+11    10099.61       0.1051291E-05   0.2332172E-36   0.1674203E-12    1.000000       0.2146671E-23   0.6676027E-10   0.2937125E-18   0.4332813E-16   0.3653218E-15   0.1615495E-12    0.000000    
   0.1107327E-06    944.7304       0.3935243E+11    10099.61       0.1056610E-05   0.2772870E-36   0.1825712E-12    1.000000       0.2340723E-23   0.6675289E-10   0.2936801E-18   0.4639482E-16   0.4230989E-15   0.1761863E-12    0.000000    
   0.1291423E-06    944.7304       0.3935243E+11    10099.61       0.1068217E-05   0.3767813E-36   0.2128531E-12    1.000000       0.2728464E-23   0.6673812E-10   0.2936153E-18   0.5252234E-16   0.5504936E-15   0.2054551E-12    0.000000    
   0.1453904E-06    944.7304       0.3935243E+11    10099.61       0.1079533E-05   0.4771306E-36   0.2395551E-12    1.000000       0.3070247E-23   0.6672507E-10   0.2935581E-18   0.5792331E-16   0.6760325E-15   0.2312820E-12    0.000000    
   0.1616384E-06    944.7304       0.3935243E+11    10099.61       0.1091849E-05   0.5891867E-36   0.2662320E-12    1.000000       0.3411596E-23   0.6671202E-10   0.2935009E-18   0.6331721E-16   0.8138394E-15   0.2571039E-12    0.000000    
   0.1778865E-06    944.7304       0.3935243E+11    10099.61       0.1105162E-05   0.7128996E-36   0.2928816E-12    1.000000       0.3752482E-23   0.6669896E-10   0.2934436E-18   0.6870369E-16   0.9638975E-15   0.2829207E-12    0.000000    
   0.1941345E-06    944.7304       0.3935243E+11    10099.61       0.1119467E-05   0.8482154E-36   0.3195015E-12    1.000000       0.4092877E-23   0.6668588E-10   0.2933863E-18   0.7408230E-16   0.1126189E-14   0.3087326E-12    0.000000    
   0.2103826E-06    944.7304       0.3935243E+11    10099.61       0.1134759E-05   0.9950762E-36   0.3460896E-12    1.000000       0.4432751E-23   0.6667280E-10   0.2933290E-18   0.7945254E-16   0.1300695E-14   0.3345393E-12    0.000000    
   0.2428787E-06    944.7304       0.3935243E+11    10099.61       0.1168286E-05   0.1323184E-35   0.3991618E-12    1.000000       0.5110829E-23   0.6664660E-10   0.2932142E-18   0.9016615E-16   0.1686269E-14   0.3861377E-12    0.000000    
   0.2753748E-06    944.7304       0.3935243E+11    10099.61       0.1205699E-05   0.1696686E-35   0.4520807E-12    1.000000       0.5786493E-23   0.6662037E-10   0.2930992E-18   0.1008410E-15   0.2120450E-14   0.4377159E-12    0.000000    
   0.3078709E-06    944.7304       0.3935243E+11    10099.61       0.1246948E-05   0.2114988E-35   0.5048290E-12    1.000000       0.6459523E-23   0.6659410E-10   0.2929842E-18   0.1114736E-15   0.2603050E-14   0.4892739E-12    0.000000    
   0.3403671E-06    944.7304       0.3935243E+11    10099.61       0.1291980E-05   0.2577441E-35   0.5573899E-12    1.000000       0.7129703E-23   0.6656779E-10   0.2928690E-18   0.1220607E-15   0.3133866E-14   0.5408116E-12    0.000000    
   0.3728632E-06    944.7304       0.3935243E+11    10099.61       0.1340736E-05   0.3083338E-35   0.6097465E-12    1.000000       0.7796818E-23   0.6654144E-10   0.2927536E-18   0.1325987E-15   0.3712681E-14   0.5923290E-12    0.000000    
   0.4053593E-06    944.7304       0.3935243E+11    10099.61       0.1393154E-05   0.3631922E-35   0.6618823E-12    1.000000       0.8460658E-23   0.6651505E-10   0.2926382E-18   0.1430844E-15   0.4339261E-14   0.6438261E-12    0.000000    
   0.4703515E-06    944.7304       0.3935243E+11    10099.61       0.1508700E-05   0.4853868E-35   0.7654272E-12    1.000000       0.9777696E-23   0.6646217E-10   0.2924068E-18   0.1638859E-15   0.5734710E-14   0.7467593E-12    0.000000    
   0.5353437E-06    944.7304       0.3935243E+11    10099.61       0.1638030E-05   0.6236242E-35   0.8678987E-12    1.000000       0.1107922E-22   0.6640914E-10   0.2921750E-18   0.1844401E-15   0.7318053E-14   0.8496111E-12    0.000000    
   0.6003360E-06    944.7304       0.3935243E+11    10099.61       0.1780495E-05   0.7771305E-35   0.9691761E-12    1.000000       0.1236369E-22   0.6635597E-10   0.2919426E-18   0.2047229E-15   0.9086908E-14   0.9523812E-12    0.000000    
   0.6653282E-06    944.7304       0.3935243E+11    10099.61       0.1935392E-05   0.9450697E-35   0.1069145E-11    1.000000       0.1362968E-22   0.6630265E-10   0.2917097E-18   0.2247115E-15   0.1103868E-13   0.1055069E-11    0.000000    
   0.7303204E-06    944.7304       0.3935243E+11    10099.61       0.2101970E-05   0.1126552E-34   0.1167696E-11    1.000000       0.1487581E-22   0.6624920E-10   0.2914764E-18   0.2443846E-15   0.1317057E-13   0.1157676E-11    0.000000    
   0.7953127E-06    944.7304       0.3935243E+11    10099.61       0.2279441E-05   0.1320643E-34   0.1264729E-11    1.000000       0.1610082E-22   0.6619561E-10   0.2912425E-18   0.2637220E-15   0.1547960E-13   0.1260200E-11    0.000000    
   0.8603049E-06    944.7304       0.3935243E+11    10099.61       0.2466981E-05   0.1526370E-34   0.1360148E-11    1.000000       0.1730352E-22   0.6614188E-10   0.2910082E-18   0.2827052E-15   0.1796261E-13   0.1362641E-11    0.000000    
   0.9252971E-06    944.7304       0.3935243E+11    10099.61       0.2663744E-05   0.1742737E-34   0.1453867E-11    1.000000       0.1848282E-22   0.6608803E-10   0.2907734E-18   0.3013174E-15   0.2061628E-13   0.1465000E-11    0.000000    
   0.9902894E-06    944.7304       0.3935243E+11    10099.61       0.2868865E-05   0.1968725E-34   0.1545805E-11    1.000000       0.1963776E-22   0.6603405E-10   0.2905382E-18   0.3195430E-15   0.2343713E-13   0.1567277E-11    0.000000    
   0.1055282E-05    944.7304       0.3935243E+11    10099.61       0.3081470E-05   0.2203308E-34   0.1635890E-11    1.000000       0.2076744E-22   0.6597996E-10   0.2903025E-18   0.3373681E-15   0.2642157E-13   0.1669470E-11    0.000000    
   0.1120274E-05    944.7304       0.3935243E+11    10099.61       0.3300682E-05   0.2445456E-34   0.1724058E-11    1.000000       0.2187107E-22   0.6592574E-10   0.2900665E-18   0.3547806E-15   0.2956589E-13   0.1771581E-11    0.000000    
   0.1185266E-05    944.7304       0.3935243E+11    10099.61       0.3525628E-05   0.2694146E-34   0.1810252E-11    1.000000       0.2294798E-22   0.6587141E-10   0.2898300E-18   0.3717698E-15   0.3286625E-13   0.1873608E-11    0.000000    
   0.1250258E-05    944.7304       0.3935243E+11    10099.61       0.3755445E-05   0.2948370E-34   0.1894423E-11    1.000000       0.2399759E-22   0.6581697E-10   0.2895931E-18   0.3883266E-15   0.3631875E-13   0.1975553E-11    0.000000    
   0.1315251E-05    944.7304       0.3935243E+11    10099.61       0.3989283E-05   0.3207136E-34   0.1976529E-11    1.000000       0.2501940E-22   0.6576242E-10   0.2893559E-18   0.4044434E-15   0.3991940E-13   0.2077413E-11    0.000000    
   0.1380243E-05    944.7304       0.3935243E+11    10099.61       0.4226317E-05   0.3469481E-34   0.2056535E-11    1.000000       0.2601304E-22   0.6570777E-10   0.2891183E-18   0.4201143E-15   0.4366415E-13   0.2179191E-11    0.000000    
   0.1445235E-05    944.7304       0.3935243E+11    10099.61       0.4465745E-05   0.3734472E-34   0.2134416E-11    1.000000       0.2697820E-22   0.6565302E-10   0.2888804E-18   0.4353347E-15   0.4754891E-13   0.2280884E-11    0.000000    
   0.1510227E-05    944.7304       0.3935243E+11    10099.61       0.4706796E-05   0.4001212E-34   0.2210151E-11    1.000000       0.2791469E-22   0.6559818E-10   0.2886422E-18   0.4501014E-15   0.5156955E-13   0.2382494E-11    0.000000    
   0.1575219E-05    944.7304       0.3935243E+11    10099.61       0.4948731E-05   0.4268845E-34   0.2283725E-11    1.000000       0.2882237E-22   0.6554325E-10   0.2884036E-18   0.4644128E-15   0.5572192E-13   0.2484020E-11    0.000000    
   0.1640212E-05    944.7304       0.3935243E+11    10099.61       0.5190849E-05   0.4536559E-34   0.2355133E-11    1.000000       0.2970122E-22   0.6548824E-10   0.2881647E-18   0.4782682E-15   0.6000184E-13   0.2585462E-11    0.000000    
   0.1705204E-05    944.7304       0.3935243E+11    10099.61       0.5432486E-05   0.4803586E-34   0.2424374E-11    1.000000       0.3055127E-22   0.6543314E-10   0.2879256E-18   0.4916684E-15   0.6440518E-13   0.2686820E-11    0.000000    
   0.1770196E-05    944.7304       0.3935243E+11    10099.61       0.5673020E-05   0.5069207E-34   0.2491451E-11    1.000000       0.3137264E-22   0.6537797E-10   0.2876862E-18   0.5046154E-15   0.6892777E-13   0.2788094E-11    0.000000    
   0.1835188E-05    944.7304       0.3935243E+11    10099.61       0.5911870E-05   0.5332754E-34   0.2556376E-11    1.000000       0.3216550E-22   0.6532273E-10   0.2874466E-18   0.5171120E-15   0.7356549E-13   0.2889283E-11    0.000000    
   0.1900181E-05    944.7304       0.3935243E+11    10099.61       0.6148497E-05   0.5593608E-34   0.2619162E-11    1.000000       0.3293011E-22   0.6526741E-10   0.2872067E-18   0.5291622E-15   0.7831426E-13   0.2990388E-11    0.000000    
   0.1965173E-05    944.7304       0.3935243E+11    10099.61       0.6382406E-05   0.5851201E-34   0.2679830E-11    1.000000       0.3366676E-22   0.6521203E-10   0.2869666E-18   0.5407708E-15   0.8317001E-13   0.3091409E-11    0.000000    
   0.2030165E-05    944.7304       0.3935243E+11    10099.61       0.6613145E-05   0.6105016E-34   0.2738403E-11    1.000000       0.3437581E-22   0.6515660E-10   0.2867263E-18   0.5519435E-15   0.8812875E-13   0.3192345E-11    0.000000    
   0.2095157E-05    944.7304       0.3935243E+11    10099.61       0.6840303E-05   0.6354585E-34   0.2794910E-11    1.000000       0.3505767E-22   0.6510110E-10   0.2864858E-18   0.5626869E-15   0.9318652E-13   0.3293197E-11    0.000000    
   0.2160150E-05    944.7304       0.3935243E+11    10099.61       0.7063513E-05   0.6599491E-34   0.2849380E-11    1.000000       0.3571278E-22   0.6504556E-10   0.2862451E-18   0.5730080E-15   0.9833945E-13   0.3393964E-11    0.000000    
   0.2225142E-05    944.7304       0.3935243E+11    10099.61       0.7282448E-05   0.6839363E-34   0.2901850E-11    1.000000       0.3634163E-22   0.6498996E-10   0.2860043E-18   0.5829145E-15   0.1035837E-12   0.3494646E-11    0.000000    
   0.2290134E-05    944.7304       0.3935243E+11    10099.61       0.7496819E-05   0.7073875E-34   0.2952354E-11    1.000000       0.3694474E-22   0.6493432E-10   0.2857634E-18   0.5924147E-15   0.1089156E-12   0.3595244E-11    0.000000    
   0.2355126E-05    944.7304       0.3935243E+11    10099.61       0.7706377E-05   0.7302749E-34   0.3000934E-11    1.000000       0.3752266E-22   0.6487864E-10   0.2855223E-18   0.6015175E-15   0.1143313E-12   0.3695757E-11    0.000000    
   0.2420118E-05    944.7304       0.3935243E+11    10099.61       0.7910907E-05   0.7525745E-34   0.3047631E-11    1.000000       0.3807597E-22   0.6482292E-10   0.2852811E-18   0.6102318E-15   0.1198274E-12   0.3796185E-11    0.000000    
   0.2485111E-05    944.7304       0.3935243E+11    10099.61       0.8110231E-05   0.7742666E-34   0.3092487E-11    1.000000       0.3860525E-22   0.6476717E-10   0.2850398E-18   0.6185671E-15   0.1254004E-12   0.3896528E-11    0.000000    
   0.2550103E-05    944.7304       0.3935243E+11    10099.61       0.8304201E-05   0.7953351E-34   0.3135548E-11    1.000000       0.3911114E-22   0.6471138E-10   0.2847984E-18   0.6265333E-15   0.1310468E-12   0.3996786E-11    0.000000    
   0.2615095E-05    944.7304       0.3935243E+11    10099.61       0.8492702E-05   0.8157676E-34   0.3176860E-11    1.000000       0.3959425E-22   0.6465557E-10   0.2845569E-18   0.6341402E-15   0.1367632E-12   0.4096959E-11    0.000000    
   0.2680087E-05    944.7304       0.3935243E+11    10099.61       0.8675647E-05   0.8355547E-34   0.3216470E-11    1.000000       0.4005523E-22   0.6459974E-10   0.2843153E-18   0.6413980E-15   0.1425466E-12   0.4197047E-11    0.000000    
   0.2745080E-05    944.7304       0.3935243E+11    10099.61       0.8852973E-05   0.8546905E-34   0.3254426E-11    1.000000       0.4049471E-22   0.6454388E-10   0.2840737E-18   0.6483168E-15   0.1483937E-12   0.4297051E-11    0.000000    
   0.2810072E-05    944.7304       0.3935243E+11    10099.61       0.9024645E-05   0.8731715E-34   0.3290775E-11    1.000000       0.4091336E-22   0.6448801E-10   0.2838321E-18   0.6549070E-15   0.1543015E-12   0.4396969E-11    0.000000    
   0.2875064E-05    944.7304       0.3935243E+11    10099.61       0.9190648E-05   0.8909969E-34   0.3325567E-11    1.000000       0.4131183E-22   0.6443212E-10   0.2835904E-18   0.6611790E-15   0.1602670E-12   0.4496802E-11    0.000000    
   0.2940056E-05    944.7304       0.3935243E+11    10099.61       0.9350989E-05   0.9081685E-34   0.3358849E-11    1.000000       0.4169076E-22   0.6437622E-10   0.2833487E-18   0.6671429E-15   0.1662874E-12   0.4596550E-11    0.000000    
   0.3005049E-05    944.7304       0.3935243E+11    10099.61       0.9505694E-05   0.9246900E-34   0.3390671E-11    1.000000       0.4205081E-22   0.6432031E-10   0.2831070E-18   0.6728092E-15   0.1723600E-12   0.4696214E-11    0.000000    
   0.3070041E-05    944.7304       0.3935243E+11    10099.61       0.9654804E-05   0.9405669E-34   0.3421080E-11    1.000000       0.4239263E-22   0.6426439E-10   0.2828653E-18   0.6781879E-15   0.1784820E-12   0.4795792E-11    0.000000    
   0.3135033E-05    944.7304       0.3935243E+11    10099.61       0.9798377E-05   0.9558066E-34   0.3450125E-11    1.000000       0.4271684E-22   0.6420847E-10   0.2826236E-18   0.6832892E-15   0.1846509E-12   0.4895285E-11    0.000000    
   0.3200025E-05    944.7304       0.3935243E+11    10099.61       0.9936484E-05   0.9704181E-34   0.3477853E-11    1.000000       0.4302409E-22   0.6415255E-10   0.2823820E-18   0.6881230E-15   0.1908642E-12   0.4994693E-11    0.000000    
   0.3265017E-05    944.7304       0.3935243E+11    10099.61       0.1006921E-04   0.9844115E-34   0.3504310E-11    1.000000       0.4331498E-22   0.6409663E-10   0.2821403E-18   0.6926991E-15   0.1971196E-12   0.5094016E-11    0.000000    
   0.3330010E-05    944.7304       0.3935243E+11    10099.61       0.1019664E-04   0.9977982E-34   0.3529542E-11    1.000000       0.4359014E-22   0.6404071E-10   0.2818987E-18   0.6970271E-15   0.2034146E-12   0.5193254E-11    0.000000    
   0.3395002E-05    944.7304       0.3935243E+11    10099.61       0.1031888E-04   0.1010591E-33   0.3553595E-11    1.000000       0.4385016E-22   0.6398480E-10   0.2816571E-18   0.7011166E-15   0.2097471E-12   0.5292408E-11    0.000000    
   0.3459994E-05    944.7304       0.3935243E+11    10099.61       0.1043604E-04   0.1022802E-33   0.3576513E-11    1.000000       0.4409563E-22   0.6392889E-10   0.2814156E-18   0.7049767E-15   0.2161150E-12   0.5391476E-11    0.000000    
   0.3524986E-05    944.7304       0.3935243E+11    10099.61       0.1054824E-04   0.1034446E-33   0.3598340E-11    1.000000       0.4432712E-22   0.6387300E-10   0.2811742E-18   0.7086165E-15   0.2225161E-12   0.5490459E-11    0.000000    
   0.3589979E-05    944.7304       0.3935243E+11    10099.61       0.1065559E-04   0.1045537E-33   0.3619117E-11    1.000000       0.4454518E-22   0.6381711E-10   0.2809328E-18   0.7120447E-15   0.2289487E-12   0.5589357E-11    0.000000    
   0.3654971E-05    944.7304       0.3935243E+11    10099.61       0.1075823E-04   0.1056090E-33   0.3638886E-11    1.000000       0.4475036E-22   0.6376124E-10   0.2806915E-18   0.7152700E-15   0.2354106E-12   0.5688171E-11    0.000000    
   0.3719963E-05    944.7304       0.3935243E+11    10099.61       0.1085628E-04   0.1066121E-33   0.3657687E-11    1.000000       0.4494319E-22   0.6370538E-10   0.2804502E-18   0.7183007E-15   0.2419002E-12   0.5786899E-11    0.000000    
   0.3784955E-05    944.7304       0.3935243E+11    10099.61       0.1094987E-04   0.1075645E-33   0.3675559E-11    1.000000       0.4512419E-22   0.6364954E-10   0.2802091E-18   0.7211449E-15   0.2484158E-12   0.5885543E-11    0.000000    
   0.3914940E-05    944.7304       0.3935243E+11    10099.61       0.1112421E-04   0.1093234E-33   0.3708668E-11    1.000000       0.4545264E-22   0.6353792E-10   0.2797271E-18   0.7263048E-15   0.2615179E-12   0.6082576E-11    0.000000    
   0.4031926E-05    944.7304       0.3935243E+11    10099.61       0.1126722E-04   0.1107488E-33   0.3735659E-11    1.000000       0.4571259E-22   0.6343753E-10   0.2792936E-18   0.7303870E-15   0.2733825E-12   0.6259616E-11    0.000000    
   0.4142492E-05    944.7304       0.3935243E+11    10099.61       0.1139101E-04   0.1119673E-33   0.3758911E-11    1.000000       0.4592967E-22   0.6334272E-10   0.2788843E-18   0.7337946E-15   0.2846513E-12   0.6426688E-11    0.000000    
