6.6293E-10   3.03434
1.3263E-09   3.03511
1.9900E-09   3.03588
2.6542E-09   3.03664
3.3188E-09   3.03741
3.9838E-09   3.03818
4.6492E-09   3.03895
5.3150E-09   3.03972
5.9812E-09   3.04049
6.6478E-09   3.04126
7.3149E-09   3.04203
7.9823E-09   3.04280
8.6502E-09   3.04357
9.3185E-09   3.04434
9.9872E-09   3.04511
1.0656E-08   3.04588
1.1326E-08   3.04666
1.1996E-08   3.04743
1.2666E-08   3.04820
1.3337E-08   3.04897
1.4008E-08   3.04974
1.4680E-08   3.05052
1.5352E-08   3.05129
1.6024E-08   3.05206
1.6697E-08   3.05284
1.7370E-08   3.05361
1.8044E-08   3.05438
1.8718E-08   3.05516
1.9392E-08   3.05593
2.0067E-08   3.05671
2.0742E-08   3.05748
2.1418E-08   3.05826
2.2094E-08   3.05903
2.2771E-08   3.05981
2.3448E-08   3.06058
2.4125E-08   3.06136
2.4803E-08   3.06214
2.5481E-08   3.06291
2.6160E-08   3.06369
2.6839E-08   3.06447
2.7518E-08   3.06524
2.8198E-08   3.06602
2.8878E-08   3.06680
2.9559E-08   3.06758
3.0240E-08   3.06836
3.0922E-08   3.06913
3.1604E-08   3.06991
3.2286E-08   3.07069
3.2969E-08   3.07147
3.3652E-08   3.07225
3.4336E-08   3.07303
3.5020E-08   3.07381
3.5704E-08   3.07459
3.6389E-08   3.07537
3.7074E-08   3.07615
3.7760E-08   3.07693
3.8446E-08   3.07771
3.9133E-08   3.07849
3.9819E-08   3.07928
4.0507E-08   3.08006
4.1195E-08   3.08084
4.1883E-08   3.08162
4.2571E-08   3.08240
4.3260E-08   3.08319
4.3950E-08   3.08397
4.4640E-08   3.08475
4.5330E-08   3.08554
4.6021E-08   3.08632
4.6712E-08   3.08711
4.7403E-08   3.08789
4.8095E-08   3.08867
4.8788E-08   3.08946
4.9481E-08   3.09024
5.0174E-08   3.09103
5.0867E-08   3.09181
5.1562E-08   3.09260
5.2256E-08   3.09339
5.2951E-08   3.09417
5.3646E-08   3.09496
5.4342E-08   3.09574
5.5038E-08   3.09653
5.5735E-08   3.09732
5.6432E-08   3.09811
5.7129E-08   3.09889
5.7827E-08   3.09968
5.8525E-08   3.10047
5.9224E-08   3.10126
5.9923E-08   3.10205
6.0623E-08   3.10283
6.1322E-08   3.10362
6.2023E-08   3.10441
6.2724E-08   3.10520
6.3425E-08   3.10599
6.4126E-08   3.10678
6.4829E-08   3.10757
6.5531E-08   3.10836
6.6234E-08   3.10915
6.6937E-08   3.10994
6.7641E-08   3.11074
6.8345E-08   3.11153
6.9050E-08   3.11232
6.9755E-08   3.11311
7.0460E-08   3.11390
7.1166E-08   3.11470
7.1872E-08   3.11549
7.2579E-08   3.11628
7.3286E-08   3.11707
7.3994E-08   3.11787
7.4702E-08   3.11866
7.5410E-08   3.11946
7.6119E-08   3.12025
7.6828E-08   3.12104
7.7538E-08   3.12184
7.8248E-08   3.12263
7.8958E-08   3.12343
7.9669E-08   3.12422
8.0381E-08   3.12502
8.1092E-08   3.12582
8.1805E-08   3.12661
8.2517E-08   3.12741
8.3230E-08   3.12820
8.3944E-08   3.12900
8.4658E-08   3.12980
8.5372E-08   3.13060
8.6087E-08   3.13139
8.6802E-08   3.13219
8.7518E-08   3.13299
8.8234E-08   3.13379
8.8950E-08   3.13459
8.9667E-08   3.13538
9.0384E-08   3.13618
9.1102E-08   3.13698
9.1820E-08   3.13778
9.2539E-08   3.13858
9.3258E-08   3.13938
9.3977E-08   3.14018
9.4697E-08   3.14098
9.5418E-08   3.14178
9.6138E-08   3.14258
9.6859E-08   3.14339
9.7581E-08   3.14419
9.8303E-08   3.14499
9.9026E-08   3.14579
9.9748E-08   3.14659
1.0047E-07   3.14740
1.0120E-07   3.14820
1.0192E-07   3.14900
1.0264E-07   3.14980
1.0337E-07   3.15061
1.0409E-07   3.15141
1.0482E-07   3.15222
1.0555E-07   3.15302
1.0627E-07   3.15382
1.0700E-07   3.15463
1.0773E-07   3.15543
1.0846E-07   3.15624
1.0918E-07   3.15704
1.0991E-07   3.15785
1.1064E-07   3.15866
1.1137E-07   3.15946
1.1210E-07   3.16027
1.1283E-07   3.16108
1.1356E-07   3.16188
1.1430E-07   3.16269
1.1503E-07   3.16350
1.1576E-07   3.16430
1.1649E-07   3.16511
1.1723E-07   3.16592
1.1796E-07   3.16673
1.1869E-07   3.16754
1.1943E-07   3.16835
1.2016E-07   3.16916
1.2090E-07   3.16997
1.2163E-07   3.17078
1.2237E-07   3.17159
1.2311E-07   3.17240
1.2384E-07   3.17321
1.2458E-07   3.17402
1.2532E-07   3.17483
1.2606E-07   3.17564
1.2680E-07   3.17645
1.2754E-07   3.17726
1.2827E-07   3.17807
1.2901E-07   3.17889
1.2976E-07   3.17970
1.3050E-07   3.18051
1.3124E-07   3.18132
1.3198E-07   3.18214
1.3272E-07   3.18295
1.3346E-07   3.18376
1.3421E-07   3.18458
1.3495E-07   3.18539
1.3569E-07   3.18621
1.3644E-07   3.18702
1.3718E-07   3.18784
1.3793E-07   3.18865
1.3868E-07   3.18947
1.3942E-07   3.19028
1.4017E-07   3.19110
1.4091E-07   3.19191
1.4166E-07   3.19273
1.4241E-07   3.19355
1.4316E-07   3.19436
1.4391E-07   3.19518
1.4466E-07   3.19600
1.4541E-07   3.19682
1.4616E-07   3.19763
1.4691E-07   3.19845
1.4766E-07   3.19927
1.4841E-07   3.20009
1.4916E-07   3.20091
1.4991E-07   3.20173
1.5067E-07   3.20255
1.5142E-07   3.20337
1.5217E-07   3.20419
1.5293E-07   3.20501
1.5368E-07   3.20583
1.5443E-07   3.20665
1.5519E-07   3.20747
1.5595E-07   3.20829
1.5670E-07   3.20911
1.5746E-07   3.20993
1.5822E-07   3.21076
1.5897E-07   3.21158
1.5973E-07   3.21240
1.6049E-07   3.21322
1.6125E-07   3.21405
1.6201E-07   3.21487
1.6277E-07   3.21569
1.6353E-07   3.21652
1.6429E-07   3.21734
1.6505E-07   3.21817
1.6581E-07   3.21899
1.6657E-07   3.21982
1.6733E-07   3.22064
1.6810E-07   3.22147
1.6886E-07   3.22229
1.6962E-07   3.22312
1.7039E-07   3.22394
1.7115E-07   3.22477
1.7192E-07   3.22560
1.7268E-07   3.22642
1.7345E-07   3.22725
1.7421E-07   3.22808
1.7498E-07   3.22891
1.7575E-07   3.22973
1.7651E-07   3.23056
1.7728E-07   3.23139
1.7805E-07   3.23222
1.7882E-07   3.23305
1.7959E-07   3.23388
1.8036E-07   3.23471
1.8113E-07   3.23554
1.8190E-07   3.23637
1.8267E-07   3.23720
1.8344E-07   3.23803
1.8421E-07   3.23886
1.8499E-07   3.23969
1.8576E-07   3.24052
1.8653E-07   3.24135
1.8731E-07   3.24218
1.8808E-07   3.24301
1.8885E-07   3.24385
1.8963E-07   3.24468
1.9041E-07   3.24551
1.9118E-07   3.24635
1.9196E-07   3.24718
1.9273E-07   3.24801
1.9351E-07   3.24885
1.9429E-07   3.24968
1.9507E-07   3.25051
1.9585E-07   3.25135
1.9662E-07   3.25218
1.9740E-07   3.25302
1.9818E-07   3.25385
1.9896E-07   3.25469
1.9974E-07   3.25553
2.0053E-07   3.25636
2.0131E-07   3.25720
2.0209E-07   3.25803
2.0287E-07   3.25887
2.0365E-07   3.25971
2.0444E-07   3.26055
2.0522E-07   3.26138
2.0601E-07   3.26222
2.0679E-07   3.26306
2.0758E-07   3.26390
2.0836E-07   3.26474
2.0915E-07   3.26558
2.0993E-07   3.26642
2.1072E-07   3.26725
2.1151E-07   3.26809
2.1230E-07   3.26893
2.1308E-07   3.26977
2.1387E-07   3.27062
2.1466E-07   3.27146
2.1545E-07   3.27230
2.1624E-07   3.27314
2.1703E-07   3.27398
2.1782E-07   3.27482
2.1861E-07   3.27566
2.1941E-07   3.27651
2.2020E-07   3.27735
2.2099E-07   3.27819
2.2178E-07   3.27904
2.2258E-07   3.27988
2.2337E-07   3.28072
2.2417E-07   3.28157
2.2496E-07   3.28241
2.2576E-07   3.28325
2.2655E-07   3.28410
2.2735E-07   3.28494
2.2815E-07   3.28579
2.2894E-07   3.28664
2.2974E-07   3.28748
2.3054E-07   3.28833
2.3134E-07   3.28917
2.3214E-07   3.29002
2.3294E-07   3.29087
2.3374E-07   3.29171
2.3454E-07   3.29256
2.3534E-07   3.29341
2.3614E-07   3.29426
2.3694E-07   3.29511
2.3774E-07   3.29595
2.3854E-07   3.29680
2.3935E-07   3.29765
2.4015E-07   3.29850
2.4095E-07   3.29935
2.4176E-07   3.30020
2.4256E-07   3.30105
2.4337E-07   3.30190
2.4417E-07   3.30275
2.4498E-07   3.30360
2.4579E-07   3.30445
2.4659E-07   3.30530
2.4740E-07   3.30616
2.4821E-07   3.30701
2.4902E-07   3.30786
2.4983E-07   3.30871
2.5064E-07   3.30956
2.5145E-07   3.31042
2.5226E-07   3.31127
2.5307E-07   3.31212
2.5388E-07   3.31298
2.5469E-07   3.31383
2.5550E-07   3.31469
2.5631E-07   3.31554
2.5713E-07   3.31639
2.5794E-07   3.31725
2.5875E-07   3.31811
2.5957E-07   3.31896
2.6038E-07   3.31982
2.6120E-07   3.32067
2.6201E-07   3.32153
2.6283E-07   3.32239
2.6364E-07   3.32324
2.6446E-07   3.32410
2.6528E-07   3.32496
2.6610E-07   3.32581
2.6691E-07   3.32667
2.6773E-07   3.32753
2.6855E-07   3.32839
2.6937E-07   3.32925
2.7019E-07   3.33011
2.7101E-07   3.33097
2.7183E-07   3.33183
2.7265E-07   3.33269
2.7348E-07   3.33355
2.7430E-07   3.33441
2.7512E-07   3.33527
2.7594E-07   3.33613
2.7677E-07   3.33699
2.7759E-07   3.33785
2.7842E-07   3.33871
2.7924E-07   3.33957
2.8007E-07   3.34044
2.8089E-07   3.34130
2.8172E-07   3.34216
2.8255E-07   3.34302
2.8337E-07   3.34389
2.8420E-07   3.34475
2.8503E-07   3.34562
2.8586E-07   3.34648
2.8669E-07   3.34734
2.8752E-07   3.34821
2.8835E-07   3.34907
2.8918E-07   3.34994
2.9001E-07   3.35080
2.9084E-07   3.35167
2.9167E-07   3.35254
2.9250E-07   3.35340
2.9334E-07   3.35427
2.9417E-07   3.35514
2.9500E-07   3.35600
2.9584E-07   3.35687
2.9667E-07   3.35774
2.9751E-07   3.35861
2.9834E-07   3.35947
2.9918E-07   3.36034
3.0001E-07   3.36121
3.0085E-07   3.36208
3.0169E-07   3.36295
3.0253E-07   3.36382
3.0336E-07   3.36469
3.0420E-07   3.36556
3.0504E-07   3.36643
3.0588E-07   3.36730
3.0672E-07   3.36817
3.0756E-07   3.36904
3.0840E-07   3.36991
3.0924E-07   3.37079
3.1009E-07   3.37166
3.1093E-07   3.37253
3.1177E-07   3.37340
3.1261E-07   3.37427
3.1346E-07   3.37515
3.1430E-07   3.37602
3.1515E-07   3.37689
3.1599E-07   3.37777
3.1684E-07   3.37864
3.1768E-07   3.37952
3.1853E-07   3.38039
3.1938E-07   3.38127
3.2022E-07   3.38214
3.2107E-07   3.38302
3.2192E-07   3.38389
3.2277E-07   3.38477
3.2362E-07   3.38565
3.2447E-07   3.38652
3.2532E-07   3.38740
3.2617E-07   3.38828
3.2702E-07   3.38915
3.2787E-07   3.39003
3.2872E-07   3.39091
3.2957E-07   3.39179
3.3043E-07   3.39267
3.3128E-07   3.39355
3.3213E-07   3.39442
3.3299E-07   3.39530
3.3384E-07   3.39618
3.3470E-07   3.39706
3.3555E-07   3.39794
3.3641E-07   3.39882
3.3726E-07   3.39971
3.3812E-07   3.40059
3.3898E-07   3.40147
3.3984E-07   3.40235
3.4070E-07   3.40323
3.4155E-07   3.40411
3.4241E-07   3.40500
3.4327E-07   3.40588
3.4413E-07   3.40676
3.4499E-07   3.40764
3.4585E-07   3.40853
3.4672E-07   3.40941
3.4758E-07   3.41030
3.4844E-07   3.41118
3.4930E-07   3.41206
3.5017E-07   3.41295
3.5103E-07   3.41383
3.5189E-07   3.41472
3.5276E-07   3.41561
3.5362E-07   3.41649
3.5449E-07   3.41738
3.5536E-07   3.41826
3.5622E-07   3.41915
3.5709E-07   3.42004
3.5796E-07   3.42093
3.5883E-07   3.42181
3.5969E-07   3.42270
3.6056E-07   3.42359
3.6143E-07   3.42448
3.6230E-07   3.42537
3.6317E-07   3.42626
3.6404E-07   3.42715
3.6491E-07   3.42804
3.6579E-07   3.42893
3.6666E-07   3.42982
3.6753E-07   3.43071
3.6840E-07   3.43160
3.6928E-07   3.43249
3.7015E-07   3.43338
3.7102E-07   3.43427
3.7190E-07   3.43516
3.7277E-07   3.43605
3.7365E-07   3.43695
3.7453E-07   3.43784
3.7540E-07   3.43873
3.7628E-07   3.43963
3.7716E-07   3.44052
3.7804E-07   3.44141
3.7891E-07   3.44231
3.7979E-07   3.44320
3.8067E-07   3.44410
3.8155E-07   3.44499
3.8243E-07   3.44589
3.8331E-07   3.44678
3.8420E-07   3.44768
3.8508E-07   3.44857
3.8596E-07   3.44947
3.8684E-07   3.45037
3.8773E-07   3.45126
3.8861E-07   3.45216
3.8949E-07   3.45306
3.9038E-07   3.45396
3.9126E-07   3.45485
3.9215E-07   3.45575
3.9303E-07   3.45665
3.9392E-07   3.45755
3.9481E-07   3.45845
3.9570E-07   3.45935
3.9658E-07   3.46025
3.9747E-07   3.46115
3.9836E-07   3.46205
3.9925E-07   3.46295
4.0014E-07   3.46385
4.0103E-07   3.46475
4.0192E-07   3.46565
4.0281E-07   3.46655
4.0370E-07   3.46746
4.0459E-07   3.46836
4.0549E-07   3.46926
4.0638E-07   3.47016
4.0727E-07   3.47107
4.0817E-07   3.47197
4.0906E-07   3.47287
4.0996E-07   3.47378
4.1085E-07   3.47468
4.1175E-07   3.47559
4.1264E-07   3.47649
4.1354E-07   3.47740
4.1444E-07   3.47830
4.1533E-07   3.47921
4.1623E-07   3.48011
4.1713E-07   3.48102
4.1803E-07   3.48193
4.1893E-07   3.48283
4.1983E-07   3.48374
4.2073E-07   3.48465
4.2163E-07   3.48555
4.2253E-07   3.48646
4.2343E-07   3.48737
4.2434E-07   3.48828
4.2524E-07   3.48919
4.2614E-07   3.49010
4.2705E-07   3.49101
4.2795E-07   3.49192
4.2885E-07   3.49283
4.2976E-07   3.49374
4.3067E-07   3.49465
4.3157E-07   3.49556
4.3248E-07   3.49647
4.3338E-07   3.49738
4.3429E-07   3.49829
4.3520E-07   3.49920
4.3611E-07   3.50012
4.3702E-07   3.50103
4.3793E-07   3.50194
4.3884E-07   3.50285
4.3975E-07   3.50377
4.4066E-07   3.50468
4.4157E-07   3.50560
4.4248E-07   3.50651
4.4339E-07   3.50742
4.4430E-07   3.50834
4.4522E-07   3.50925
4.4613E-07   3.51017
4.4704E-07   3.51109
4.4796E-07   3.51200
4.4887E-07   3.51292
4.4979E-07   3.51383
4.5071E-07   3.51475
4.5162E-07   3.51567
4.5254E-07   3.51659
4.5346E-07   3.51750
4.5437E-07   3.51842
4.5529E-07   3.51934
4.5621E-07   3.52026
4.5713E-07   3.52118
4.5805E-07   3.52210
4.5897E-07   3.52302
4.5989E-07   3.52394
4.6081E-07   3.52486
4.6173E-07   3.52578
4.6265E-07   3.52670
4.6358E-07   3.52762
4.6450E-07   3.52854
4.6542E-07   3.52946
4.6635E-07   3.53038
4.6727E-07   3.53130
4.6820E-07   3.53223
4.6912E-07   3.53315
4.7005E-07   3.53407
4.7097E-07   3.53499
4.7190E-07   3.53592
4.7283E-07   3.53684
4.7375E-07   3.53777
4.7468E-07   3.53869
4.7561E-07   3.53962
4.7654E-07   3.54054
4.7747E-07   3.54147
4.7840E-07   3.54239
4.7933E-07   3.54332
4.8026E-07   3.54424
4.8119E-07   3.54517
4.8212E-07   3.54610
4.8306E-07   3.54702
4.8399E-07   3.54795
4.8492E-07   3.54888
4.8586E-07   3.54981
4.8679E-07   3.55073
4.8772E-07   3.55166
4.8866E-07   3.55259
4.8960E-07   3.55352
4.9053E-07   3.55445
4.9147E-07   3.55538
4.9240E-07   3.55631
4.9334E-07   3.55724
4.9428E-07   3.55817
4.9522E-07   3.55910
4.9616E-07   3.56003
4.9710E-07   3.56096
4.9804E-07   3.56190
4.9898E-07   3.56283
4.9992E-07   3.56376
5.0086E-07   3.56469
5.0180E-07   3.56562
5.0274E-07   3.56656
5.0369E-07   3.56749
5.0463E-07   3.56843
5.0557E-07   3.56936
5.0652E-07   3.57029
5.0746E-07   3.57123
5.0841E-07   3.57216
5.0935E-07   3.57310
5.1030E-07   3.57403
5.1124E-07   3.57497
5.1219E-07   3.57591
5.1314E-07   3.57684
5.1409E-07   3.57778
5.1504E-07   3.57872
5.1598E-07   3.57965
5.1693E-07   3.58059
5.1788E-07   3.58153
5.1883E-07   3.58247
5.1978E-07   3.58341
5.2074E-07   3.58434
5.2169E-07   3.58528
5.2264E-07   3.58622
5.2359E-07   3.58716
5.2455E-07   3.58810
5.2550E-07   3.58904
5.2645E-07   3.58998
5.2741E-07   3.59092
5.2836E-07   3.59187
5.2932E-07   3.59281
5.3027E-07   3.59375
5.3123E-07   3.59469
5.3219E-07   3.59563
5.3315E-07   3.59658
5.3410E-07   3.59752
5.3506E-07   3.59846
5.3602E-07   3.59941
5.3698E-07   3.60035
5.3794E-07   3.60129
5.3890E-07   3.60224
5.3986E-07   3.60318
5.4082E-07   3.60413
5.4178E-07   3.60507
5.4275E-07   3.60602
5.4371E-07   3.60696
5.4467E-07   3.60791
5.4564E-07   3.60886
5.4660E-07   3.60980
5.4756E-07   3.61075
5.4853E-07   3.61170
5.4949E-07   3.61265
5.5046E-07   3.61359
5.5143E-07   3.61454
5.5239E-07   3.61549
5.5336E-07   3.61644
5.5433E-07   3.61739
5.5530E-07   3.61834
5.5627E-07   3.61929
5.5724E-07   3.62024
5.5821E-07   3.62119
5.5918E-07   3.62214
5.6015E-07   3.62309
5.6112E-07   3.62404
5.6209E-07   3.62499
5.6306E-07   3.62595
5.6403E-07   3.62690
5.6501E-07   3.62785
5.6598E-07   3.62880
5.6696E-07   3.62976
5.6793E-07   3.63071
5.6891E-07   3.63166
5.6988E-07   3.63262
5.7086E-07   3.63357
5.7183E-07   3.63453
5.7281E-07   3.63548
5.7379E-07   3.63644
5.7477E-07   3.63739
5.7574E-07   3.63835
5.7672E-07   3.63931
5.7770E-07   3.64026
5.7868E-07   3.64122
5.7966E-07   3.64218
5.8064E-07   3.64313
5.8162E-07   3.64409
5.8261E-07   3.64505
5.8359E-07   3.64601
5.8457E-07   3.64697
5.8555E-07   3.64793
5.8654E-07   3.64888
5.8752E-07   3.64984
5.8851E-07   3.65080
5.8949E-07   3.65176
5.9048E-07   3.65272
5.9146E-07   3.65369
5.9245E-07   3.65465
5.9344E-07   3.65561
5.9443E-07   3.65657
5.9541E-07   3.65753
5.9640E-07   3.65849
5.9739E-07   3.65946
5.9838E-07   3.66042
5.9937E-07   3.66138
6.0036E-07   3.66235
6.0135E-07   3.66331
6.0234E-07   3.66427
6.0333E-07   3.66524
6.0433E-07   3.66620
6.0532E-07   3.66717
6.0631E-07   3.66813
6.0731E-07   3.66910
6.0830E-07   3.67006
6.0930E-07   3.67103
6.1029E-07   3.67200
6.1129E-07   3.67296
6.1228E-07   3.67393
6.1328E-07   3.67490
6.1428E-07   3.67587
6.1527E-07   3.67683
6.1627E-07   3.67780
6.1727E-07   3.67877
6.1827E-07   3.67974
6.1927E-07   3.68071
6.2027E-07   3.68168
6.2127E-07   3.68265
6.2227E-07   3.68362
6.2327E-07   3.68459
6.2427E-07   3.68556
6.2528E-07   3.68653
6.2628E-07   3.68750
6.2728E-07   3.68848
6.2829E-07   3.68945
6.2929E-07   3.69042
6.3030E-07   3.69139
6.3130E-07   3.69237
6.3231E-07   3.69334
6.3331E-07   3.69431
6.3432E-07   3.69529
6.3533E-07   3.69626
6.3634E-07   3.69724
6.3734E-07   3.69821
6.3835E-07   3.69919
6.3936E-07   3.70016
6.4037E-07   3.70114
6.4138E-07   3.70211
6.4239E-07   3.70309
6.4340E-07   3.70407
6.4441E-07   3.70504
6.4543E-07   3.70602
6.4644E-07   3.70700
6.4745E-07   3.70798
6.4847E-07   3.70896
6.4948E-07   3.70993
6.5049E-07   3.71091
6.5151E-07   3.71189
6.5252E-07   3.71287
6.5354E-07   3.71385
6.5456E-07   3.71483
6.5557E-07   3.71581
6.5659E-07   3.71679
6.5761E-07   3.71777
6.5863E-07   3.71876
6.5965E-07   3.71974
6.6067E-07   3.72072
6.6169E-07   3.72170
6.6271E-07   3.72268
6.6373E-07   3.72367
6.6475E-07   3.72465
6.6577E-07   3.72563
6.6679E-07   3.72662
6.6781E-07   3.72760
6.6884E-07   3.72859
6.6986E-07   3.72957
6.7089E-07   3.73056
6.7191E-07   3.73154
6.7294E-07   3.73253
6.7396E-07   3.73352
6.7499E-07   3.73450
6.7601E-07   3.73549
6.7704E-07   3.73648
6.7807E-07   3.73746
6.7910E-07   3.73845
6.8012E-07   3.73944
6.8115E-07   3.74043
6.8218E-07   3.74142
6.8321E-07   3.74240
6.8424E-07   3.74339
6.8527E-07   3.74438
6.8631E-07   3.74537
6.8734E-07   3.74636
6.8837E-07   3.74735
6.8940E-07   3.74834
6.9044E-07   3.74934
6.9147E-07   3.75033
6.9251E-07   3.75132
6.9354E-07   3.75231
6.9458E-07   3.75330
6.9561E-07   3.75430
6.9665E-07   3.75529
6.9768E-07   3.75628
6.9872E-07   3.75728
6.9976E-07   3.75827
7.0080E-07   3.75927
7.0184E-07   3.76026
7.0288E-07   3.76125
7.0391E-07   3.76225
7.0496E-07   3.76325
7.0600E-07   3.76424
7.0704E-07   3.76524
7.0808E-07   3.76623
7.0912E-07   3.76723
7.1016E-07   3.76823
7.1121E-07   3.76923
7.1225E-07   3.77022
7.1329E-07   3.77122
7.1434E-07   3.77222
7.1538E-07   3.77322
7.1643E-07   3.77422
7.1748E-07   3.77522
7.1852E-07   3.77622
7.1957E-07   3.77722
7.2062E-07   3.77822
7.2166E-07   3.77922
7.2271E-07   3.78022
7.2376E-07   3.78122
7.2481E-07   3.78222
7.2586E-07   3.78323
7.2691E-07   3.78423
7.2796E-07   3.78523
7.2901E-07   3.78623
7.3006E-07   3.78724
7.3112E-07   3.78824
7.3217E-07   3.78924
7.3322E-07   3.79025
7.3428E-07   3.79125
7.3533E-07   3.79226
7.3639E-07   3.79326
7.3744E-07   3.79427
7.3850E-07   3.79527
7.3955E-07   3.79628
7.4061E-07   3.79729
7.4167E-07   3.79829
7.4273E-07   3.79930
7.4378E-07   3.80031
7.4484E-07   3.80132
7.4590E-07   3.80232
7.4696E-07   3.80333
7.4802E-07   3.80434
7.4908E-07   3.80535
7.5014E-07   3.80636
7.5120E-07   3.80737
7.5227E-07   3.80838
7.5333E-07   3.80939
7.5439E-07   3.81040
7.5546E-07   3.81141
7.5652E-07   3.81242
7.5758E-07   3.81343
7.5865E-07   3.81445
7.5971E-07   3.81546
7.6078E-07   3.81647
7.6185E-07   3.81748
7.6291E-07   3.81850
7.6398E-07   3.81951
7.6505E-07   3.82053
7.6612E-07   3.82154
7.6719E-07   3.82255
7.6826E-07   3.82357
7.6933E-07   3.82458
7.7040E-07   3.82560
7.7147E-07   3.82662
7.7254E-07   3.82763
7.7361E-07   3.82865
7.7468E-07   3.82967
7.7576E-07   3.83068
7.7683E-07   3.83170
7.7790E-07   3.83272
7.7898E-07   3.83374
7.8005E-07   3.83475
7.8113E-07   3.83577
7.8220E-07   3.83679
7.8328E-07   3.83781
7.8436E-07   3.83883
7.8543E-07   3.83985
7.8651E-07   3.84087
7.8759E-07   3.84189
7.8867E-07   3.84291
7.8975E-07   3.84394
7.9083E-07   3.84496
7.9191E-07   3.84598
7.9299E-07   3.84700
7.9407E-07   3.84802
7.9515E-07   3.84905
7.9623E-07   3.85007
7.9731E-07   3.85110
7.9840E-07   3.85212
7.9948E-07   3.85314
8.0057E-07   3.85417
8.0165E-07   3.85519
8.0274E-07   3.85622
8.0382E-07   3.85724
8.0491E-07   3.85827
8.0599E-07   3.85930
8.0708E-07   3.86032
8.0817E-07   3.86135
8.0926E-07   3.86238
8.1034E-07   3.86341
8.1143E-07   3.86443
8.1252E-07   3.86546
8.1361E-07   3.86649
8.1470E-07   3.86752
8.1579E-07   3.86855
8.1689E-07   3.86958
8.1798E-07   3.87061
8.1907E-07   3.87164
8.2016E-07   3.87267
8.2126E-07   3.87370
8.2235E-07   3.87473
8.2344E-07   3.87576
8.2454E-07   3.87680
8.2563E-07   3.87783
8.2673E-07   3.87886
8.2783E-07   3.87989
8.2892E-07   3.88093
8.3002E-07   3.88196
8.3112E-07   3.88299
8.3222E-07   3.88403
8.3332E-07   3.88506
8.3442E-07   3.88610
8.3551E-07   3.88713
8.3662E-07   3.88817
8.3772E-07   3.88921
8.3882E-07   3.89024
8.3992E-07   3.89128
8.4102E-07   3.89232
8.4212E-07   3.89335
8.4323E-07   3.89439
8.4433E-07   3.89543
8.4543E-07   3.89647
8.4654E-07   3.89750
8.4764E-07   3.89854
8.4875E-07   3.89958
8.4986E-07   3.90062
8.5096E-07   3.90166
8.5207E-07   3.90270
8.5318E-07   3.90374
8.5429E-07   3.90478
8.5539E-07   3.90583
8.5650E-07   3.90687
8.5761E-07   3.90791
8.5872E-07   3.90895
8.5983E-07   3.90999
8.6095E-07   3.91104
8.6206E-07   3.91208
8.6317E-07   3.91312
8.6428E-07   3.91417
8.6539E-07   3.91521
8.6651E-07   3.91626
8.6762E-07   3.91730
8.6874E-07   3.91835
8.6985E-07   3.91939
8.7097E-07   3.92044
8.7208E-07   3.92149
8.7320E-07   3.92253
8.7432E-07   3.92358
8.7543E-07   3.92463
8.7655E-07   3.92567
8.7767E-07   3.92672
8.7879E-07   3.92777
8.7991E-07   3.92882
8.8103E-07   3.92987
8.8215E-07   3.93092
8.8327E-07   3.93197
8.8439E-07   3.93302
8.8551E-07   3.93407
