  "Time"          "Temp"          "Pres"          "Dens"          "Th_MIX"        "X_OH*"         "X_H"           "X_H2"          "X_O"           "X_O2"          "X_OH"          "X_HO2"         "X_H2O2"        "X_H2O"         "X_AR"         
  "s"             "K"             "Pa"            "kg/m3"         "s"             "none"          "none"          "none"          "none"          "none"          "none"          "none"          "none"          "none"          "none"         
    0.000000        607.8791       0.1071047E+11    25448.90      -0.4737077E-01    0.000000        0.000000       0.6667006        0.000000       0.3332994        0.000000        0.000000        0.000000        0.000000        0.000000    
   0.5222799E-18    607.8791       0.1071047E+11    25448.90      -0.4737076E-01   0.8574354E-57   0.8342508E-25   0.6667006       0.7229127E-35   0.3332994       0.1170964E-19   0.8168564E-25   0.1078176E-38   0.1743408E-26    0.000000    
   0.1566840E-17    607.8791       0.1071047E+11    25448.90      -0.4737074E-01   0.4654389E-56   0.2545043E-24   0.6667006       0.3967497E-34   0.3332994       0.3512891E-19   0.2450618E-24   0.5853040E-38   0.9464215E-26    0.000000    
   0.3655959E-17    607.8791       0.1071047E+11    25448.90      -0.4737069E-01   0.2271241E-55   0.6179202E-24   0.6667006       0.1982562E-33   0.3332994       0.8196743E-19   0.5718400E-24   0.2856602E-37   0.4618898E-25    0.000000    
   0.7834199E-17    607.8791       0.1071047E+11    25448.90      -0.4737060E-01   0.9864668E-55   0.1425688E-23   0.6667006       0.9212263E-33   0.3332994       0.1756444E-18   0.1225508E-23   0.1241291E-36   0.2006855E-24    0.000000    
   0.1619068E-16    607.8791       0.1071047E+11    25448.90      -0.4737041E-01   0.4146592E-54   0.3375150E-23   0.6667006       0.4342534E-32   0.3332994       0.3629980E-18   0.2533385E-23   0.5222455E-36   0.8441480E-24    0.000000    
   0.3290363E-16    607.8791       0.1071047E+11    25448.90      -0.4737004E-01   0.1701064E-53   0.8607729E-23   0.6667006       0.2165789E-31   0.3332994       0.7377039E-18   0.5152011E-23   0.2146493E-35   0.3467600E-23    0.000000    
   0.6632955E-16    607.8791       0.1071047E+11    25448.90      -0.4736929E-01   0.6883868E-53   0.2441065E-22   0.6667006       0.1187990E-30   0.3332994       0.1487110E-17   0.1040641E-22   0.8722840E-35   0.1406941E-22    0.000000    
   0.1331814E-15    607.8791       0.1071047E+11    25448.90      -0.4736779E-01   0.2761042E-52   0.7732293E-22   0.6667006       0.7275403E-30   0.3332994       0.2985902E-17   0.2102891E-22   0.3532174E-34   0.5669318E-22    0.000000    
   0.2668850E-15    607.8791       0.1071047E+11    25448.90      -0.4736473E-01   0.1106170E-51   0.2680196E-21   0.6667006       0.4912894E-29   0.3332994       0.5983398E-17   0.4308804E-22   0.1442078E-33   0.2276270E-21    0.000000    
   0.5342924E-15    607.8791       0.1071047E+11    25448.90      -0.4735847E-01   0.4833129E-51   0.9860346E-21   0.6667006       0.3554888E-28   0.3332994       0.1197805E-16   0.9331407E-22   0.6129968E-33   0.9122240E-21    0.000000    
   0.1069107E-14    607.8791       0.1071047E+11    25448.90      -0.4734532E-01   0.4592401E-50   0.3745977E-20   0.6667006       0.2676727E-27   0.3332994       0.2396598E-16   0.2406340E-21   0.2986551E-32   0.3652198E-20    0.000000    
   0.2138736E-14    607.8791       0.1071047E+11    25448.90      -0.4731661E-01   0.1675070E-48   0.1438663E-19   0.6667006       0.2048580E-26   0.3332994       0.4793636E-16   0.8964602E-21   0.2012068E-31   0.1461411E-19    0.000000    
   0.4277995E-14    607.8791       0.1071047E+11    25448.90      -0.4725015E-01   0.8344162E-47   0.5483882E-19   0.6667006       0.1562659E-25   0.3332994       0.9585521E-16   0.4955785E-20   0.2049336E-30   0.5845648E-19    0.000000    
   0.6417253E-14    607.8791       0.1071047E+11    25448.90      -0.4717240E-01   0.6358645E-46   0.1192465E-18   0.6667006       0.4836838E-25   0.3332994       0.1437448E-15   0.1427222E-19   0.7815660E-30   0.1315114E-18    0.000000    
   0.1069577E-13    607.8791       0.1071047E+11    25448.90      -0.4698812E-01   0.1065312E-44   0.3091964E-18   0.6667006       0.2101282E-24   0.3332994       0.2394366E-15   0.5931674E-19   0.5314666E-29   0.3651677E-18    0.000000    
   0.1454644E-13    607.8791       0.1071047E+11    25448.90      -0.4679288E-01   0.4792250E-44   0.5425964E-18   0.6667006       0.4916243E-24   0.3332994       0.3254594E-15   0.1371425E-18   0.1563485E-28   0.6751893E-18    0.000000    
   0.1839710E-13    607.8791       0.1071047E+11    25448.90      -0.4657439E-01   0.1522473E-43   0.8254304E-18   0.6667006       0.9369359E-24   0.3332994       0.4113878E-15   0.2599098E-18   0.3592976E-28   0.1079587E-17    0.000000    
   0.2224777E-13    607.8791       0.1071047E+11    25448.90      -0.4633644E-01   0.3864409E-43   0.1149670E-17   0.6667006       0.1574947E-23   0.3332994       0.4972220E-15   0.4355443E-18   0.7094727E-28   0.1578257E-17    0.000000    
   0.2609843E-13    607.8791       0.1071047E+11    25448.90      -0.4608223E-01   0.8387348E-43   0.1508526E-17   0.6667006       0.2430022E-23   0.3332994       0.5829620E-15   0.6707313E-18   0.1261341E-27   0.2171096E-17    0.000000    
   0.3379976E-13    607.8791       0.1071047E+11    25448.90      -0.4553411E-01   0.2867528E-42   0.2310877E-17   0.6667006       0.4859982E-23   0.3332994       0.7541598E-15   0.1338597E-17   0.3200056E-27   0.3638906E-17    0.000000    
   0.4073096E-13    607.8791       0.1071047E+11    25448.90      -0.4500790E-01   0.6786274E-42   0.3103360E-17   0.6667006       0.7960576E-23   0.3332994       0.9079168E-15   0.2190356E-17   0.6269540E-27   0.5280984E-17    0.000000    
   0.4851245E-13    607.8791       0.1071047E+11    25448.90      -0.4439176E-01   0.1490894E-41   0.4047531E-17   0.6667006       0.1256090E-22   0.3332994       0.1080174E-14   0.3453752E-17   0.1177807E-26   0.7486122E-17    0.000000    
   0.5629393E-13    607.8791       0.1071047E+11    25448.90      -0.4375741E-01   0.2857473E-41   0.5031061E-17   0.6667006       0.1840872E-22   0.3332994       0.1252050E-14   0.5059479E-17   0.2010298E-26   0.1007295E-16    0.000000    
   0.6407542E-13    607.8791       0.1071047E+11    25448.90      -0.4311082E-01   0.4956283E-41   0.6041321E-17   0.6667006       0.2554690E-22   0.3332994       0.1423546E-14   0.7019318E-17   0.3193024E-26   0.1304062E-16    0.000000    
   0.7185690E-13    607.8791       0.1071047E+11    25448.90      -0.4245599E-01   0.7971426E-41   0.7069798E-17   0.6667006       0.3400327E-22   0.3332994       0.1594661E-14   0.9340939E-17   0.4796498E-26   0.1638829E-16    0.000000    
   0.7963839E-13    607.8791       0.1071047E+11    25448.90      -0.4179575E-01   0.1208961E-40   0.8110541E-17   0.6667006       0.4379636E-22   0.3332994       0.1765397E-14   0.1202945E-16   0.6892478E-26   0.2011513E-16    0.000000    
   0.8741988E-13    607.8791       0.1071047E+11    25448.90      -0.4113218E-01   0.1749802E-40   0.9159133E-17   0.6667006       0.5493909E-22   0.3332994       0.1935754E-14   0.1508843E-16   0.9553453E-26   0.2422028E-16    0.000000    
   0.9520136E-13    607.8791       0.1071047E+11    25448.90      -0.4046665E-01   0.2438359E-40   0.1021264E-16   0.6667006       0.6743898E-22   0.3332994       0.2105734E-14   0.1851997E-16   0.1285258E-25   0.2870291E-16    0.000000    
   0.1107643E-12    607.8791       0.1071047E+11    25448.90      -0.3913367E-01   0.4332620E-40   0.1232612E-16   0.6667006       0.9652786E-22   0.3332994       0.2444566E-14   0.2650569E-16   0.2165898E-25   0.3879726E-16    0.000000    
   0.1263273E-12    607.8791       0.1071047E+11    25448.90      -0.3780091E-01   0.7038689E-40   0.1444227E-16   0.6667006       0.1310695E-21   0.3332994       0.2781897E-14   0.3598865E-16   0.3390149E-25   0.5039154E-16    0.000000    
   0.1418903E-12    607.8791       0.1071047E+11    25448.90      -0.3647141E-01   0.1070108E-39   0.1655464E-16   0.6667006       0.1710623E-21   0.3332994       0.3117735E-14   0.4696866E-16   0.5016903E-25   0.6347908E-16    0.000000    
   0.1648622E-12    607.8791       0.1071047E+11    25448.90      -0.3451767E-01   0.1815385E-39   0.1965993E-16   0.6667006       0.2400238E-21   0.3332994       0.3610737E-14   0.6590331E-16   0.8278032E-25   0.8551191E-16    0.000000    
   0.1878340E-12    607.8791       0.1071047E+11    25448.90      -0.3257621E-01   0.2844433E-39   0.2274594E-16   0.6667006       0.3207680E-21   0.3332994       0.4100521E-14   0.8807516E-16   0.1273255E-24   0.1107627E-15    0.000000    
   0.2108059E-12    607.8791       0.1071047E+11    25448.90      -0.3064739E-01   0.4200811E-39   0.2581187E-16   0.6667006       0.4132182E-21   0.3332994       0.4587108E-14   0.1134640E-15   0.1856785E-24   0.1392104E-15    0.000000    
   0.2337778E-12    607.8791       0.1071047E+11    25448.90      -0.2873104E-01   0.5927160E-39   0.2885805E-16   0.6667006       0.5172943E-21   0.3332994       0.5070519E-14   0.1420486E-15   0.2597016E-24   0.1708341E-15    0.000000    
   0.2797215E-12    607.8791       0.1071047E+11    25448.90      -0.2493541E-01   0.1065533E-38   0.3489170E-16   0.6667006       0.7600101E-21   0.3332994       0.6027896E-14   0.2087222E-15   0.4621255E-24   0.2435271E-15    0.000000    
   0.3256652E-12    607.8791       0.1071047E+11    25448.90      -0.2118887E-01   0.1735129E-38   0.4084746E-16   0.6667006       0.1048292E-20   0.3332994       0.6972816E-14   0.2879309E-15   0.7492541E-24   0.3286775E-15    0.000000    
   0.3716090E-12    607.8791       0.1071047E+11    25448.90      -0.1749104E-01   0.2632183E-38   0.4672579E-16   0.6667006       0.1381525E-20   0.3332994       0.7905440E-14   0.3795121E-15   0.1135561E-23   0.4261231E-15    0.000000    
   0.4175527E-12    607.8791       0.1071047E+11    25448.90      -0.1384137E-01   0.3785914E-38   0.5252756E-16   0.6667006       0.1759100E-20   0.3332994       0.8825929E-14   0.4833050E-15   0.1635324E-23   0.5357037E-15    0.000000    
   0.4634964E-12    607.8791       0.1071047E+11    25448.90      -0.1023920E-01   0.5224171E-38   0.5825380E-16   0.6667006       0.2180417E-20   0.3332994       0.9734441E-14   0.5991506E-15   0.2262631E-23   0.6572616E-15    0.000000    
   0.5553839E-12    607.8791       0.1071047E+11    25448.90      -0.3174899E-02   0.9059020E-38   0.6948366E-16   0.6667006       0.3151909E-20   0.3332994       0.1151616E-13   0.8663740E-15   0.3955348E-23   0.9356871E-15    0.000000    
   0.6472714E-12    607.8791       0.1071047E+11    25448.90       0.3706833E-02   0.1433340E-37   0.8042333E-16   0.6667006       0.4291350E-20   0.3332994       0.1325181E-13   0.1179952E-14   0.6322777E-23   0.1260177E-14    0.000000    
   0.7391589E-12    607.8791       0.1071047E+11    25448.90       0.1041065E-01   0.2122453E-37   0.9108019E-16   0.6667006       0.5594210E-20   0.3332994       0.1494258E-13   0.1538687E-14   0.9471148E-23   0.1629541E-14    0.000000    
   0.8310464E-12    607.8791       0.1071047E+11    25448.90       0.1694112E-01   0.2989147E-37   0.1014615E-15   0.6667006       0.7056076E-20   0.3332994       0.1658964E-13   0.1941411E-14   0.1350396E-22   0.2042619E-14    0.000000    
   0.9229338E-12    607.8791       0.1071047E+11    25448.90       0.2330274E-01   0.4047634E-37   0.1115743E-15   0.6667006       0.8672649E-20   0.3332994       0.1819412E-13   0.2386987E-14   0.1852204E-22   0.2498281E-14    0.000000    
   0.1014821E-11    607.8791       0.1071047E+11    25448.90       0.2949989E-01   0.5310551E-37   0.1214257E-15   0.6667006       0.1043974E-19   0.3332994       0.1975712E-13   0.2874307E-14   0.2462362E-22   0.2995425E-14    0.000000    
   0.1198596E-11    607.8791       0.1071047E+11    25448.90       0.4141770E-01   0.8492979E-37   0.1403711E-15   0.6667006       0.1440926E-19   0.3332994       0.2276293E-13   0.3969889E-14   0.4045755E-22   0.4109900E-14    0.000000    
   0.1382371E-11    607.8791       0.1071047E+11    25448.90       0.5272719E-01   0.1260994E-36   0.1583494E-15   0.6667006       0.1893326E-19   0.3332994       0.2561532E-13   0.5219856E-14   0.6174191E-22   0.5377792E-14    0.000000    
   0.1566146E-11    607.8791       0.1071047E+11    25448.90       0.6345942E-01   0.1771602E-36   0.1754100E-15   0.6667006       0.2398195E-19   0.3332994       0.2832212E-13   0.6616326E-14   0.8917529E-22   0.6791270E-14    0.000000    
   0.1749921E-11    607.8791       0.1071047E+11    25448.90       0.7364392E-01   0.2384955E-36   0.1916000E-15   0.6667006       0.2952708E-19   0.3332994       0.3089077E-13   0.8151822E-14   0.1234206E-21   0.8342905E-14    0.000000    
   0.1933696E-11    607.8791       0.1071047E+11    25448.90       0.8330859E-01   0.3103490E-36   0.2069636E-15   0.6667006       0.3554183E-19   0.3332994       0.3332832E-13   0.9819249E-14   0.1651070E-21   0.1002564E-13    0.000000    
   0.2117471E-11    607.8791       0.1071047E+11    25448.90       0.9247997E-01   0.3928456E-36   0.2215431E-15   0.6667006       0.4200077E-19   0.3332994       0.3564145E-13   0.1161187E-13   0.2148314E-21   0.1183279E-13    0.000000    
   0.2301246E-11    607.8791       0.1071047E+11    25448.90       0.1011832       0.4860092E-36   0.2353784E-15   0.6667006       0.4887974E-19   0.3332994       0.3783652E-13   0.1352330E-13   0.2731603E-21   0.1375801E-13    0.000000    
   0.2485021E-11    607.8791       0.1071047E+11    25448.90       0.1094423       0.5897792E-36   0.2485075E-15   0.6667006       0.5615586E-19   0.3332994       0.3991956E-13   0.1554747E-13   0.3406314E-21   0.1579526E-13    0.000000    
   0.2668796E-11    607.8791       0.1071047E+11    25448.90       0.1172798       0.7040238E-36   0.2609666E-15   0.6667006       0.6380737E-19   0.3332994       0.4189627E-13   0.1767863E-13   0.4177547E-21   0.1793883E-13    0.000000    
   0.2852571E-11    607.8791       0.1071047E+11    25448.90       0.1247173       0.8285524E-36   0.2727897E-15   0.6667006       0.7181367E-19   0.3332994       0.4377210E-13   0.1991132E-13   0.5050143E-21   0.2018329E-13    0.000000    
   0.3036346E-11    607.8791       0.1071047E+11    25448.90       0.1317752       0.9631266E-36   0.2840094E-15   0.6667006       0.8015519E-19   0.3332994       0.4555218E-13   0.2224035E-13   0.6028697E-21   0.2252349E-13    0.000000    
   0.3220121E-11    607.8791       0.1071047E+11    25448.90       0.1384729       0.1107469E-35   0.2946564E-15   0.6667006       0.8881337E-19   0.3332994       0.4724141E-13   0.2466082E-13   0.7117568E-21   0.2495455E-13    0.000000    
   0.3403896E-11    607.8791       0.1071047E+11    25448.90       0.1448287       0.1261271E-35   0.3047600E-15   0.6667006       0.9777058E-19   0.3332994       0.4884442E-13   0.2716804E-13   0.8320892E-21   0.2747183E-13    0.000000    
   0.3587671E-11    607.8791       0.1071047E+11    25448.90       0.1508601       0.1424202E-35   0.3143480E-15   0.6667006       0.1070101E-18   0.3332994       0.5036561E-13   0.2975760E-13   0.9642596E-21   0.3007093E-13    0.000000    
   0.3771446E-11    607.8791       0.1071047E+11    25448.90       0.1565836       0.1595912E-35   0.3234465E-15   0.6667006       0.1165161E-18   0.3332994       0.5180916E-13   0.3242528E-13   0.1108640E-20   0.3274767E-13    0.000000    
   0.3955221E-11    607.8791       0.1071047E+11    25448.90       0.1620151       0.1776039E-35   0.3320807E-15   0.6667006       0.1262736E-18   0.3332994       0.5317903E-13   0.3516711E-13   0.1265585E-20   0.3549808E-13    0.000000    
   0.4138995E-11    607.8791       0.1071047E+11    25448.90       0.1671693       0.1964214E-35   0.3402742E-15   0.6667006       0.1362682E-18   0.3332994       0.5447899E-13   0.3797930E-13   0.1435430E-20   0.3831842E-13    0.000000    
   0.4322770E-11    607.8791       0.1071047E+11    25448.90       0.1720604       0.2160062E-35   0.3480494E-15   0.6667006       0.1464864E-18   0.3332994       0.5571259E-13   0.4085826E-13   0.1618492E-20   0.4120510E-13    0.000000    
   0.4506545E-11    607.8791       0.1071047E+11    25448.90       0.1767019       0.2363210E-35   0.3554279E-15   0.6667006       0.1569154E-18   0.3332994       0.5688323E-13   0.4380058E-13   0.1815074E-20   0.4415475E-13    0.000000    
   0.4690320E-11    607.8791       0.1071047E+11    25448.90       0.1811065       0.2573284E-35   0.3624297E-15   0.6667006       0.1675429E-18   0.3332994       0.5799412E-13   0.4680302E-13   0.2025462E-20   0.4716415E-13    0.000000    
   0.4874095E-11    607.8791       0.1071047E+11    25448.90       0.1852863       0.2789916E-35   0.3690742E-15   0.6667006       0.1783575E-18   0.3332994       0.5904831E-13   0.4986252E-13   0.2249930E-20   0.5023025E-13    0.000000    
   0.5241645E-11    607.8791       0.1071047E+11    25448.90       0.1930167       0.3241411E-35   0.3813630E-15   0.6667006       0.2005043E-18   0.3332994       0.6099802E-13   0.5614119E-13   0.2742119E-20   0.5652112E-13    0.000000    
   0.5572440E-11    607.8791       0.1071047E+11    25448.90       0.1993144       0.3666633E-35   0.3913742E-15   0.6667006       0.2209717E-18   0.3332994       0.6258637E-13   0.6195944E-13   0.3235694E-20   0.6234929E-13    0.000000    
   0.5903235E-11    607.8791       0.1071047E+11    25448.90       0.2050453       0.4107728E-35   0.4004845E-15   0.6667006       0.2418906E-18   0.3332994       0.6403178E-13   0.6792152E-13   0.3778521E-20   0.6832040E-13    0.000000    
   0.6234030E-11    607.8791       0.1071047E+11    25448.90       0.2102606       0.4562879E-35   0.4087750E-15   0.6667006       0.2632122E-18   0.3332994       0.6534712E-13   0.7401450E-13   0.4371747E-20   0.7442159E-13    0.000000    
   0.6564825E-11    607.8791       0.1071047E+11    25448.90       0.2150065       0.5030391E-35   0.4163194E-15   0.6667006       0.2848922E-18   0.3332994       0.6654410E-13   0.8022659E-13   0.5016417E-20   0.8064114E-13    0.000000    
   0.6895620E-11    607.8791       0.1071047E+11    25448.90       0.2193253       0.5508699E-35   0.4231849E-15   0.6667006       0.3068905E-18   0.3332994       0.6763336E-13   0.8654707E-13   0.5713481E-20   0.8696840E-13    0.000000    
   0.7226415E-11    607.8791       0.1071047E+11    25448.90       0.2232555       0.5996362E-35   0.4294325E-15   0.6667006       0.3291703E-18   0.3332994       0.6862459E-13   0.9296619E-13   0.6463803E-20   0.9339369E-13    0.000000    
   0.7557210E-11    607.8791       0.1071047E+11    25448.90       0.2268320       0.6492063E-35   0.4351180E-15   0.6667006       0.3516984E-18   0.3332994       0.6952663E-13   0.9947508E-13   0.7268171E-20   0.9990818E-13    0.000000    
   0.7888004E-11    607.8791       0.1071047E+11    25448.90       0.2300866       0.6994607E-35   0.4402918E-15   0.6667006       0.3744445E-18   0.3332994       0.7034749E-13   0.1060656E-12   0.8127300E-20   0.1065038E-12    0.000000    
   0.8218799E-11    607.8791       0.1071047E+11    25448.90       0.2330484       0.7502908E-35   0.4450000E-15   0.6667006       0.3973811E-18   0.3332994       0.7109448E-13   0.1127306E-12   0.9041842E-20   0.1131734E-12    0.000000    
   0.8549594E-11    607.8791       0.1071047E+11    25448.90       0.2357436       0.8015991E-35   0.4492846E-15   0.6667006       0.4204832E-18   0.3332994       0.7177425E-13   0.1194631E-12   0.1001239E-19   0.1199101E-12    0.000000    
   0.8880389E-11    607.8791       0.1071047E+11    25448.90       0.2381963       0.8532977E-35   0.4531835E-15   0.6667006       0.4437280E-18   0.3332994       0.7239285E-13   0.1262572E-12   0.1103948E-19   0.1267081E-12    0.000000    
   0.9211184E-11    607.8791       0.1071047E+11    25448.90       0.2404283       0.9053083E-35   0.4567316E-15   0.6667006       0.4670950E-18   0.3332994       0.7295578E-13   0.1331073E-12   0.1212361E-19   0.1335617E-12    0.000000    
   0.9541979E-11    607.8791       0.1071047E+11    25448.90       0.2424594       0.9575609E-35   0.4599605E-15   0.6667006       0.4905653E-18   0.3332994       0.7346806E-13   0.1400084E-12   0.1326523E-19   0.1404659E-12    0.000000    
   0.9872774E-11    607.8791       0.1071047E+11    25448.90       0.2443078       0.1009993E-34   0.4628987E-15   0.6667006       0.5141218E-18   0.3332994       0.7393423E-13   0.1469559E-12   0.1446473E-19   0.1474163E-12    0.000000    
   0.1020357E-10    607.8791       0.1071047E+11    25448.90       0.2459898       0.1062551E-34   0.4655726E-15   0.6667006       0.5377491E-18   0.3332994       0.7435845E-13   0.1539457E-12   0.1572250E-19   0.1544086E-12    0.000000    
   0.1053436E-10    607.8791       0.1071047E+11    25448.90       0.2475204       0.1115184E-34   0.4680058E-15   0.6667006       0.5614331E-18   0.3332994       0.7474450E-13   0.1609738E-12   0.1703886E-19   0.1614391E-12    0.000000    
   0.1086516E-10    607.8791       0.1071047E+11    25448.90       0.2489133       0.1167851E-34   0.4702201E-15   0.6667006       0.5851611E-18   0.3332994       0.7509581E-13   0.1680369E-12   0.1841413E-19   0.1685043E-12    0.000000    
   0.1119595E-10    607.8791       0.1071047E+11    25448.90       0.2501809       0.1220515E-34   0.4722351E-15   0.6667006       0.6089213E-18   0.3332994       0.7541550E-13   0.1751318E-12   0.1984858E-19   0.1756011E-12    0.000000    
   0.1152675E-10    607.8791       0.1071047E+11    25448.90       0.2513344       0.1273142E-34   0.4740687E-15   0.6667006       0.6327033E-18   0.3332994       0.7570643E-13   0.1822556E-12   0.2134246E-19   0.1827267E-12    0.000000    
   0.1185754E-10    607.8791       0.1071047E+11    25448.90       0.2523841       0.1325705E-34   0.4757374E-15   0.6667006       0.6564976E-18   0.3332994       0.7597117E-13   0.1894058E-12   0.2289602E-19   0.1898785E-12    0.000000    
   0.1218834E-10    607.8791       0.1071047E+11    25448.90       0.2533393       0.1378179E-34   0.4772559E-15   0.6667006       0.6802954E-18   0.3332994       0.7621209E-13   0.1965800E-12   0.2450945E-19   0.1970541E-12    0.000000    
   0.1251913E-10    607.8791       0.1071047E+11    25448.90       0.2542086       0.1430542E-34   0.4786378E-15   0.6667006       0.7040890E-18   0.3332994       0.7643133E-13   0.2037760E-12   0.2618295E-19   0.2042514E-12    0.000000    
   0.1284993E-10    607.8791       0.1071047E+11    25448.90       0.2549996       0.1482778E-34   0.4798953E-15   0.6667006       0.7278710E-18   0.3332994       0.7663084E-13   0.2109918E-12   0.2791669E-19   0.2114684E-12    0.000000    
   0.1318072E-10    607.8791       0.1071047E+11    25448.90       0.2557195       0.1534870E-34   0.4810396E-15   0.6667006       0.7516352E-18   0.3332994       0.7681240E-13   0.2182257E-12   0.2971083E-19   0.2187034E-12    0.000000    
   0.1351152E-10    607.8791       0.1071047E+11    25448.90       0.2563746       0.1586805E-34   0.4820810E-15   0.6667006       0.7753757E-18   0.3332994       0.7697762E-13   0.2254761E-12   0.3156552E-19   0.2259547E-12    0.000000    
   0.1384231E-10    607.8791       0.1071047E+11    25448.90       0.2569707       0.1638573E-34   0.4830286E-15   0.6667006       0.7990871E-18   0.3332994       0.7712797E-13   0.2327414E-12   0.3348089E-19   0.2332209E-12    0.000000    
   0.1417311E-10    607.8791       0.1071047E+11    25448.90       0.2575132       0.1690164E-34   0.4838910E-15   0.6667006       0.8227646E-18   0.3332994       0.7726479E-13   0.2400203E-12   0.3545705E-19   0.2405006E-12    0.000000    
   0.1450390E-10    607.8791       0.1071047E+11    25448.90       0.2580069       0.1741571E-34   0.4846758E-15   0.6667006       0.8464040E-18   0.3332994       0.7738929E-13   0.2473116E-12   0.3749412E-19   0.2477926E-12    0.000000    
   0.1483470E-10    607.8791       0.1071047E+11    25448.90       0.2584561       0.1792788E-34   0.4853899E-15   0.6667006       0.8700013E-18   0.3332994       0.7750260E-13   0.2546142E-12   0.3959219E-19   0.2550958E-12    0.000000    
   0.1516549E-10    607.8791       0.1071047E+11    25448.90       0.2588649       0.1843810E-34   0.4860398E-15   0.6667006       0.8935529E-18   0.3332994       0.7760571E-13   0.2619271E-12   0.4175135E-19   0.2624093E-12    0.000000    
   0.1549629E-10    607.8791       0.1071047E+11    25448.90       0.2592370       0.1894633E-34   0.4866312E-15   0.6667006       0.9170556E-18   0.3332994       0.7769954E-13   0.2692493E-12   0.4397169E-19   0.2697320E-12    0.000000    
   0.1582708E-10    607.8791       0.1071047E+11    25448.90       0.2595755       0.1945255E-34   0.4871694E-15   0.6667006       0.9405066E-18   0.3332994       0.7778492E-13   0.2765799E-12   0.4625328E-19   0.2770631E-12    0.000000    
   0.1615788E-10    607.8791       0.1071047E+11    25448.90       0.2598836       0.1995674E-34   0.4876592E-15   0.6667006       0.9639033E-18   0.3332994       0.7786262E-13   0.2839184E-12   0.4859619E-19   0.2844019E-12    0.000000    
   0.1648867E-10    607.8791       0.1071047E+11    25448.90       0.2601640       0.2045887E-34   0.4881049E-15   0.6667006       0.9872433E-18   0.3332994       0.7793333E-13   0.2912638E-12   0.5100048E-19   0.2917478E-12    0.000000    
   0.1715026E-10    607.8791       0.1071047E+11    25448.90       0.2606513       0.2145696E-34   0.4888795E-15   0.6667006       0.1033745E-17   0.3332994       0.7805623E-13   0.3059734E-12   0.5599341E-19   0.3064579E-12    0.000000    
   0.1774569E-10    607.8791       0.1071047E+11    25448.90       0.2610178       0.2234820E-34   0.4894622E-15   0.6667006       0.1075384E-17   0.3332994       0.7814867E-13   0.3192302E-12   0.6069748E-19   0.3197152E-12    0.000000    
   0.1830512E-10    607.8791       0.1071047E+11    25448.90       0.2613098       0.2317951E-34   0.4899264E-15   0.6667006       0.1114314E-17   0.3332994       0.7822233E-13   0.3316989E-12   0.6529900E-19   0.3321842E-12    0.000000    
   0.1886455E-10    607.8791       0.1071047E+11    25448.90       0.2615589       0.2400502E-34   0.4903223E-15   0.6667006       0.1153052E-17   0.3332994       0.7828514E-13   0.3441784E-12   0.7007687E-19   0.3446640E-12    0.000000    
   0.1942398E-10    607.8791       0.1071047E+11    25448.90       0.2617712       0.2482478E-34   0.4906598E-15   0.6667006       0.1191593E-17   0.3332994       0.7833868E-13   0.3566672E-12   0.7503126E-19   0.3571530E-12    0.000000    
   0.1998341E-10    607.8791       0.1071047E+11    25448.90       0.2619522       0.2563888E-34   0.4909476E-15   0.6667006       0.1229935E-17   0.3332994       0.7838433E-13   0.3691640E-12   0.8016228E-19   0.3696500E-12    0.000000    
   0.2054284E-10    607.8791       0.1071047E+11    25448.90       0.2621065       0.2644738E-34   0.4911929E-15   0.6667006       0.1268074E-17   0.3332994       0.7842326E-13   0.3816676E-12   0.8547003E-19   0.3821536E-12    0.000000    
   0.2110227E-10    607.8791       0.1071047E+11    25448.90       0.2622381       0.2725039E-34   0.4914021E-15   0.6667006       0.1306007E-17   0.3332994       0.7845644E-13   0.3941769E-12   0.9095460E-19   0.3946631E-12    0.000000    
   0.2166170E-10    607.8791       0.1071047E+11    25448.90       0.2623503       0.2804798E-34   0.4915804E-15   0.6667006       0.1343732E-17   0.3332994       0.7848474E-13   0.4066912E-12   0.9661607E-19   0.4071774E-12    0.000000    
   0.2222113E-10    607.8791       0.1071047E+11    25448.90       0.2624459       0.2884024E-34   0.4917325E-15   0.6667006       0.1381249E-17   0.3332994       0.7850886E-13   0.4192097E-12   0.1024545E-18   0.4196958E-12    0.000000    
   0.2278056E-10    607.8791       0.1071047E+11    25448.90       0.2625275       0.2962724E-34   0.4918622E-15   0.6667006       0.1418556E-17   0.3332994       0.7852943E-13   0.4317317E-12   0.1084699E-18   0.4322179E-12    0.000000    
   0.2333999E-10    607.8791       0.1071047E+11    25448.90       0.2625970       0.3040908E-34   0.4919727E-15   0.6667006       0.1455652E-17   0.3332994       0.7854696E-13   0.4442568E-12   0.1146625E-18   0.4447429E-12    0.000000    
   0.2389942E-10    607.8791       0.1071047E+11    25448.90       0.2626563       0.3118582E-34   0.4920670E-15   0.6667006       0.1492537E-17   0.3332994       0.7856192E-13   0.4567845E-12   0.1210321E-18   0.4572706E-12    0.000000    
   0.2445885E-10    607.8791       0.1071047E+11    25448.90       0.2627069       0.3195754E-34   0.4921473E-15   0.6667006       0.1529212E-17   0.3332994       0.7857466E-13   0.4693144E-12   0.1275788E-18   0.4698004E-12    0.000000    
   0.2501828E-10    607.8791       0.1071047E+11    25448.90       0.2627500       0.3272432E-34   0.4922158E-15   0.6667006       0.1565675E-17   0.3332994       0.7858553E-13   0.4818462E-12   0.1343028E-18   0.4823322E-12    0.000000    
   0.2557771E-10    607.8791       0.1071047E+11    25448.90       0.2627867       0.3348621E-34   0.4922743E-15   0.6667006       0.1601928E-17   0.3332994       0.7859480E-13   0.4943796E-12   0.1412039E-18   0.4948655E-12    0.000000    
   0.2613714E-10    607.8791       0.1071047E+11    25448.90       0.2628180       0.3424328E-34   0.4923241E-15   0.6667006       0.1637970E-17   0.3332994       0.7860270E-13   0.5069144E-12   0.1482822E-18   0.5074002E-12    0.000000    
   0.2669657E-10    607.8791       0.1071047E+11    25448.90       0.2628448       0.3499560E-34   0.4923666E-15   0.6667006       0.1673802E-17   0.3332994       0.7860944E-13   0.5194504E-12   0.1555378E-18   0.5199361E-12    0.000000    
   0.2725600E-10    607.8791       0.1071047E+11    25448.90       0.2628675       0.3574321E-34   0.4924028E-15   0.6667006       0.1709425E-17   0.3332994       0.7861518E-13   0.5319873E-12   0.1629706E-18   0.5324729E-12    0.000000    
   0.2781543E-10    607.8791       0.1071047E+11    25448.90       0.2628870       0.3648618E-34   0.4924337E-15   0.6667006       0.1744840E-17   0.3332994       0.7862008E-13   0.5445251E-12   0.1705807E-18   0.5450106E-12    0.000000    
   0.2893429E-10    607.8791       0.1071047E+11    25448.90       0.2629176       0.3795837E-34   0.4924824E-15   0.6667006       0.1815047E-17   0.3332994       0.7862781E-13   0.5696028E-12   0.1863326E-18   0.5700881E-12    0.000000    
   0.2994126E-10    607.8791       0.1071047E+11    25448.90       0.2629380       0.3926794E-34   0.4925148E-15   0.6667006       0.1877529E-17   0.3332994       0.7863295E-13   0.5921746E-12   0.2011157E-18   0.5926596E-12    0.000000    
   0.3092891E-10    607.8791       0.1071047E+11    25448.90       0.2629531       0.4053845E-34   0.4925388E-15   0.6667006       0.1938168E-17   0.3332994       0.7863674E-13   0.6143146E-12   0.2161732E-18   0.6147994E-12    0.000000    
   0.3191657E-10    607.8791       0.1071047E+11    25448.90       0.2629644       0.4179537E-34   0.4925568E-15   0.6667006       0.1998177E-17   0.3332994       0.7863960E-13   0.6364555E-12   0.2317834E-18   0.6369400E-12    0.000000    
   0.3290422E-10    607.8791       0.1071047E+11    25448.90       0.2629730       0.4303893E-34   0.4925705E-15   0.6667006       0.2057560E-17   0.3332994       0.7864177E-13   0.6585971E-12   0.2479462E-18   0.6590814E-12    0.000000    
   0.3389187E-10    607.8791       0.1071047E+11    25448.90       0.2629795       0.4426929E-34   0.4925808E-15   0.6667006       0.2116324E-17   0.3332994       0.7864340E-13   0.6807392E-12   0.2646617E-18   0.6812233E-12    0.000000    
   0.3487953E-10    607.8791       0.1071047E+11    25448.90       0.2629844       0.4548663E-34   0.4925886E-15   0.6667006       0.2174475E-17   0.3332994       0.7864463E-13   0.7028817E-12   0.2819300E-18   0.7033656E-12    0.000000    
   0.3586718E-10    607.8791       0.1071047E+11    25448.90       0.2629881       0.4669113E-34   0.4925945E-15   0.6667006       0.2232018E-17   0.3332994       0.7864556E-13   0.7250246E-12   0.2997509E-18   0.7255082E-12    0.000000    
   0.3685483E-10    607.8791       0.1071047E+11    25448.90       0.2629909       0.4788293E-34   0.4925989E-15   0.6667006       0.2288960E-17   0.3332994       0.7864626E-13   0.7471676E-12   0.3181246E-18   0.7476510E-12    0.000000    
   0.3784249E-10    607.8791       0.1071047E+11    25448.90       0.2629930       0.4906219E-34   0.4926023E-15   0.6667006       0.2345306E-17   0.3332994       0.7864679E-13   0.7693109E-12   0.3370510E-18   0.7697940E-12    0.000000    
   0.3883014E-10    607.8791       0.1071047E+11    25448.90       0.2629946       0.5022906E-34   0.4926049E-15   0.6667006       0.2401064E-17   0.3332994       0.7864719E-13   0.7914543E-12   0.3565301E-18   0.7919371E-12    0.000000    
   0.3981779E-10    607.8791       0.1071047E+11    25448.90       0.2629958       0.5138368E-34   0.4926068E-15   0.6667006       0.2456239E-17   0.3332994       0.7864750E-13   0.8135977E-12   0.3765620E-18   0.8140804E-12    0.000000    
   0.4080545E-10    607.8791       0.1071047E+11    25448.90       0.2629967       0.5252619E-34   0.4926083E-15   0.6667006       0.2510836E-17   0.3332994       0.7864773E-13   0.8357413E-12   0.3971466E-18   0.8362237E-12    0.000000    
   0.4179310E-10    607.8791       0.1071047E+11    25448.90       0.2629974       0.5365671E-34   0.4926094E-15   0.6667006       0.2564862E-17   0.3332994       0.7864790E-13   0.8578849E-12   0.4182840E-18   0.8583670E-12    0.000000    
   0.4376840E-10    607.8791       0.1071047E+11    25448.90       0.2629984       0.5588234E-34   0.4926109E-15   0.6667006       0.2671225E-17   0.3332994       0.7864813E-13   0.9021722E-12   0.4622169E-18   0.9026538E-12    0.000000    
   0.4574371E-10    607.8791       0.1071047E+11    25448.90       0.2629989       0.5806158E-34   0.4926118E-15   0.6667006       0.2775375E-17   0.3332994       0.7864826E-13   0.9464597E-12   0.5083609E-18   0.9469408E-12    0.000000    
   0.4771902E-10    607.8791       0.1071047E+11    25448.90       0.2629992       0.6019543E-34   0.4926123E-15   0.6667006       0.2877356E-17   0.3332994       0.7864834E-13   0.9907472E-12   0.5567159E-18   0.9912278E-12    0.000000    
   0.4969432E-10    607.8791       0.1071047E+11    25448.90       0.2629994       0.6228484E-34   0.4926126E-15   0.6667006       0.2977214E-17   0.3332994       0.7864839E-13   0.1035035E-11   0.6072818E-18   0.1035515E-11    0.000000    
   0.5166963E-10    607.8791       0.1071047E+11    25448.90       0.2629995       0.6433075E-34   0.4926129E-15   0.6667006       0.3074994E-17   0.3332994       0.7864841E-13   0.1079322E-11   0.6600589E-18   0.1079802E-11    0.000000    
   0.5364494E-10    607.8791       0.1071047E+11    25448.90       0.2629996       0.6633405E-34   0.4926130E-15   0.6667006       0.3170738E-17   0.3332994       0.7864843E-13   0.1123610E-11   0.7150469E-18   0.1124089E-11    0.000000    
   0.5562024E-10    607.8791       0.1071047E+11    25448.90       0.2629997       0.6829565E-34   0.4926131E-15   0.6667006       0.3264489E-17   0.3332994       0.7864844E-13   0.1167897E-11   0.7722461E-18   0.1168376E-11    0.000000    
   0.5759555E-10    607.8791       0.1071047E+11    25448.90       0.2629997       0.7021642E-34   0.4926132E-15   0.6667006       0.3356288E-17   0.3332994       0.7864845E-13   0.1212185E-11   0.8316562E-18   0.1212663E-11    0.000000    
   0.6154616E-10    607.8791       0.1071047E+11    25448.90       0.2629998       0.7393881E-34   0.4926134E-15   0.6667006       0.3534193E-17   0.3332994       0.7864846E-13   0.1300760E-11   0.9571098E-18   0.1301237E-11    0.000000    
   0.6549678E-10    607.8791       0.1071047E+11    25448.90       0.2629999       0.7750784E-34   0.4926135E-15   0.6667006       0.3704768E-17   0.3332994       0.7864847E-13   0.1389335E-11   0.1091408E-17   0.1389811E-11    0.000000    
   0.6944739E-10    607.8791       0.1071047E+11    25448.90       0.2630000       0.8092982E-34   0.4926137E-15   0.6667006       0.3868315E-17   0.3332994       0.7864848E-13   0.1477911E-11   0.1234550E-17   0.1478385E-11    0.000000    
   0.7339800E-10    607.8791       0.1071047E+11    25448.90       0.2630000       0.8421078E-34   0.4926138E-15   0.6667006       0.4025122E-17   0.3332994       0.7864849E-13   0.1566486E-11   0.1386537E-17   0.1566960E-11    0.000000    
   0.8129923E-10    607.8791       0.1071047E+11    25448.90       0.2630001       0.9037230E-34   0.4926140E-15   0.6667006       0.4319600E-17   0.3332994       0.7864850E-13   0.1743637E-11   0.1717044E-17   0.1744108E-11    0.000000    
   0.9710168E-10    607.8791       0.1071047E+11    25448.90       0.2630003       0.1012388E-33   0.4926145E-15   0.6667006       0.4838944E-17   0.3332994       0.7864851E-13   0.2097938E-11   0.2484196E-17   0.2098405E-11    0.000000    
   0.1104420E-09    607.8791       0.1071047E+11    25448.90       0.2630005       0.1090896E-33   0.4926148E-15   0.6667006       0.5214155E-17   0.3332994       0.7864853E-13   0.2397036E-11   0.3241982E-17   0.2397499E-11    0.000000    
   0.1371226E-09    607.8791       0.1071047E+11    25448.90       0.2630007       0.1217753E-33   0.4926154E-15   0.6667006       0.5820437E-17   0.3332994       0.7864855E-13   0.2995233E-11   0.5060131E-17   0.2995689E-11    0.000000    
   0.1611351E-09    607.8791       0.1071047E+11    25448.90       0.2630009       0.1304800E-33   0.4926159E-15   0.6667006       0.6236460E-17   0.3332994       0.7864857E-13   0.3533611E-11   0.7041417E-17   0.3534059E-11    0.000000    
   0.1851477E-09    607.8791       0.1071047E+11    25448.90       0.2630011       0.1372298E-33   0.4926164E-15   0.6667006       0.6559049E-17   0.3332994       0.7864858E-13   0.4071989E-11   0.9349516E-17   0.4072430E-11    0.000000    
   0.2091602E-09    607.8791       0.1071047E+11    25448.90       0.2630012       0.1424670E-33   0.4926168E-15   0.6667006       0.6809341E-17   0.3332994       0.7864859E-13   0.4610366E-11   0.1198444E-16   0.4610800E-11    0.000000    
   0.2331728E-09    607.8791       0.1071047E+11    25448.90       0.2630014       0.1465301E-33   0.4926172E-15   0.6667006       0.7003525E-17   0.3332994       0.7864860E-13   0.5148744E-11   0.1494621E-16   0.5149171E-11    0.000000    
   0.2571853E-09    607.8791       0.1071047E+11    25448.90       0.2630015       0.1496815E-33   0.4926176E-15   0.6667006       0.7154136E-17   0.3332994       0.7864861E-13   0.5687123E-11   0.1823485E-16   0.5687542E-11    0.000000    
   0.3052104E-09    607.8791       0.1071047E+11    25448.90       0.2630017       0.1540524E-33   0.4926183E-15   0.6667006       0.7363022E-17   0.3332994       0.7864861E-13   0.6763879E-11   0.2579275E-16   0.6764284E-11    0.000000    
   0.3532355E-09    607.8791       0.1071047E+11    25448.90       0.2630019       0.1567043E-33   0.4926189E-15   0.6667006       0.7489755E-17   0.3332994       0.7864862E-13   0.7840636E-11   0.3465827E-16   0.7841025E-11    0.000000    
   0.4118796E-09    607.8791       0.1071047E+11    25448.90       0.2630022       0.1584584E-33   0.4926197E-15   0.6667006       0.7573576E-17   0.3332994       0.7864862E-13   0.9155477E-11   0.4725754E-16   0.9155849E-11    0.000000    
   0.4646592E-09    607.8791       0.1071047E+11    25448.90       0.2630024       0.1593031E-33   0.4926204E-15   0.6667006       0.7613940E-17   0.3332994       0.7864862E-13   0.1033883E-10   0.6026432E-16   0.1033919E-10    0.000000    
   0.5174389E-09    607.8791       0.1071047E+11    25448.90       0.2630026       0.1598015E-33   0.4926210E-15   0.6667006       0.7637745E-17   0.3332994       0.7864862E-13   0.1152219E-10   0.7485095E-16   0.1152253E-10    0.000000    
   0.5702186E-09    607.8791       0.1071047E+11    25448.90       0.2630028       0.1601070E-33   0.4926217E-15   0.6667006       0.7652339E-17   0.3332994       0.7864863E-13   0.1270555E-10   0.9101759E-16   0.1270587E-10    0.000000    
   0.6229982E-09    607.8791       0.1071047E+11    25448.90       0.2630030       0.1602947E-33   0.4926224E-15   0.6667006       0.7661298E-17   0.3332994       0.7864863E-13   0.1388891E-10   0.1087644E-15   0.1388921E-10    0.000000    
   0.6757779E-09    607.8791       0.1071047E+11    25448.90       0.2630032       0.1604075E-33   0.4926230E-15   0.6667006       0.7666680E-17   0.3332994       0.7864863E-13   0.1507227E-10   0.1280916E-15   0.1507255E-10    0.000000    
   0.7813372E-09    607.8791       0.1071047E+11    25448.90       0.2630036       0.1604999E-33   0.4926244E-15   0.6667006       0.7671073E-17   0.3332994       0.7864863E-13   0.1743898E-10   0.1714875E-15   0.1743924E-10    0.000000    
   0.8868965E-09    607.8791       0.1071047E+11    25448.90       0.2630040       0.1605285E-33   0.4926257E-15   0.6667006       0.7672418E-17   0.3332994       0.7864863E-13   0.1980570E-10   0.2212068E-15   0.1980592E-10    0.000000    
   0.1098015E-08    607.8791       0.1071047E+11    25448.90       0.2630048       0.1605105E-33   0.4926283E-15   0.6667006       0.7671519E-17   0.3332994       0.7864863E-13   0.2453913E-10   0.3396204E-15   0.2453928E-10    0.000000    
   0.1288022E-08    607.8791       0.1071047E+11    25448.90       0.2630055       0.1605304E-33   0.4926307E-15   0.6667006       0.7672434E-17   0.3332994       0.7864863E-13   0.2879921E-10   0.4678316E-15   0.2879931E-10    0.000000    
   0.1668035E-08    607.8791       0.1071047E+11    25448.90       0.2630069       0.1605405E-33   0.4926354E-15   0.6667006       0.7672841E-17   0.3332994       0.7864863E-13   0.3731939E-10   0.7857849E-15   0.3731937E-10    0.000000    
   0.1982343E-08    607.8791       0.1071047E+11    25448.90       0.2630081       0.1605625E-33   0.4926393E-15   0.6667006       0.7673832E-17   0.3332994       0.7864863E-13   0.4436639E-10   0.1110789E-14   0.4436627E-10    0.000000    
   0.2296651E-08    607.8791       0.1071047E+11    25448.90       0.2630093       0.1605784E-33   0.4926432E-15   0.6667006       0.7674534E-17   0.3332994       0.7864863E-13   0.5141339E-10   0.1491985E-14   0.5141318E-10    0.000000    
   0.2925266E-08    607.8791       0.1071047E+11    25448.90       0.2630116       0.1605888E-33   0.4926510E-15   0.6667006       0.7674905E-17   0.3332994       0.7864863E-13   0.6550740E-10   0.2423094E-14   0.6550699E-10    0.000000    
   0.3553882E-08    607.8791       0.1071047E+11    25448.90       0.2630140       0.1605899E-33   0.4926589E-15   0.6667006       0.7674840E-17   0.3332994       0.7864863E-13   0.7960140E-10   0.3579389E-14   0.7960081E-10    0.000000    
   0.4811113E-08    607.8791       0.1071047E+11    25448.90       0.2630187       0.1605976E-33   0.4926745E-15   0.6667006       0.7674964E-17   0.3332994       0.7864863E-13   0.1077894E-09   0.6568638E-14   0.1077884E-09    0.000000    
   0.6068344E-08    607.8791       0.1071047E+11    25448.90       0.2630234       0.1606105E-33   0.4926902E-15   0.6667006       0.7675332E-17   0.3332994       0.7864863E-13   0.1359774E-09   0.1046194E-13   0.1359761E-09    0.000000    
   0.7325575E-08    607.8791       0.1071047E+11    25448.90       0.2630282       0.1606218E-33   0.4927058E-15   0.6667006       0.7675630E-17   0.3332994       0.7864863E-13   0.1641653E-09   0.1526150E-13   0.1641637E-09    0.000000    
   0.9840037E-08    607.8791       0.1071047E+11    25448.90       0.2630378       0.1606432E-33   0.4927372E-15   0.6667006       0.7676163E-17   0.3332994       0.7864863E-13   0.2205411E-09   0.2758821E-13   0.2205389E-09    0.000000    
   0.1235450E-07    607.8791       0.1071047E+11    25448.90       0.2630474       0.1606640E-33   0.4927685E-15   0.6667006       0.7676672E-17   0.3332994       0.7864863E-13   0.2769168E-09   0.4356645E-13   0.2769142E-09    0.000000    
   0.1738342E-07    607.8791       0.1071047E+11    25448.90       0.2630668       0.1607064E-33   0.4928311E-15   0.6667006       0.7677720E-17   0.3332994       0.7864863E-13   0.3896677E-09   0.8654804E-13   0.3896647E-09    0.000000    
   0.2156994E-07    607.8791       0.1071047E+11    25448.90       0.2630832       0.1607417E-33   0.4928832E-15   0.6667006       0.7678597E-17   0.3332994       0.7864863E-13   0.4835305E-09   0.1336261E-12   0.4835280E-09    0.000000    
   0.2575645E-07    607.8791       0.1071047E+11    25448.90       0.2630998       0.1607770E-33   0.4929353E-15   0.6667006       0.7679470E-17   0.3332994       0.7864863E-13   0.5773925E-09   0.1910548E-12   0.5773914E-09    0.000000    
   0.2994296E-07    607.8791       0.1071047E+11    25448.90       0.2631165       0.1608123E-33   0.4929875E-15   0.6667006       0.7680344E-17   0.3332994       0.7864863E-13   0.6712535E-09   0.2589156E-12   0.6712547E-09    0.000000    
   0.3412947E-07    607.8791       0.1071047E+11    25448.90       0.2631333       0.1608476E-33   0.4930396E-15   0.6667006       0.7681218E-17   0.3332994       0.7864864E-13   0.7651133E-09   0.3372899E-12   0.7651180E-09    0.000000    
   0.3831599E-07    607.8791       0.1071047E+11    25448.90       0.2631504       0.1608829E-33   0.4930917E-15   0.6667006       0.7682092E-17   0.3332994       0.7864864E-13   0.8589718E-09   0.4262590E-12   0.8589814E-09    0.000000    
   0.4668901E-07    607.8791       0.1071047E+11    25448.90       0.2631850       0.1609536E-33   0.4931960E-15   0.6667006       0.7683840E-17   0.3332994       0.7864864E-13   0.1046684E-08   0.6363071E-12   0.1046708E-08    0.000000    
   0.5480609E-07    607.8791       0.1071047E+11    25448.90       0.2632192       0.1610220E-33   0.4932970E-15   0.6667006       0.7685534E-17   0.3332994       0.7864864E-13   0.1228652E-08   0.8813155E-12   0.1228696E-08    0.000000    
   0.6292317E-07    607.8791       0.1071047E+11    25448.90       0.2632540       0.1610905E-33   0.4933981E-15   0.6667006       0.7687229E-17   0.3332994       0.7864864E-13   0.1410611E-08   0.1167661E-11   0.1410685E-08    0.000000    
   0.7104025E-07    607.8791       0.1071047E+11    25448.90       0.2632895       0.1611591E-33   0.4934991E-15   0.6667006       0.7688923E-17   0.3332994       0.7864865E-13   0.1592561E-08   0.1495936E-11   0.1592673E-08    0.000000    
   0.7915733E-07    607.8791       0.1071047E+11    25448.90       0.2633256       0.1612276E-33   0.4936002E-15   0.6667006       0.7690617E-17   0.3332994       0.7864865E-13   0.1774501E-08   0.1866732E-11   0.1774661E-08    0.000000    
   0.8727440E-07    607.8791       0.1071047E+11    25448.90       0.2633623       0.1612961E-33   0.4937012E-15   0.6667006       0.7692312E-17   0.3332994       0.7864865E-13   0.1956429E-08   0.2280640E-11   0.1956650E-08    0.000000    
   0.9539148E-07    607.8791       0.1071047E+11    25448.90       0.2633996       0.1613647E-33   0.4938023E-15   0.6667006       0.7694006E-17   0.3332994       0.7864865E-13   0.2138344E-08   0.2738250E-11   0.2138638E-08    0.000000    
   0.1116256E-06    607.8791       0.1071047E+11    25448.90       0.2634763       0.1615018E-33   0.4940043E-15   0.6667006       0.7697394E-17   0.3332994       0.7864866E-13   0.2502132E-08   0.3786941E-11   0.2502615E-08    0.000000    
   0.1278598E-06    607.8791       0.1071047E+11    25448.90       0.2635554       0.1616389E-33   0.4942063E-15   0.6667006       0.7700782E-17   0.3332994       0.7864866E-13   0.2865855E-08   0.5017522E-11   0.2866592E-08    0.000000    
   0.1440940E-06    607.8791       0.1071047E+11    25448.90       0.2636371       0.1617761E-33   0.4944083E-15   0.6667006       0.7704169E-17   0.3332994       0.7864867E-13   0.3229502E-08   0.6434703E-11   0.3230569E-08    0.000000    
   0.1603281E-06    607.8791       0.1071047E+11    25448.90       0.2637213       0.1619133E-33   0.4946102E-15   0.6667006       0.7707556E-17   0.3332994       0.7864867E-13   0.3593066E-08   0.8043187E-11   0.3594546E-08    0.000000    
   0.1765623E-06    607.8791       0.1071047E+11    25448.90       0.2638080       0.1620506E-33   0.4948120E-15   0.6667006       0.7710942E-17   0.3332994       0.7864868E-13   0.3956535E-08   0.9847669E-11   0.3958523E-08    0.000000    
   0.2090306E-06    607.8791       0.1071047E+11    25448.90       0.2639890       0.1623251E-33   0.4952156E-15   0.6667006       0.7717712E-17   0.3332994       0.7864869E-13   0.4683156E-08   0.1406336E-10   0.4686477E-08    0.000000    
   0.2414989E-06    607.8792       0.1071047E+11    25448.90       0.2641799       0.1625998E-33   0.4956189E-15   0.6667006       0.7724478E-17   0.3332994       0.7864870E-13   0.5409288E-08   0.1911915E-10   0.5414432E-08    0.000000    
   0.2739672E-06    607.8792       0.1071047E+11    25448.90       0.2643809       0.1628744E-33   0.4960219E-15   0.6667006       0.7731239E-17   0.3332994       0.7864871E-13   0.6134857E-08   0.2505224E-10   0.6142387E-08    0.000000    
   0.3064355E-06    607.8792       0.1071047E+11    25448.90       0.2645918       0.1631491E-33   0.4964245E-15   0.6667006       0.7737995E-17   0.3332994       0.7864872E-13   0.6859787E-08   0.3189966E-10   0.6870342E-08    0.000000    
   0.3389038E-06    607.8792       0.1071047E+11    25448.90       0.2648125       0.1634237E-33   0.4968267E-15   0.6667006       0.7744746E-17   0.3332994       0.7864873E-13   0.7584004E-08   0.3969825E-10   0.7598298E-08    0.000000    
   0.3713721E-06    607.8792       0.1071047E+11    25448.90       0.2650431       0.1636983E-33   0.4972285E-15   0.6667006       0.7751490E-17   0.3332994       0.7864874E-13   0.8307433E-08   0.4848463E-10   0.8326254E-08    0.000000    
   0.4038405E-06    607.8792       0.1071047E+11    25448.90       0.2652834       0.1639728E-33   0.4976298E-15   0.6667006       0.7758226E-17   0.3332994       0.7864875E-13   0.9030001E-08   0.5829521E-10   0.9054210E-08    0.000000    
   0.4363088E-06    607.8792       0.1071047E+11    25448.90       0.2655335       0.1642472E-33   0.4980306E-15   0.6667006       0.7764955E-17   0.3332994       0.7864876E-13   0.9751632E-08   0.6916614E-10   0.9782166E-08    0.000000    
   0.4687771E-06    607.8792       0.1071047E+11    25448.90       0.2657932       0.1645215E-33   0.4984308E-15   0.6667006       0.7771675E-17   0.3332994       0.7864877E-13   0.1047225E-07   0.8113334E-10   0.1051012E-07    0.000000    
   0.5012454E-06    607.8792       0.1071047E+11    25448.90       0.2660624       0.1647956E-33   0.4988304E-15   0.6667006       0.7778386E-17   0.3332994       0.7864878E-13   0.1119179E-07   0.9423245E-10   0.1123808E-07    0.000000    
   0.5337137E-06    607.8792       0.1071047E+11    25448.90       0.2663412       0.1650695E-33   0.4992294E-15   0.6667006       0.7785087E-17   0.3332994       0.7864879E-13   0.1191018E-07   0.1084988E-09   0.1196604E-07    0.000000    
   0.5661820E-06    607.8792       0.1071047E+11    25448.90       0.2666293       0.1653432E-33   0.4996277E-15   0.6667006       0.7791777E-17   0.3332994       0.7864880E-13   0.1262734E-07   0.1239675E-09   0.1269400E-07    0.000000    
   0.5986503E-06    607.8792       0.1071047E+11    25448.90       0.2669268       0.1656166E-33   0.5000253E-15   0.6667006       0.7798456E-17   0.3332994       0.7864881E-13   0.1334320E-07   0.1406733E-09   0.1342195E-07    0.000000    
   0.6311186E-06    607.8792       0.1071047E+11    25448.90       0.2672336       0.1658897E-33   0.5004221E-15   0.6667006       0.7805122E-17   0.3332994       0.7864882E-13   0.1405769E-07   0.1586506E-09   0.1414991E-07    0.000000    
   0.6635870E-06    607.8793       0.1071047E+11    25448.90       0.2675495       0.1661626E-33   0.5008181E-15   0.6667006       0.7811776E-17   0.3332993       0.7864883E-13   0.1477074E-07   0.1779335E-09   0.1487787E-07    0.000000    
   0.6960553E-06    607.8793       0.1071047E+11    25448.90       0.2678745       0.1664351E-33   0.5012133E-15   0.6667006       0.7818417E-17   0.3332993       0.7864884E-13   0.1548228E-07   0.1985558E-09   0.1560583E-07    0.000000    
   0.7609919E-06    607.8793       0.1071047E+11    25448.90       0.2685513       0.1669789E-33   0.5020010E-15   0.6667006       0.7831656E-17   0.3332993       0.7864886E-13   0.1690056E-07   0.2439515E-09   0.1706175E-07    0.000000    
   0.8194349E-06    607.8793       0.1071047E+11    25448.90       0.2691904       0.1674670E-33   0.5027067E-15   0.6667006       0.7843519E-17   0.3332993       0.7864888E-13   0.1817116E-07   0.2897192E-09   0.1837208E-07    0.000000    
   0.8778778E-06    607.8793       0.1071047E+11    25448.90       0.2698574       0.1679535E-33   0.5034091E-15   0.6667006       0.7855329E-17   0.3332993       0.7864890E-13   0.1943581E-07   0.3403338E-09   0.1968240E-07    0.000000    
   0.9363208E-06    607.8793       0.1071047E+11    25448.90       0.2705516       0.1684383E-33   0.5041080E-15   0.6667006       0.7867082E-17   0.3332993       0.7864892E-13   0.2069412E-07   0.3959779E-09   0.2099273E-07    0.000000    
   0.9947637E-06    607.8793       0.1071047E+11    25448.90       0.2712722       0.1689213E-33   0.5048031E-15   0.6667006       0.7878775E-17   0.3332993       0.7864894E-13   0.2194573E-07   0.4568295E-09   0.2230307E-07    0.000000    
   0.1053207E-05    607.8793       0.1071047E+11    25448.90       0.2720186       0.1694023E-33   0.5054944E-15   0.6667006       0.7890404E-17   0.3332993       0.7864896E-13   0.2319026E-07   0.5230617E-09   0.2361340E-07    0.000000    
   0.1111650E-05    607.8794       0.1071047E+11    25448.90       0.2727901       0.1698811E-33   0.5061815E-15   0.6667006       0.7901966E-17   0.3332993       0.7864898E-13   0.2442736E-07   0.5948427E-09   0.2492373E-07    0.000000    
   0.1170093E-05    607.8794       0.1071047E+11    25448.90       0.2735858       0.1703577E-33   0.5068643E-15   0.6667006       0.7913458E-17   0.3332993       0.7864900E-13   0.2565668E-07   0.6723354E-09   0.2623406E-07    0.000000    
   0.1228536E-05    607.8794       0.1071047E+11    25448.90       0.2744050       0.1708318E-33   0.5075425E-15   0.6667006       0.7924876E-17   0.3332993       0.7864902E-13   0.2687789E-07   0.7556976E-09   0.2754440E-07    0.000000    
   0.1286979E-05    607.8794       0.1071047E+11    25448.90       0.2752470       0.1713034E-33   0.5082161E-15   0.6667006       0.7936217E-17   0.3332993       0.7864904E-13   0.2809064E-07   0.8450815E-09   0.2885473E-07    0.000000    
   0.1345422E-05    607.8794       0.1071047E+11    25448.90       0.2761108       0.1717722E-33   0.5088849E-15   0.6667006       0.7947479E-17   0.3332993       0.7864906E-13   0.2929462E-07   0.9406337E-09   0.3016507E-07    0.000000    
   0.1403864E-05    607.8794       0.1071047E+11    25448.90       0.2769957       0.1722382E-33   0.5095485E-15   0.6667006       0.7958657E-17   0.3332993       0.7864909E-13   0.3048953E-07   0.1042495E-08   0.3147541E-07    0.000000    
   0.1462307E-05    607.8794       0.1071047E+11    25448.90       0.2779007       0.1727012E-33   0.5102070E-15   0.6667006       0.7969751E-17   0.3332993       0.7864911E-13   0.3167507E-07   0.1150801E-08   0.3278575E-07    0.000000    
   0.1520750E-05    607.8795       0.1071047E+11    25448.90       0.2788250       0.1731611E-33   0.5108602E-15   0.6667006       0.7980756E-17   0.3332993       0.7864913E-13   0.3285095E-07   0.1265681E-08   0.3409609E-07    0.000000    
   0.1579193E-05    607.8795       0.1071047E+11    25448.90       0.2797678       0.1736177E-33   0.5115078E-15   0.6667006       0.7991670E-17   0.3332993       0.7864915E-13   0.3401689E-07   0.1387258E-08   0.3540643E-07    0.000000    
   0.1637636E-05    607.8795       0.1071047E+11    25448.90       0.2807281       0.1740710E-33   0.5121497E-15   0.6667006       0.8002491E-17   0.3332993       0.7864918E-13   0.3517263E-07   0.1515649E-08   0.3671677E-07    0.000000    
   0.1696079E-05    607.8795       0.1071047E+11    25448.90       0.2817051       0.1745208E-33   0.5127859E-15   0.6667006       0.8013216E-17   0.3332993       0.7864920E-13   0.3631793E-07   0.1650965E-08   0.3802711E-07    0.000000    
   0.1754522E-05    607.8795       0.1071048E+11    25448.90       0.2826978       0.1749671E-33   0.5134161E-15   0.6667006       0.8023843E-17   0.3332993       0.7864923E-13   0.3745253E-07   0.1793311E-08   0.3933746E-07    0.000000    
   0.1812965E-05    607.8795       0.1071048E+11    25448.90       0.2837053       0.1754096E-33   0.5140403E-15   0.6667006       0.8034369E-17   0.3332993       0.7864925E-13   0.3857620E-07   0.1942787E-08   0.4064780E-07    0.000000    
   0.1871408E-05    607.8796       0.1071048E+11    25448.90       0.2847267       0.1758484E-33   0.5146583E-15   0.6667006       0.8044793E-17   0.3332993       0.7864928E-13   0.3968874E-07   0.2099484E-08   0.4195815E-07    0.000000    
   0.1929851E-05    607.8796       0.1071048E+11    25448.90       0.2857612       0.1762832E-33   0.5152699E-15   0.6667006       0.8055113E-17   0.3332993       0.7864931E-13   0.4078993E-07   0.2263489E-08   0.4326850E-07    0.000000    
   0.1988294E-05    607.8796       0.1071048E+11    25448.90       0.2868077       0.1767141E-33   0.5158752E-15   0.6667006       0.8065327E-17   0.3332993       0.7864933E-13   0.4187958E-07   0.2434882E-08   0.4457884E-07    0.000000    
   0.2046737E-05    607.8796       0.1071048E+11    25448.90       0.2878655       0.1771409E-33   0.5164740E-15   0.6667006       0.8075432E-17   0.3332993       0.7864936E-13   0.4295750E-07   0.2613738E-08   0.4588919E-07    0.000000    
   0.2105180E-05    607.8796       0.1071048E+11    25448.90       0.2889335       0.1775636E-33   0.5170662E-15   0.6667006       0.8085428E-17   0.3332993       0.7864939E-13   0.4402354E-07   0.2800124E-08   0.4719954E-07    0.000000    
   0.2163623E-05    607.8796       0.1071048E+11    25448.90       0.2900109       0.1779820E-33   0.5176516E-15   0.6667006       0.8095312E-17   0.3332993       0.7864941E-13   0.4507752E-07   0.2994102E-08   0.4850990E-07    0.000000    
   0.2222066E-05    607.8796       0.1071048E+11    25448.90       0.2910969       0.1783960E-33   0.5182304E-15   0.6667006       0.8105084E-17   0.3332993       0.7864944E-13   0.4611930E-07   0.3195728E-08   0.4982025E-07    0.000000    
   0.2280509E-05    607.8797       0.1071048E+11    25448.90       0.2921905       0.1788057E-33   0.5188022E-15   0.6667006       0.8114742E-17   0.3332993       0.7864947E-13   0.4714874E-07   0.3405052E-08   0.5113060E-07    0.000000    
   0.2338952E-05    607.8797       0.1071048E+11    25448.90       0.2932908       0.1792110E-33   0.5193672E-15   0.6667006       0.8124284E-17   0.3332993       0.7864950E-13   0.4816572E-07   0.3622117E-08   0.5244096E-07    0.000000    
   0.2397395E-05    607.8797       0.1071048E+11    25448.90       0.2943971       0.1796117E-33   0.5199251E-15   0.6667006       0.8133711E-17   0.3332993       0.7864953E-13   0.4917013E-07   0.3846962E-08   0.5375131E-07    0.000000    
   0.2455838E-05    607.8797       0.1071048E+11    25448.90       0.2955084       0.1800078E-33   0.5204761E-15   0.6667006       0.8143019E-17   0.3332993       0.7864956E-13   0.5016187E-07   0.4079619E-08   0.5506167E-07    0.000000    
   0.2514281E-05    607.8797       0.1071048E+11    25448.90       0.2966240       0.1803993E-33   0.5210199E-15   0.6667006       0.8152210E-17   0.3332993       0.7864959E-13   0.5114084E-07   0.4320114E-08   0.5637203E-07    0.000000    
   0.2572724E-05    607.8797       0.1071048E+11    25448.90       0.2977429       0.1807861E-33   0.5215567E-15   0.6667006       0.8161281E-17   0.3332993       0.7864963E-13   0.5210696E-07   0.4568468E-08   0.5768238E-07    0.000000    
   0.2631167E-05    607.8797       0.1071048E+11    25448.90       0.2988646       0.1811682E-33   0.5220862E-15   0.6667006       0.8170233E-17   0.3332993       0.7864966E-13   0.5306017E-07   0.4824698E-08   0.5899274E-07    0.000000    
   0.2748053E-05    607.8798       0.1071048E+11    25448.90       0.3011125       0.1819180E-33   0.5231237E-15   0.6667006       0.8187775E-17   0.3332993       0.7864972E-13   0.5492762E-07   0.5360820E-08   0.6161347E-07    0.000000    
   0.2853250E-05    607.8798       0.1071048E+11    25448.90       0.3031371       0.1825763E-33   0.5240327E-15   0.6667006       0.8203148E-17   0.3332993       0.7864978E-13   0.5656366E-07   0.5870312E-08   0.6397212E-07    0.000000    
   0.2954607E-05    607.8798       0.1071048E+11    25448.90       0.3050848       0.1831956E-33   0.5248862E-15   0.6667006       0.8217586E-17   0.3332993       0.7864984E-13   0.5809982E-07   0.6385348E-08   0.6624467E-07    0.000000    
   0.3055964E-05    607.8799       0.1071048E+11    25448.90       0.3070262       0.1838001E-33   0.5257177E-15   0.6667006       0.8231657E-17   0.3332993       0.7864991E-13   0.5959652E-07   0.6923999E-08   0.6851723E-07    0.000000    
   0.3157321E-05    607.8799       0.1071048E+11    25448.90       0.3089578       0.1843897E-33   0.5265275E-15   0.6667006       0.8245361E-17   0.3332993       0.7864997E-13   0.6105380E-07   0.7486146E-08   0.7078979E-07    0.000000    
   0.3258678E-05    607.8799       0.1071048E+11    25448.90       0.3108764       0.1849643E-33   0.5273154E-15   0.6667006       0.8258699E-17   0.3332993       0.7865003E-13   0.6247177E-07   0.8071631E-08   0.7306235E-07    0.000000    
   0.3360035E-05    607.8799       0.1071048E+11    25448.90       0.3127792       0.1855241E-33   0.5280815E-15   0.6667006       0.8271673E-17   0.3332993       0.7865010E-13   0.6385061E-07   0.8680262E-08   0.7533492E-07    0.000000    
   0.3461392E-05    607.8800       0.1071048E+11    25448.90       0.3146634       0.1860690E-33   0.5288261E-15   0.6667006       0.8284283E-17   0.3332993       0.7865017E-13   0.6519057E-07   0.9311813E-08   0.7760748E-07    0.000000    
   0.3562749E-05    607.8800       0.1071048E+11    25448.90       0.3165264       0.1865990E-33   0.5295493E-15   0.6667006       0.8296534E-17   0.3332993       0.7865024E-13   0.6649198E-07   0.9966029E-08   0.7988006E-07    0.000000    
   0.3664106E-05    607.8800       0.1071048E+11    25448.90       0.3183659       0.1871143E-33   0.5302513E-15   0.6667006       0.8308429E-17   0.3332993       0.7865031E-13   0.6775520E-07   0.1064262E-07   0.8215263E-07    0.000000    
   0.3778756E-05    607.8801       0.1071048E+11    25448.90       0.3204156       0.1876795E-33   0.5310202E-15   0.6667006       0.8321458E-17   0.3332993       0.7865039E-13   0.6913861E-07   0.1143454E-07   0.8472327E-07    0.000000    
