  "Time"          "Temp"          "Pres"          "Dens"          "Th_MIX"        "X_OH*"         "X_H"           "X_H2"          "X_O"           "X_O2"          "X_OH"          "X_HO2"         "X_H2O2"        "X_H2O"         "X_AR"         
  "s"             "K"             "Pa"            "kg/m3"         "s"             "none"          "none"          "none"          "none"          "none"          "none"          "none"          "none"          "none"          "none"         
    0.000000        607.8791       0.1071047E+11    25448.90      -0.4737077E-01    0.000000        0.000000       0.6667007        0.000000       0.3332993        0.000000        0.000000        0.000000        0.000000        0.000000    
   0.5222799E-18    607.8791       0.1071047E+11    25448.90      -0.4737076E-01   0.8574353E-57   0.8342507E-25   0.6667007       0.7229126E-35   0.3332993       0.1170964E-19   0.8168563E-25   0.1078176E-38   0.1743408E-26    0.000000    
   0.1566840E-17    607.8791       0.1071047E+11    25448.90      -0.4737074E-01   0.4654389E-56   0.2545043E-24   0.6667007       0.3967496E-34   0.3332993       0.3512891E-19   0.2450618E-24   0.5853040E-38   0.9464214E-26    0.000000    
   0.3655959E-17    607.8791       0.1071047E+11    25448.90      -0.4737069E-01   0.2271241E-55   0.6179201E-24   0.6667007       0.1982561E-33   0.3332993       0.8196743E-19   0.5718399E-24   0.2856602E-37   0.4618898E-25    0.000000    
   0.7834199E-17    607.8791       0.1071047E+11    25448.90      -0.4737060E-01   0.9864667E-55   0.1425687E-23   0.6667007       0.9212261E-33   0.3332993       0.1756444E-18   0.1225507E-23   0.1241291E-36   0.2006855E-24    0.000000    
   0.1619068E-16    607.8791       0.1071047E+11    25448.90      -0.4737041E-01   0.4146592E-54   0.3375150E-23   0.6667007       0.4342533E-32   0.3332993       0.3629980E-18   0.2533384E-23   0.5222455E-36   0.8441479E-24    0.000000    
   0.3290363E-16    607.8791       0.1071047E+11    25448.90      -0.4737004E-01   0.1701063E-53   0.8607728E-23   0.6667007       0.2165789E-31   0.3332993       0.7377038E-18   0.5152011E-23   0.2146493E-35   0.3467599E-23    0.000000    
   0.6632955E-16    607.8791       0.1071047E+11    25448.90      -0.4736929E-01   0.6883867E-53   0.2441065E-22   0.6667007       0.1187990E-30   0.3332993       0.1487110E-17   0.1040641E-22   0.8722840E-35   0.1406941E-22    0.000000    
   0.1331814E-15    607.8791       0.1071047E+11    25448.90      -0.4736779E-01   0.2761041E-52   0.7732293E-22   0.6667007       0.7275401E-30   0.3332993       0.2985901E-17   0.2102891E-22   0.3532174E-34   0.5669317E-22    0.000000    
   0.2668850E-15    607.8791       0.1071047E+11    25448.90      -0.4736473E-01   0.1106170E-51   0.2680196E-21   0.6667007       0.4912893E-29   0.3332993       0.5983398E-17   0.4308804E-22   0.1442078E-33   0.2276270E-21    0.000000    
   0.5342923E-15    607.8791       0.1071047E+11    25448.90      -0.4735847E-01   0.4833128E-51   0.9860346E-21   0.6667007       0.3554888E-28   0.3332993       0.1197805E-16   0.9331406E-22   0.6129967E-33   0.9122239E-21    0.000000    
   0.1069107E-14    607.8791       0.1071047E+11    25448.90      -0.4734532E-01   0.4592400E-50   0.3745976E-20   0.6667007       0.2676727E-27   0.3332993       0.2396598E-16   0.2406340E-21   0.2986550E-32   0.3652198E-20    0.000000    
   0.2138736E-14    607.8791       0.1071047E+11    25448.90      -0.4731660E-01   0.1675070E-48   0.1438663E-19   0.6667007       0.2048580E-26   0.3332993       0.4793636E-16   0.8964600E-21   0.2012068E-31   0.1461411E-19    0.000000    
   0.4277995E-14    607.8791       0.1071047E+11    25448.90      -0.4725014E-01   0.8344160E-47   0.5483882E-19   0.6667007       0.1562658E-25   0.3332993       0.9585520E-16   0.4955784E-20   0.2049336E-30   0.5845647E-19    0.000000    
   0.6417253E-14    607.8791       0.1071047E+11    25448.90      -0.4717240E-01   0.6358643E-46   0.1192465E-18   0.6667007       0.4836837E-25   0.3332993       0.1437448E-15   0.1427222E-19   0.7815658E-30   0.1315114E-18    0.000000    
   0.1069577E-13    607.8791       0.1071047E+11    25448.90      -0.4698812E-01   0.1065312E-44   0.3091963E-18   0.6667007       0.2101282E-24   0.3332993       0.2394365E-15   0.5931673E-19   0.5314665E-29   0.3651677E-18    0.000000    
   0.1454644E-13    607.8791       0.1071047E+11    25448.90      -0.4679288E-01   0.4792249E-44   0.5425963E-18   0.6667007       0.4916242E-24   0.3332993       0.3254593E-15   0.1371425E-18   0.1563485E-28   0.6751892E-18    0.000000    
   0.1839710E-13    607.8791       0.1071047E+11    25448.90      -0.4657439E-01   0.1522472E-43   0.8254304E-18   0.6667007       0.9369358E-24   0.3332993       0.4113878E-15   0.2599098E-18   0.3592976E-28   0.1079587E-17    0.000000    
   0.2224777E-13    607.8791       0.1071047E+11    25448.90      -0.4633643E-01   0.3864408E-43   0.1149670E-17   0.6667007       0.1574947E-23   0.3332993       0.4972219E-15   0.4355442E-18   0.7094726E-28   0.1578257E-17    0.000000    
   0.2609843E-13    607.8791       0.1071047E+11    25448.90      -0.4608222E-01   0.8387347E-43   0.1508526E-17   0.6667007       0.2430022E-23   0.3332993       0.5829619E-15   0.6707312E-18   0.1261340E-27   0.2171096E-17    0.000000    
   0.3379976E-13    607.8791       0.1071047E+11    25448.90      -0.4553411E-01   0.2867528E-42   0.2310876E-17   0.6667007       0.4859982E-23   0.3332993       0.7541598E-15   0.1338597E-17   0.3200055E-27   0.3638906E-17    0.000000    
   0.4073096E-13    607.8791       0.1071047E+11    25448.90      -0.4500790E-01   0.6786272E-42   0.3103360E-17   0.6667007       0.7960575E-23   0.3332993       0.9079168E-15   0.2190356E-17   0.6269539E-27   0.5280984E-17    0.000000    
   0.4851244E-13    607.8791       0.1071047E+11    25448.90      -0.4439176E-01   0.1490894E-41   0.4047531E-17   0.6667007       0.1256090E-22   0.3332993       0.1080174E-14   0.3453752E-17   0.1177807E-26   0.7486121E-17    0.000000    
   0.5629393E-13    607.8791       0.1071047E+11    25448.90      -0.4375741E-01   0.2857473E-41   0.5031061E-17   0.6667007       0.1840872E-22   0.3332993       0.1252050E-14   0.5059478E-17   0.2010298E-26   0.1007295E-16    0.000000    
   0.6407542E-13    607.8791       0.1071047E+11    25448.90      -0.4311081E-01   0.4956282E-41   0.6041322E-17   0.6667007       0.2554689E-22   0.3332993       0.1423545E-14   0.7019317E-17   0.3193024E-26   0.1304062E-16    0.000000    
   0.7185690E-13    607.8791       0.1071047E+11    25448.90      -0.4245599E-01   0.7971425E-41   0.7069798E-17   0.6667007       0.3400327E-22   0.3332993       0.1594661E-14   0.9340938E-17   0.4796498E-26   0.1638829E-16    0.000000    
   0.7963839E-13    607.8791       0.1071047E+11    25448.90      -0.4179575E-01   0.1208961E-40   0.8110542E-17   0.6667007       0.4379635E-22   0.3332993       0.1765396E-14   0.1202945E-16   0.6892477E-26   0.2011512E-16    0.000000    
   0.8741988E-13    607.8791       0.1071047E+11    25448.90      -0.4113218E-01   0.1749802E-40   0.9159133E-17   0.6667007       0.5493909E-22   0.3332993       0.1935754E-14   0.1508843E-16   0.9553452E-26   0.2422027E-16    0.000000    
   0.9520136E-13    607.8791       0.1071047E+11    25448.90      -0.4046665E-01   0.2438359E-40   0.1021264E-16   0.6667007       0.6743897E-22   0.3332993       0.2105734E-14   0.1851997E-16   0.1285258E-25   0.2870290E-16    0.000000    
   0.1107643E-12    607.8791       0.1071047E+11    25448.90      -0.3913367E-01   0.4332620E-40   0.1232612E-16   0.6667007       0.9652785E-22   0.3332993       0.2444565E-14   0.2650569E-16   0.2165898E-25   0.3879726E-16    0.000000    
   0.1263273E-12    607.8791       0.1071047E+11    25448.90      -0.3780091E-01   0.7038689E-40   0.1444227E-16   0.6667007       0.1310695E-21   0.3332993       0.2781897E-14   0.3598865E-16   0.3390149E-25   0.5039154E-16    0.000000    
   0.1418903E-12    607.8791       0.1071047E+11    25448.90      -0.3647141E-01   0.1070108E-39   0.1655464E-16   0.6667007       0.1710623E-21   0.3332993       0.3117735E-14   0.4696866E-16   0.5016902E-25   0.6347908E-16    0.000000    
   0.1648621E-12    607.8791       0.1071047E+11    25448.90      -0.3451767E-01   0.1815385E-39   0.1965993E-16   0.6667007       0.2400238E-21   0.3332993       0.3610737E-14   0.6590330E-16   0.8278031E-25   0.8551190E-16    0.000000    
   0.1878340E-12    607.8791       0.1071047E+11    25448.90      -0.3257621E-01   0.2844433E-39   0.2274594E-16   0.6667007       0.3207679E-21   0.3332993       0.4100521E-14   0.8807515E-16   0.1273254E-24   0.1107627E-15    0.000000    
   0.2108059E-12    607.8791       0.1071047E+11    25448.90      -0.3064739E-01   0.4200810E-39   0.2581187E-16   0.6667007       0.4132181E-21   0.3332993       0.4587108E-14   0.1134640E-15   0.1856785E-24   0.1392103E-15    0.000000    
   0.2337777E-12    607.8791       0.1071047E+11    25448.90      -0.2873104E-01   0.5927159E-39   0.2885805E-16   0.6667007       0.5172942E-21   0.3332993       0.5070519E-14   0.1420486E-15   0.2597016E-24   0.1708341E-15    0.000000    
   0.2797215E-12    607.8791       0.1071047E+11    25448.90      -0.2493541E-01   0.1065533E-38   0.3489170E-16   0.6667007       0.7600100E-21   0.3332993       0.6027895E-14   0.2087221E-15   0.4621254E-24   0.2435271E-15    0.000000    
   0.3256652E-12    607.8791       0.1071047E+11    25448.90      -0.2118887E-01   0.1735129E-38   0.4084746E-16   0.6667007       0.1048292E-20   0.3332993       0.6972815E-14   0.2879309E-15   0.7492539E-24   0.3286775E-15    0.000000    
   0.3716089E-12    607.8791       0.1071047E+11    25448.90      -0.1749104E-01   0.2632182E-38   0.4672579E-16   0.6667007       0.1381525E-20   0.3332993       0.7905439E-14   0.3795121E-15   0.1135561E-23   0.4261230E-15    0.000000    
   0.4175527E-12    607.8791       0.1071047E+11    25448.90      -0.1384137E-01   0.3785913E-38   0.5252756E-16   0.6667007       0.1759100E-20   0.3332993       0.8825928E-14   0.4833049E-15   0.1635324E-23   0.5357036E-15    0.000000    
   0.4634964E-12    607.8791       0.1071047E+11    25448.90      -0.1023920E-01   0.5224170E-38   0.5825380E-16   0.6667007       0.2180416E-20   0.3332993       0.9734440E-14   0.5991504E-15   0.2262630E-23   0.6572614E-15    0.000000    
   0.5553839E-12    607.8791       0.1071047E+11    25448.90      -0.3174901E-02   0.9059018E-38   0.6948366E-16   0.6667007       0.3151908E-20   0.3332993       0.1151615E-13   0.8663738E-15   0.3955347E-23   0.9356869E-15    0.000000    
   0.6472713E-12    607.8791       0.1071047E+11    25448.90       0.3706829E-02   0.1433340E-37   0.8042333E-16   0.6667007       0.4291349E-20   0.3332993       0.1325180E-13   0.1179952E-14   0.6322775E-23   0.1260177E-14    0.000000    
   0.7391588E-12    607.8791       0.1071047E+11    25448.90       0.1041065E-01   0.2122453E-37   0.9108018E-16   0.6667007       0.5594209E-20   0.3332993       0.1494258E-13   0.1538686E-14   0.9471145E-23   0.1629541E-14    0.000000    
   0.8310463E-12    607.8791       0.1071047E+11    25448.90       0.1694112E-01   0.2989146E-37   0.1014615E-15   0.6667007       0.7056074E-20   0.3332993       0.1658964E-13   0.1941410E-14   0.1350395E-22   0.2042619E-14    0.000000    
   0.9229337E-12    607.8791       0.1071047E+11    25448.90       0.2330273E-01   0.4047633E-37   0.1115743E-15   0.6667007       0.8672647E-20   0.3332993       0.1819412E-13   0.2386986E-14   0.1852203E-22   0.2498280E-14    0.000000    
   0.1014821E-11    607.8791       0.1071047E+11    25448.90       0.2949989E-01   0.5310550E-37   0.1214257E-15   0.6667007       0.1043974E-19   0.3332993       0.1975712E-13   0.2874306E-14   0.2462361E-22   0.2995425E-14    0.000000    
   0.1198596E-11    607.8791       0.1071047E+11    25448.90       0.4141770E-01   0.8492977E-37   0.1403711E-15   0.6667007       0.1440926E-19   0.3332993       0.2276292E-13   0.3969888E-14   0.4045754E-22   0.4109899E-14    0.000000    
   0.1382371E-11    607.8791       0.1071047E+11    25448.90       0.5272718E-01   0.1260993E-36   0.1583494E-15   0.6667007       0.1893326E-19   0.3332993       0.2561531E-13   0.5219855E-14   0.6174189E-22   0.5377790E-14    0.000000    
   0.1566146E-11    607.8791       0.1071047E+11    25448.90       0.6345941E-01   0.1771602E-36   0.1754100E-15   0.6667007       0.2398195E-19   0.3332993       0.2832212E-13   0.6616324E-14   0.8917526E-22   0.6791269E-14    0.000000    
   0.1749921E-11    607.8791       0.1071047E+11    25448.90       0.7364391E-01   0.2384955E-36   0.1916000E-15   0.6667007       0.2952708E-19   0.3332993       0.3089077E-13   0.8151820E-14   0.1234206E-21   0.8342903E-14    0.000000    
   0.1933696E-11    607.8791       0.1071047E+11    25448.90       0.8330858E-01   0.3103490E-36   0.2069636E-15   0.6667007       0.3554183E-19   0.3332993       0.3332831E-13   0.9819247E-14   0.1651069E-21   0.1002564E-13    0.000000    
   0.2117471E-11    607.8791       0.1071047E+11    25448.90       0.9247996E-01   0.3928455E-36   0.2215431E-15   0.6667007       0.4200076E-19   0.3332993       0.3564145E-13   0.1161187E-13   0.2148313E-21   0.1183279E-13    0.000000    
   0.2301246E-11    607.8791       0.1071047E+11    25448.90       0.1011832       0.4860091E-36   0.2353784E-15   0.6667007       0.4887973E-19   0.3332993       0.3783652E-13   0.1352330E-13   0.2731602E-21   0.1375801E-13    0.000000    
   0.2485021E-11    607.8791       0.1071047E+11    25448.90       0.1094423       0.5897791E-36   0.2485075E-15   0.6667007       0.5615584E-19   0.3332993       0.3991955E-13   0.1554747E-13   0.3406313E-21   0.1579526E-13    0.000000    
   0.2668796E-11    607.8791       0.1071047E+11    25448.90       0.1172798       0.7040236E-36   0.2609666E-15   0.6667007       0.6380736E-19   0.3332993       0.4189627E-13   0.1767863E-13   0.4177545E-21   0.1793882E-13    0.000000    
   0.2852570E-11    607.8791       0.1071047E+11    25448.90       0.1247173       0.8285522E-36   0.2727897E-15   0.6667007       0.7181366E-19   0.3332993       0.4377209E-13   0.1991132E-13   0.5050142E-21   0.2018329E-13    0.000000    
   0.3036345E-11    607.8791       0.1071047E+11    25448.90       0.1317752       0.9631263E-36   0.2840094E-15   0.6667007       0.8015517E-19   0.3332993       0.4555218E-13   0.2224035E-13   0.6028695E-21   0.2252349E-13    0.000000    
   0.3220120E-11    607.8791       0.1071047E+11    25448.90       0.1384728       0.1107469E-35   0.2946564E-15   0.6667007       0.8881334E-19   0.3332993       0.4724140E-13   0.2466081E-13   0.7117565E-21   0.2495455E-13    0.000000    
   0.3403895E-11    607.8791       0.1071047E+11    25448.90       0.1448286       0.1261271E-35   0.3047600E-15   0.6667007       0.9777055E-19   0.3332993       0.4884441E-13   0.2716803E-13   0.8320889E-21   0.2747183E-13    0.000000    
   0.3587670E-11    607.8791       0.1071047E+11    25448.90       0.1508601       0.1424202E-35   0.3143480E-15   0.6667007       0.1070101E-18   0.3332993       0.5036560E-13   0.2975759E-13   0.9642593E-21   0.3007092E-13    0.000000    
   0.3771445E-11    607.8791       0.1071047E+11    25448.90       0.1565836       0.1595911E-35   0.3234465E-15   0.6667007       0.1165161E-18   0.3332993       0.5180915E-13   0.3242527E-13   0.1108640E-20   0.3274766E-13    0.000000    
   0.3955220E-11    607.8791       0.1071047E+11    25448.90       0.1620150       0.1776038E-35   0.3320807E-15   0.6667007       0.1262735E-18   0.3332993       0.5317903E-13   0.3516710E-13   0.1265585E-20   0.3549807E-13    0.000000    
   0.4138995E-11    607.8791       0.1071047E+11    25448.90       0.1671692       0.1964213E-35   0.3402742E-15   0.6667007       0.1362681E-18   0.3332993       0.5447898E-13   0.3797929E-13   0.1435429E-20   0.3831841E-13    0.000000    
   0.4322770E-11    607.8791       0.1071047E+11    25448.90       0.1720604       0.2160062E-35   0.3480494E-15   0.6667007       0.1464863E-18   0.3332993       0.5571258E-13   0.4085825E-13   0.1618491E-20   0.4120509E-13    0.000000    
   0.4506545E-11    607.8791       0.1071047E+11    25448.90       0.1767019       0.2363209E-35   0.3554279E-15   0.6667007       0.1569153E-18   0.3332993       0.5688322E-13   0.4380057E-13   0.1815073E-20   0.4415474E-13    0.000000    
   0.4690320E-11    607.8791       0.1071047E+11    25448.90       0.1811065       0.2573283E-35   0.3624297E-15   0.6667007       0.1675429E-18   0.3332993       0.5799411E-13   0.4680301E-13   0.2025462E-20   0.4716414E-13    0.000000    
   0.4874095E-11    607.8791       0.1071047E+11    25448.90       0.1852863       0.2789915E-35   0.3690742E-15   0.6667007       0.1783574E-18   0.3332993       0.5904831E-13   0.4986251E-13   0.2249929E-20   0.5023024E-13    0.000000    
   0.5241644E-11    607.8791       0.1071047E+11    25448.90       0.1930167       0.3241410E-35   0.3813630E-15   0.6667007       0.2005043E-18   0.3332993       0.6099802E-13   0.5614118E-13   0.2742118E-20   0.5652111E-13    0.000000    
   0.5572439E-11    607.8791       0.1071047E+11    25448.90       0.1993144       0.3666632E-35   0.3913742E-15   0.6667007       0.2209717E-18   0.3332993       0.6258636E-13   0.6195943E-13   0.3235693E-20   0.6234928E-13    0.000000    
   0.5903234E-11    607.8791       0.1071047E+11    25448.90       0.2050453       0.4107727E-35   0.4004845E-15   0.6667007       0.2418905E-18   0.3332993       0.6403178E-13   0.6792151E-13   0.3778520E-20   0.6832039E-13    0.000000    
   0.6234029E-11    607.8791       0.1071047E+11    25448.90       0.2102605       0.4562878E-35   0.4087750E-15   0.6667007       0.2632121E-18   0.3332993       0.6534712E-13   0.7401448E-13   0.4371746E-20   0.7442157E-13    0.000000    
   0.6564824E-11    607.8791       0.1071047E+11    25448.90       0.2150064       0.5030390E-35   0.4163194E-15   0.6667007       0.2848922E-18   0.3332993       0.6654409E-13   0.8022657E-13   0.5016416E-20   0.8064112E-13    0.000000    
   0.6895619E-11    607.8791       0.1071047E+11    25448.90       0.2193253       0.5508698E-35   0.4231849E-15   0.6667007       0.3068904E-18   0.3332993       0.6763335E-13   0.8654705E-13   0.5713479E-20   0.8696838E-13    0.000000    
   0.7226414E-11    607.8791       0.1071047E+11    25448.90       0.2232554       0.5996360E-35   0.4294326E-15   0.6667007       0.3291702E-18   0.3332993       0.6862458E-13   0.9296617E-13   0.6463801E-20   0.9339367E-13    0.000000    
   0.7557209E-11    607.8791       0.1071047E+11    25448.90       0.2268319       0.6492062E-35   0.4351180E-15   0.6667007       0.3516983E-18   0.3332993       0.6952662E-13   0.9947505E-13   0.7268168E-20   0.9990816E-13    0.000000    
   0.7888003E-11    607.8791       0.1071047E+11    25448.90       0.2300866       0.6994605E-35   0.4402918E-15   0.6667007       0.3744444E-18   0.3332993       0.7034748E-13   0.1060656E-12   0.8127297E-20   0.1065038E-12    0.000000    
   0.8218798E-11    607.8791       0.1071047E+11    25448.90       0.2330484       0.7502907E-35   0.4450000E-15   0.6667007       0.3973810E-18   0.3332993       0.7109447E-13   0.1127305E-12   0.9041839E-20   0.1131734E-12    0.000000    
   0.8549593E-11    607.8791       0.1071047E+11    25448.90       0.2357436       0.8015989E-35   0.4492846E-15   0.6667007       0.4204831E-18   0.3332993       0.7177424E-13   0.1194631E-12   0.1001239E-19   0.1199101E-12    0.000000    
   0.8880388E-11    607.8791       0.1071047E+11    25448.90       0.2381963       0.8532976E-35   0.4531836E-15   0.6667007       0.4437279E-18   0.3332993       0.7239284E-13   0.1262572E-12   0.1103948E-19   0.1267080E-12    0.000000    
   0.9211183E-11    607.8791       0.1071047E+11    25448.90       0.2404283       0.9053082E-35   0.4567317E-15   0.6667007       0.4670949E-18   0.3332993       0.7295577E-13   0.1331073E-12   0.1212361E-19   0.1335616E-12    0.000000    
   0.9541978E-11    607.8791       0.1071047E+11    25448.90       0.2424594       0.9575607E-35   0.4599605E-15   0.6667007       0.4905652E-18   0.3332993       0.7346805E-13   0.1400084E-12   0.1326522E-19   0.1404659E-12    0.000000    
   0.9872773E-11    607.8791       0.1071047E+11    25448.90       0.2443078       0.1009993E-34   0.4628987E-15   0.6667007       0.5141217E-18   0.3332993       0.7393422E-13   0.1469559E-12   0.1446473E-19   0.1474162E-12    0.000000    
   0.1020357E-10    607.8791       0.1071047E+11    25448.90       0.2459898       0.1062550E-34   0.4655726E-15   0.6667007       0.5377490E-18   0.3332993       0.7435844E-13   0.1539456E-12   0.1572249E-19   0.1544085E-12    0.000000    
   0.1053436E-10    607.8791       0.1071047E+11    25448.90       0.2475204       0.1115184E-34   0.4680058E-15   0.6667007       0.5614330E-18   0.3332993       0.7474449E-13   0.1609737E-12   0.1703886E-19   0.1614390E-12    0.000000    
   0.1086516E-10    607.8791       0.1071047E+11    25448.90       0.2489133       0.1167851E-34   0.4702201E-15   0.6667007       0.5851609E-18   0.3332993       0.7509580E-13   0.1680368E-12   0.1841412E-19   0.1685042E-12    0.000000    
   0.1119595E-10    607.8791       0.1071047E+11    25448.90       0.2501809       0.1220515E-34   0.4722351E-15   0.6667007       0.6089212E-18   0.3332993       0.7541549E-13   0.1751317E-12   0.1984857E-19   0.1756011E-12    0.000000    
   0.1152675E-10    607.8791       0.1071047E+11    25448.90       0.2513344       0.1273142E-34   0.4740688E-15   0.6667007       0.6327032E-18   0.3332993       0.7570642E-13   0.1822556E-12   0.2134246E-19   0.1827267E-12    0.000000    
   0.1185754E-10    607.8791       0.1071047E+11    25448.90       0.2523841       0.1325705E-34   0.4757374E-15   0.6667007       0.6564975E-18   0.3332993       0.7597116E-13   0.1894058E-12   0.2289601E-19   0.1898785E-12    0.000000    
   0.1218834E-10    607.8791       0.1071047E+11    25448.90       0.2533393       0.1378178E-34   0.4772559E-15   0.6667007       0.6802953E-18   0.3332993       0.7621208E-13   0.1965799E-12   0.2450944E-19   0.1970541E-12    0.000000    
   0.1251913E-10    607.8791       0.1071047E+11    25448.90       0.2542086       0.1430542E-34   0.4786378E-15   0.6667007       0.7040888E-18   0.3332993       0.7643132E-13   0.2037759E-12   0.2618294E-19   0.2042514E-12    0.000000    
   0.1284993E-10    607.8791       0.1071047E+11    25448.90       0.2549996       0.1482777E-34   0.4798953E-15   0.6667007       0.7278709E-18   0.3332993       0.7663083E-13   0.2109918E-12   0.2791668E-19   0.2114684E-12    0.000000    
   0.1318072E-10    607.8791       0.1071047E+11    25448.90       0.2557195       0.1534869E-34   0.4810396E-15   0.6667007       0.7516351E-18   0.3332993       0.7681239E-13   0.2182257E-12   0.2971082E-19   0.2187033E-12    0.000000    
   0.1351152E-10    607.8791       0.1071047E+11    25448.90       0.2563746       0.1586805E-34   0.4820810E-15   0.6667007       0.7753755E-18   0.3332993       0.7697761E-13   0.2254760E-12   0.3156551E-19   0.2259547E-12    0.000000    
   0.1384231E-10    607.8791       0.1071047E+11    25448.90       0.2569707       0.1638572E-34   0.4830286E-15   0.6667007       0.7990869E-18   0.3332993       0.7712796E-13   0.2327413E-12   0.3348088E-19   0.2332208E-12    0.000000    
   0.1417311E-10    607.8791       0.1071047E+11    25448.90       0.2575132       0.1690163E-34   0.4838910E-15   0.6667007       0.8227645E-18   0.3332993       0.7726478E-13   0.2400203E-12   0.3545704E-19   0.2405005E-12    0.000000    
   0.1450390E-10    607.8791       0.1071047E+11    25448.90       0.2580069       0.1741571E-34   0.4846758E-15   0.6667007       0.8464038E-18   0.3332993       0.7738929E-13   0.2473116E-12   0.3749411E-19   0.2477926E-12    0.000000    
   0.1483470E-10    607.8791       0.1071047E+11    25448.90       0.2584561       0.1792788E-34   0.4853900E-15   0.6667007       0.8700011E-18   0.3332993       0.7750259E-13   0.2546142E-12   0.3959218E-19   0.2550958E-12    0.000000    
   0.1516549E-10    607.8791       0.1071047E+11    25448.90       0.2588649       0.1843810E-34   0.4860398E-15   0.6667007       0.8935527E-18   0.3332993       0.7760570E-13   0.2619270E-12   0.4175134E-19   0.2624092E-12    0.000000    
   0.1549629E-10    607.8791       0.1071047E+11    25448.90       0.2592369       0.1894633E-34   0.4866312E-15   0.6667007       0.9170554E-18   0.3332993       0.7769953E-13   0.2692492E-12   0.4397168E-19   0.2697319E-12    0.000000    
   0.1582708E-10    607.8791       0.1071047E+11    25448.90       0.2595755       0.1945255E-34   0.4871694E-15   0.6667007       0.9405064E-18   0.3332993       0.7778491E-13   0.2765799E-12   0.4625327E-19   0.2770630E-12    0.000000    
   0.1615787E-10    607.8791       0.1071047E+11    25448.90       0.2598836       0.1995673E-34   0.4876592E-15   0.6667007       0.9639031E-18   0.3332993       0.7786262E-13   0.2839183E-12   0.4859618E-19   0.2844019E-12    0.000000    
   0.1648867E-10    607.8791       0.1071047E+11    25448.90       0.2601639       0.2045886E-34   0.4881049E-15   0.6667007       0.9872431E-18   0.3332993       0.7793333E-13   0.2912638E-12   0.5100046E-19   0.2917477E-12    0.000000    
   0.1715026E-10    607.8791       0.1071047E+11    25448.90       0.2606512       0.2145696E-34   0.4888795E-15   0.6667007       0.1033745E-17   0.3332993       0.7805623E-13   0.3059733E-12   0.5599340E-19   0.3064579E-12    0.000000    
   0.1774569E-10    607.8791       0.1071047E+11    25448.90       0.2610178       0.2234820E-34   0.4894622E-15   0.6667007       0.1075384E-17   0.3332993       0.7814867E-13   0.3192302E-12   0.6069746E-19   0.3197152E-12    0.000000    
   0.1830512E-10    607.8791       0.1071047E+11    25448.90       0.2613098       0.2317951E-34   0.4899265E-15   0.6667007       0.1114313E-17   0.3332993       0.7822233E-13   0.3316988E-12   0.6529898E-19   0.3321841E-12    0.000000    
   0.1886455E-10    607.8791       0.1071047E+11    25448.90       0.2615588       0.2400501E-34   0.4903223E-15   0.6667007       0.1153051E-17   0.3332993       0.7828513E-13   0.3441783E-12   0.7007685E-19   0.3446639E-12    0.000000    
   0.1942398E-10    607.8791       0.1071047E+11    25448.90       0.2617712       0.2482478E-34   0.4906598E-15   0.6667007       0.1191593E-17   0.3332993       0.7833867E-13   0.3566672E-12   0.7503124E-19   0.3571529E-12    0.000000    
   0.1998341E-10    607.8791       0.1071047E+11    25448.90       0.2619522       0.2563887E-34   0.4909476E-15   0.6667007       0.1229935E-17   0.3332993       0.7838433E-13   0.3691640E-12   0.8016225E-19   0.3696499E-12    0.000000    
   0.2054284E-10    607.8791       0.1071047E+11    25448.90       0.2621065       0.2644738E-34   0.4911929E-15   0.6667007       0.1268073E-17   0.3332993       0.7842325E-13   0.3816675E-12   0.8547000E-19   0.3821536E-12    0.000000    
   0.2110227E-10    607.8791       0.1071047E+11    25448.90       0.2622381       0.2725039E-34   0.4914021E-15   0.6667007       0.1306006E-17   0.3332993       0.7845643E-13   0.3941769E-12   0.9095457E-19   0.3946630E-12    0.000000    
   0.2166170E-10    607.8791       0.1071047E+11    25448.90       0.2623503       0.2804798E-34   0.4915805E-15   0.6667007       0.1343732E-17   0.3332993       0.7848473E-13   0.4066911E-12   0.9661604E-19   0.4071773E-12    0.000000    
   0.2222113E-10    607.8791       0.1071047E+11    25448.90       0.2624459       0.2884023E-34   0.4917325E-15   0.6667007       0.1381249E-17   0.3332993       0.7850885E-13   0.4192096E-12   0.1024545E-18   0.4196958E-12    0.000000    
   0.2278056E-10    607.8791       0.1071047E+11    25448.90       0.2625275       0.2962724E-34   0.4918622E-15   0.6667007       0.1418555E-17   0.3332993       0.7852942E-13   0.4317316E-12   0.1084699E-18   0.4322178E-12    0.000000    
   0.2333999E-10    607.8791       0.1071047E+11    25448.90       0.2625970       0.3040907E-34   0.4919727E-15   0.6667007       0.1455652E-17   0.3332993       0.7854696E-13   0.4442567E-12   0.1146624E-18   0.4447428E-12    0.000000    
   0.2389942E-10    607.8791       0.1071047E+11    25448.90       0.2626563       0.3118581E-34   0.4920670E-15   0.6667007       0.1492537E-17   0.3332993       0.7856191E-13   0.4567844E-12   0.1210320E-18   0.4572705E-12    0.000000    
   0.2445884E-10    607.8791       0.1071047E+11    25448.90       0.2627069       0.3195754E-34   0.4921473E-15   0.6667007       0.1529211E-17   0.3332993       0.7857466E-13   0.4693143E-12   0.1275788E-18   0.4698003E-12    0.000000    
   0.2501827E-10    607.8791       0.1071047E+11    25448.90       0.2627500       0.3272431E-34   0.4922159E-15   0.6667007       0.1565675E-17   0.3332993       0.7858552E-13   0.4818461E-12   0.1343027E-18   0.4823321E-12    0.000000    
   0.2557770E-10    607.8791       0.1071047E+11    25448.90       0.2627867       0.3348620E-34   0.4922743E-15   0.6667007       0.1601927E-17   0.3332993       0.7859479E-13   0.4943795E-12   0.1412038E-18   0.4948654E-12    0.000000    
   0.2613713E-10    607.8791       0.1071047E+11    25448.90       0.2628180       0.3424328E-34   0.4923241E-15   0.6667007       0.1637970E-17   0.3332993       0.7860269E-13   0.5069143E-12   0.1482822E-18   0.5074001E-12    0.000000    
   0.2669656E-10    607.8791       0.1071047E+11    25448.90       0.2628448       0.3499559E-34   0.4923666E-15   0.6667007       0.1673802E-17   0.3332993       0.7860943E-13   0.5194503E-12   0.1555377E-18   0.5199360E-12    0.000000    
   0.2725599E-10    607.8791       0.1071047E+11    25448.90       0.2628675       0.3574321E-34   0.4924028E-15   0.6667007       0.1709425E-17   0.3332993       0.7861517E-13   0.5319872E-12   0.1629705E-18   0.5324728E-12    0.000000    
   0.2781542E-10    607.8791       0.1071047E+11    25448.90       0.2628870       0.3648618E-34   0.4924337E-15   0.6667007       0.1744840E-17   0.3332993       0.7862007E-13   0.5445250E-12   0.1705806E-18   0.5450105E-12    0.000000    
   0.2893428E-10    607.8791       0.1071047E+11    25448.90       0.2629176       0.3795837E-34   0.4924825E-15   0.6667007       0.1815047E-17   0.3332993       0.7862780E-13   0.5696027E-12   0.1863326E-18   0.5700880E-12    0.000000    
   0.2994125E-10    607.8791       0.1071047E+11    25448.90       0.2629380       0.3926793E-34   0.4925149E-15   0.6667007       0.1877528E-17   0.3332993       0.7863294E-13   0.5921745E-12   0.2011157E-18   0.5926595E-12    0.000000    
   0.3092891E-10    607.8791       0.1071047E+11    25448.90       0.2629531       0.4053844E-34   0.4925388E-15   0.6667007       0.1938168E-17   0.3332993       0.7863673E-13   0.6143144E-12   0.2161732E-18   0.6147993E-12    0.000000    
   0.3191656E-10    607.8791       0.1071047E+11    25448.90       0.2629644       0.4179537E-34   0.4925569E-15   0.6667007       0.1998177E-17   0.3332993       0.7863960E-13   0.6364553E-12   0.2317833E-18   0.6369399E-12    0.000000    
   0.3290421E-10    607.8791       0.1071047E+11    25448.90       0.2629730       0.4303892E-34   0.4925705E-15   0.6667007       0.2057560E-17   0.3332993       0.7864176E-13   0.6585969E-12   0.2479461E-18   0.6590813E-12    0.000000    
   0.3389187E-10    607.8791       0.1071047E+11    25448.90       0.2629795       0.4426928E-34   0.4925808E-15   0.6667007       0.2116324E-17   0.3332993       0.7864339E-13   0.6807391E-12   0.2646617E-18   0.6812232E-12    0.000000    
   0.3487952E-10    607.8791       0.1071047E+11    25448.90       0.2629844       0.4548662E-34   0.4925886E-15   0.6667007       0.2174474E-17   0.3332993       0.7864462E-13   0.7028816E-12   0.2819299E-18   0.7033654E-12    0.000000    
   0.3586717E-10    607.8791       0.1071047E+11    25448.90       0.2629881       0.4669112E-34   0.4925945E-15   0.6667007       0.2232018E-17   0.3332993       0.7864555E-13   0.7250244E-12   0.2997508E-18   0.7255080E-12    0.000000    
   0.3685483E-10    607.8791       0.1071047E+11    25448.90       0.2629909       0.4788292E-34   0.4925990E-15   0.6667007       0.2288959E-17   0.3332993       0.7864625E-13   0.7471675E-12   0.3181245E-18   0.7476509E-12    0.000000    
   0.3784248E-10    607.8791       0.1071047E+11    25448.90       0.2629930       0.4906219E-34   0.4926023E-15   0.6667007       0.2345306E-17   0.3332993       0.7864678E-13   0.7693107E-12   0.3370509E-18   0.7697938E-12    0.000000    
   0.3883013E-10    607.8791       0.1071047E+11    25448.90       0.2629946       0.5022906E-34   0.4926049E-15   0.6667007       0.2401064E-17   0.3332993       0.7864719E-13   0.7914541E-12   0.3565300E-18   0.7919370E-12    0.000000    
   0.3981779E-10    607.8791       0.1071047E+11    25448.90       0.2629958       0.5138367E-34   0.4926068E-15   0.6667007       0.2456238E-17   0.3332993       0.7864749E-13   0.8135976E-12   0.3765619E-18   0.8140802E-12    0.000000    
   0.4080544E-10    607.8791       0.1071047E+11    25448.90       0.2629967       0.5252618E-34   0.4926083E-15   0.6667007       0.2510835E-17   0.3332993       0.7864772E-13   0.8357411E-12   0.3971465E-18   0.8362235E-12    0.000000    
   0.4179309E-10    607.8791       0.1071047E+11    25448.90       0.2629974       0.5365670E-34   0.4926094E-15   0.6667007       0.2564862E-17   0.3332993       0.7864789E-13   0.8578847E-12   0.4182839E-18   0.8583668E-12    0.000000    
   0.4376840E-10    607.8791       0.1071047E+11    25448.90       0.2629983       0.5588233E-34   0.4926109E-15   0.6667007       0.2671225E-17   0.3332993       0.7864812E-13   0.9021721E-12   0.4622168E-18   0.9026537E-12    0.000000    
   0.4574371E-10    607.8791       0.1071047E+11    25448.90       0.2629989       0.5806157E-34   0.4926118E-15   0.6667007       0.2775374E-17   0.3332993       0.7864825E-13   0.9464595E-12   0.5083607E-18   0.9469406E-12    0.000000    
   0.4771901E-10    607.8791       0.1071047E+11    25448.90       0.2629992       0.6019542E-34   0.4926123E-15   0.6667007       0.2877355E-17   0.3332993       0.7864833E-13   0.9907470E-12   0.5567157E-18   0.9912276E-12    0.000000    
   0.4969432E-10    607.8791       0.1071047E+11    25448.90       0.2629994       0.6228483E-34   0.4926127E-15   0.6667007       0.2977214E-17   0.3332993       0.7864838E-13   0.1035035E-11   0.6072817E-18   0.1035515E-11    0.000000    
   0.5166962E-10    607.8791       0.1071047E+11    25448.90       0.2629995       0.6433074E-34   0.4926129E-15   0.6667007       0.3074993E-17   0.3332993       0.7864841E-13   0.1079322E-11   0.6600587E-18   0.1079802E-11    0.000000    
   0.5364493E-10    607.8791       0.1071047E+11    25448.90       0.2629996       0.6633404E-34   0.4926130E-15   0.6667007       0.3170737E-17   0.3332993       0.7864842E-13   0.1123610E-11   0.7150467E-18   0.1124089E-11    0.000000    
   0.5562024E-10    607.8791       0.1071047E+11    25448.90       0.2629997       0.6829564E-34   0.4926132E-15   0.6667007       0.3264488E-17   0.3332993       0.7864844E-13   0.1167897E-11   0.7722458E-18   0.1168376E-11    0.000000    
   0.5759554E-10    607.8791       0.1071047E+11    25448.90       0.2629997       0.7021641E-34   0.4926133E-15   0.6667007       0.3356287E-17   0.3332993       0.7864844E-13   0.1212185E-11   0.8316560E-18   0.1212663E-11    0.000000    
   0.6154616E-10    607.8791       0.1071047E+11    25448.90       0.2629998       0.7393880E-34   0.4926134E-15   0.6667007       0.3534192E-17   0.3332993       0.7864846E-13   0.1300760E-11   0.9571095E-18   0.1301237E-11    0.000000    
   0.6549677E-10    607.8791       0.1071047E+11    25448.90       0.2629999       0.7750783E-34   0.4926136E-15   0.6667007       0.3704767E-17   0.3332993       0.7864846E-13   0.1389335E-11   0.1091407E-17   0.1389811E-11    0.000000    
   0.6944738E-10    607.8791       0.1071047E+11    25448.90       0.2629999       0.8092981E-34   0.4926137E-15   0.6667007       0.3868314E-17   0.3332993       0.7864847E-13   0.1477910E-11   0.1234550E-17   0.1478385E-11    0.000000    
   0.7339799E-10    607.8791       0.1071047E+11    25448.90       0.2630000       0.8421076E-34   0.4926138E-15   0.6667007       0.4025121E-17   0.3332993       0.7864848E-13   0.1566486E-11   0.1386537E-17   0.1566959E-11    0.000000    
   0.8129922E-10    607.8791       0.1071047E+11    25448.90       0.2630001       0.9037228E-34   0.4926141E-15   0.6667007       0.4319599E-17   0.3332993       0.7864849E-13   0.1743636E-11   0.1717044E-17   0.1744108E-11    0.000000    
   0.9710167E-10    607.8791       0.1071047E+11    25448.90       0.2630003       0.1012388E-33   0.4926145E-15   0.6667007       0.4838944E-17   0.3332993       0.7864851E-13   0.2097937E-11   0.2484196E-17   0.2098404E-11    0.000000    
   0.1104420E-09    607.8791       0.1071047E+11    25448.90       0.2630004       0.1090896E-33   0.4926148E-15   0.6667007       0.5214154E-17   0.3332993       0.7864852E-13   0.2397036E-11   0.3241981E-17   0.2397499E-11    0.000000    
   0.1371226E-09    607.8791       0.1071047E+11    25448.90       0.2630007       0.1217752E-33   0.4926155E-15   0.6667007       0.5820435E-17   0.3332993       0.7864855E-13   0.2995232E-11   0.5060128E-17   0.2995688E-11    0.000000    
   0.1611351E-09    607.8791       0.1071047E+11    25448.90       0.2630009       0.1304800E-33   0.4926160E-15   0.6667007       0.6236459E-17   0.3332993       0.7864856E-13   0.3533610E-11   0.7041413E-17   0.3534058E-11    0.000000    
   0.1851476E-09    607.8791       0.1071047E+11    25448.90       0.2630011       0.1372298E-33   0.4926164E-15   0.6667007       0.6559048E-17   0.3332993       0.7864858E-13   0.4071987E-11   0.9349510E-17   0.4072428E-11    0.000000    
   0.2091602E-09    607.8791       0.1071047E+11    25448.90       0.2630012       0.1424669E-33   0.4926168E-15   0.6667007       0.6809340E-17   0.3332993       0.7864858E-13   0.4610365E-11   0.1198444E-16   0.4610799E-11    0.000000    
   0.2331727E-09    607.8791       0.1071047E+11    25448.90       0.2630014       0.1465301E-33   0.4926172E-15   0.6667007       0.7003524E-17   0.3332993       0.7864859E-13   0.5148743E-11   0.1494621E-16   0.5149169E-11    0.000000    
   0.2571852E-09    607.8791       0.1071047E+11    25448.90       0.2630015       0.1496815E-33   0.4926176E-15   0.6667007       0.7154135E-17   0.3332993       0.7864860E-13   0.5687121E-11   0.1823483E-16   0.5687540E-11    0.000000    
   0.3052103E-09    607.8791       0.1071047E+11    25448.90       0.2630017       0.1540524E-33   0.4926183E-15   0.6667007       0.7363021E-17   0.3332993       0.7864861E-13   0.6763876E-11   0.2579273E-16   0.6764281E-11    0.000000    
   0.3532354E-09    607.8791       0.1071047E+11    25448.90       0.2630019       0.1567043E-33   0.4926190E-15   0.6667007       0.7489754E-17   0.3332993       0.7864861E-13   0.7840633E-11   0.3465825E-16   0.7841022E-11    0.000000    
   0.4118794E-09    607.8791       0.1071047E+11    25448.90       0.2630022       0.1584584E-33   0.4926197E-15   0.6667007       0.7573576E-17   0.3332993       0.7864861E-13   0.9155474E-11   0.4725751E-16   0.9155845E-11    0.000000    
   0.4646591E-09    607.8791       0.1071047E+11    25448.90       0.2630024       0.1593031E-33   0.4926204E-15   0.6667007       0.7613939E-17   0.3332993       0.7864862E-13   0.1033883E-10   0.6026428E-16   0.1033919E-10    0.000000    
   0.5174387E-09    607.8791       0.1071047E+11    25448.90       0.2630026       0.1598014E-33   0.4926211E-15   0.6667007       0.7637744E-17   0.3332993       0.7864862E-13   0.1152219E-10   0.7485090E-16   0.1152253E-10    0.000000    
   0.5702184E-09    607.8791       0.1071047E+11    25448.90       0.2630028       0.1601070E-33   0.4926217E-15   0.6667007       0.7652338E-17   0.3332993       0.7864862E-13   0.1270555E-10   0.9101753E-16   0.1270587E-10    0.000000    
   0.6229980E-09    607.8791       0.1071047E+11    25448.90       0.2630030       0.1602947E-33   0.4926224E-15   0.6667007       0.7661297E-17   0.3332993       0.7864862E-13   0.1388890E-10   0.1087643E-15   0.1388921E-10    0.000000    
   0.6757777E-09    607.8791       0.1071047E+11    25448.90       0.2630032       0.1604075E-33   0.4926231E-15   0.6667007       0.7666679E-17   0.3332993       0.7864862E-13   0.1507226E-10   0.1280915E-15   0.1507255E-10    0.000000    
   0.7813369E-09    607.8791       0.1071047E+11    25448.90       0.2630036       0.1604999E-33   0.4926244E-15   0.6667007       0.7671073E-17   0.3332993       0.7864862E-13   0.1743897E-10   0.1714874E-15   0.1743923E-10    0.000000    
   0.8868962E-09    607.8791       0.1071047E+11    25448.90       0.2630040       0.1605284E-33   0.4926257E-15   0.6667007       0.7672418E-17   0.3332993       0.7864862E-13   0.1980569E-10   0.2212066E-15   0.1980591E-10    0.000000    
   0.1098015E-08    607.8791       0.1071047E+11    25448.90       0.2630048       0.1605105E-33   0.4926283E-15   0.6667007       0.7671518E-17   0.3332993       0.7864862E-13   0.2453912E-10   0.3396202E-15   0.2453927E-10    0.000000    
   0.1288021E-08    607.8791       0.1071047E+11    25448.90       0.2630055       0.1605304E-33   0.4926307E-15   0.6667007       0.7672433E-17   0.3332993       0.7864862E-13   0.2879920E-10   0.4678313E-15   0.2879930E-10    0.000000    
   0.1668035E-08    607.8791       0.1071047E+11    25448.90       0.2630069       0.1605405E-33   0.4926354E-15   0.6667007       0.7672841E-17   0.3332993       0.7864862E-13   0.3731937E-10   0.7857844E-15   0.3731935E-10    0.000000    
   0.1982342E-08    607.8791       0.1071047E+11    25448.90       0.2630081       0.1605625E-33   0.4926393E-15   0.6667007       0.7673831E-17   0.3332993       0.7864862E-13   0.4436637E-10   0.1110788E-14   0.4436626E-10    0.000000    
   0.2296650E-08    607.8791       0.1071047E+11    25448.90       0.2630092       0.1605784E-33   0.4926432E-15   0.6667007       0.7674533E-17   0.3332993       0.7864862E-13   0.5141337E-10   0.1491984E-14   0.5141316E-10    0.000000    
   0.2925265E-08    607.8791       0.1071047E+11    25448.90       0.2630116       0.1605887E-33   0.4926511E-15   0.6667007       0.7674904E-17   0.3332993       0.7864862E-13   0.6550736E-10   0.2423092E-14   0.6550696E-10    0.000000    
   0.3553880E-08    607.8791       0.1071047E+11    25448.90       0.2630140       0.1605899E-33   0.4926589E-15   0.6667007       0.7674839E-17   0.3332993       0.7864862E-13   0.7960136E-10   0.3579386E-14   0.7960076E-10    0.000000    
   0.4811111E-08    607.8791       0.1071047E+11    25448.90       0.2630187       0.1605976E-33   0.4926746E-15   0.6667007       0.7674963E-17   0.3332993       0.7864862E-13   0.1077893E-09   0.6568631E-14   0.1077884E-09    0.000000    
   0.6068341E-08    607.8791       0.1071047E+11    25448.90       0.2630234       0.1606105E-33   0.4926902E-15   0.6667007       0.7675332E-17   0.3332993       0.7864862E-13   0.1359773E-09   0.1046193E-13   0.1359760E-09    0.000000    
   0.7325571E-08    607.8791       0.1071047E+11    25448.90       0.2630282       0.1606218E-33   0.4927059E-15   0.6667007       0.7675630E-17   0.3332993       0.7864862E-13   0.1641652E-09   0.1526148E-13   0.1641636E-09    0.000000    
   0.9840031E-08    607.8791       0.1071047E+11    25448.90       0.2630378       0.1606432E-33   0.4927372E-15   0.6667007       0.7676163E-17   0.3332993       0.7864862E-13   0.2205410E-09   0.2758818E-13   0.2205388E-09    0.000000    
   0.1235449E-07    607.8791       0.1071047E+11    25448.90       0.2630474       0.1606640E-33   0.4927685E-15   0.6667007       0.7676671E-17   0.3332993       0.7864862E-13   0.2769167E-09   0.4356640E-13   0.2769140E-09    0.000000    
   0.1738341E-07    607.8791       0.1071047E+11    25448.90       0.2630668       0.1607064E-33   0.4928311E-15   0.6667007       0.7677719E-17   0.3332993       0.7864862E-13   0.3896674E-09   0.8654794E-13   0.3896645E-09    0.000000    
   0.2156993E-07    607.8791       0.1071047E+11    25448.90       0.2630832       0.1607417E-33   0.4928832E-15   0.6667007       0.7678597E-17   0.3332993       0.7864862E-13   0.4835302E-09   0.1336260E-12   0.4835278E-09    0.000000    
   0.2575644E-07    607.8791       0.1071047E+11    25448.90       0.2630997       0.1607770E-33   0.4929354E-15   0.6667007       0.7679469E-17   0.3332993       0.7864863E-13   0.5773922E-09   0.1910547E-12   0.5773911E-09    0.000000    
   0.2994295E-07    607.8791       0.1071047E+11    25448.90       0.2631165       0.1608123E-33   0.4929875E-15   0.6667007       0.7680343E-17   0.3332993       0.7864863E-13   0.6712532E-09   0.2589154E-12   0.6712544E-09    0.000000    
   0.3412946E-07    607.8791       0.1071047E+11    25448.90       0.2631333       0.1608476E-33   0.4930396E-15   0.6667007       0.7681217E-17   0.3332993       0.7864863E-13   0.7651130E-09   0.3372897E-12   0.7651178E-09    0.000000    
   0.3831598E-07    607.8791       0.1071047E+11    25448.90       0.2631504       0.1608829E-33   0.4930917E-15   0.6667007       0.7682091E-17   0.3332993       0.7864863E-13   0.8589715E-09   0.4262588E-12   0.8589811E-09    0.000000    
   0.4668900E-07    607.8791       0.1071047E+11    25448.90       0.2631850       0.1609536E-33   0.4931960E-15   0.6667007       0.7683840E-17   0.3332993       0.7864863E-13   0.1046684E-08   0.6363068E-12   0.1046708E-08    0.000000    
   0.5480608E-07    607.8791       0.1071047E+11    25448.90       0.2632192       0.1610220E-33   0.4932971E-15   0.6667007       0.7685534E-17   0.3332993       0.7864863E-13   0.1228651E-08   0.8813151E-12   0.1228696E-08    0.000000    
   0.6292316E-07    607.8791       0.1071047E+11    25448.90       0.2632540       0.1610905E-33   0.4933981E-15   0.6667007       0.7687228E-17   0.3332993       0.7864864E-13   0.1410611E-08   0.1167661E-11   0.1410684E-08    0.000000    
   0.7104024E-07    607.8791       0.1071047E+11    25448.90       0.2632895       0.1611590E-33   0.4934992E-15   0.6667007       0.7688922E-17   0.3332993       0.7864864E-13   0.1592561E-08   0.1495936E-11   0.1592673E-08    0.000000    
   0.7915732E-07    607.8791       0.1071047E+11    25448.90       0.2633255       0.1612276E-33   0.4936002E-15   0.6667007       0.7690617E-17   0.3332993       0.7864864E-13   0.1774501E-08   0.1866732E-11   0.1774661E-08    0.000000    
   0.8727439E-07    607.8791       0.1071047E+11    25448.90       0.2633623       0.1612961E-33   0.4937013E-15   0.6667007       0.7692311E-17   0.3332993       0.7864864E-13   0.1956429E-08   0.2280639E-11   0.1956649E-08    0.000000    
   0.9539147E-07    607.8791       0.1071047E+11    25448.90       0.2633996       0.1613646E-33   0.4938023E-15   0.6667007       0.7694005E-17   0.3332993       0.7864865E-13   0.2138344E-08   0.2738250E-11   0.2138638E-08    0.000000    
   0.1116256E-06    607.8791       0.1071047E+11    25448.90       0.2634763       0.1615018E-33   0.4940043E-15   0.6667007       0.7697393E-17   0.3332993       0.7864865E-13   0.2502132E-08   0.3786940E-11   0.2502614E-08    0.000000    
   0.1278598E-06    607.8791       0.1071047E+11    25448.90       0.2635554       0.1616389E-33   0.4942063E-15   0.6667007       0.7700781E-17   0.3332993       0.7864866E-13   0.2865854E-08   0.5017521E-11   0.2866591E-08    0.000000    
   0.1440939E-06    607.8791       0.1071047E+11    25448.90       0.2636371       0.1617761E-33   0.4944083E-15   0.6667007       0.7704169E-17   0.3332993       0.7864866E-13   0.3229502E-08   0.6434702E-11   0.3230568E-08    0.000000    
   0.1603281E-06    607.8791       0.1071047E+11    25448.90       0.2637213       0.1619133E-33   0.4946102E-15   0.6667007       0.7707555E-17   0.3332993       0.7864867E-13   0.3593065E-08   0.8043186E-11   0.3594545E-08    0.000000    
   0.1765623E-06    607.8791       0.1071047E+11    25448.90       0.2638080       0.1620506E-33   0.4948121E-15   0.6667007       0.7710941E-17   0.3332993       0.7864867E-13   0.3956535E-08   0.9847668E-11   0.3958522E-08    0.000000    
   0.2090306E-06    607.8791       0.1071047E+11    25448.90       0.2639889       0.1623251E-33   0.4952156E-15   0.6667007       0.7717711E-17   0.3332993       0.7864868E-13   0.4683156E-08   0.1406336E-10   0.4686477E-08    0.000000    
   0.2414989E-06    607.8792       0.1071047E+11    25448.90       0.2641799       0.1625998E-33   0.4956189E-15   0.6667007       0.7724477E-17   0.3332993       0.7864869E-13   0.5409288E-08   0.1911914E-10   0.5414431E-08    0.000000    
   0.2739672E-06    607.8792       0.1071047E+11    25448.90       0.2643809       0.1628744E-33   0.4960219E-15   0.6667007       0.7731238E-17   0.3332993       0.7864870E-13   0.6134856E-08   0.2505223E-10   0.6142386E-08    0.000000    
   0.3064355E-06    607.8792       0.1071047E+11    25448.90       0.2645917       0.1631491E-33   0.4964245E-15   0.6667007       0.7737995E-17   0.3332993       0.7864871E-13   0.6859787E-08   0.3189966E-10   0.6870342E-08    0.000000    
   0.3389038E-06    607.8792       0.1071047E+11    25448.90       0.2648125       0.1634237E-33   0.4968267E-15   0.6667007       0.7744745E-17   0.3332993       0.7864872E-13   0.7584004E-08   0.3969825E-10   0.7598297E-08    0.000000    
   0.3713721E-06    607.8792       0.1071047E+11    25448.90       0.2650431       0.1636983E-33   0.4972285E-15   0.6667007       0.7751489E-17   0.3332993       0.7864873E-13   0.8307433E-08   0.4848463E-10   0.8326253E-08    0.000000    
   0.4038405E-06    607.8792       0.1071047E+11    25448.90       0.2652834       0.1639728E-33   0.4976298E-15   0.6667007       0.7758226E-17   0.3332993       0.7864874E-13   0.9030000E-08   0.5829521E-10   0.9054209E-08    0.000000    
   0.4363088E-06    607.8792       0.1071047E+11    25448.90       0.2655335       0.1642472E-33   0.4980306E-15   0.6667007       0.7764954E-17   0.3332993       0.7864875E-13   0.9751632E-08   0.6916614E-10   0.9782166E-08    0.000000    
   0.4687771E-06    607.8792       0.1071047E+11    25448.90       0.2657931       0.1645215E-33   0.4984308E-15   0.6667007       0.7771674E-17   0.3332993       0.7864876E-13   0.1047225E-07   0.8113334E-10   0.1051012E-07    0.000000    
   0.5012454E-06    607.8792       0.1071047E+11    25448.90       0.2660624       0.1647956E-33   0.4988304E-15   0.6667007       0.7778385E-17   0.3332993       0.7864877E-13   0.1119179E-07   0.9423245E-10   0.1123808E-07    0.000000    
   0.5337137E-06    607.8792       0.1071047E+11    25448.90       0.2663411       0.1650695E-33   0.4992294E-15   0.6667007       0.7785086E-17   0.3332993       0.7864878E-13   0.1191018E-07   0.1084988E-09   0.1196604E-07    0.000000    
   0.5661820E-06    607.8792       0.1071047E+11    25448.90       0.2666293       0.1653432E-33   0.4996277E-15   0.6667007       0.7791776E-17   0.3332993       0.7864879E-13   0.1262734E-07   0.1239675E-09   0.1269399E-07    0.000000    
   0.5986503E-06    607.8792       0.1071047E+11    25448.90       0.2669268       0.1656166E-33   0.5000253E-15   0.6667007       0.7798455E-17   0.3332993       0.7864880E-13   0.1334320E-07   0.1406733E-09   0.1342195E-07    0.000000    
   0.6311187E-06    607.8792       0.1071047E+11    25448.90       0.2672336       0.1658897E-33   0.5004221E-15   0.6667007       0.7805122E-17   0.3332993       0.7864881E-13   0.1405769E-07   0.1586506E-09   0.1414991E-07    0.000000    
   0.6635870E-06    607.8793       0.1071047E+11    25448.90       0.2675495       0.1661626E-33   0.5008182E-15   0.6667007       0.7811776E-17   0.3332993       0.7864882E-13   0.1477074E-07   0.1779335E-09   0.1487787E-07    0.000000    
   0.6960553E-06    607.8793       0.1071047E+11    25448.90       0.2678745       0.1664350E-33   0.5012133E-15   0.6667007       0.7818416E-17   0.3332993       0.7864883E-13   0.1548228E-07   0.1985558E-09   0.1560583E-07    0.000000    
   0.7609919E-06    607.8793       0.1071047E+11    25448.90       0.2685513       0.1669789E-33   0.5020010E-15   0.6667007       0.7831655E-17   0.3332993       0.7864885E-13   0.1690056E-07   0.2439515E-09   0.1706175E-07    0.000000    
   0.8194349E-06    607.8793       0.1071047E+11    25448.90       0.2691904       0.1674669E-33   0.5027067E-15   0.6667007       0.7843518E-17   0.3332993       0.7864887E-13   0.1817116E-07   0.2897192E-09   0.1837207E-07    0.000000    
   0.8778778E-06    607.8793       0.1071047E+11    25448.90       0.2698574       0.1679535E-33   0.5034091E-15   0.6667007       0.7855328E-17   0.3332993       0.7864889E-13   0.1943581E-07   0.3403338E-09   0.1968240E-07    0.000000    
   0.9363208E-06    607.8793       0.1071047E+11    25448.90       0.2705515       0.1684383E-33   0.5041080E-15   0.6667006       0.7867081E-17   0.3332993       0.7864891E-13   0.2069412E-07   0.3959779E-09   0.2099273E-07    0.000000    
   0.9947638E-06    607.8793       0.1071047E+11    25448.90       0.2712722       0.1689213E-33   0.5048032E-15   0.6667006       0.7878774E-17   0.3332993       0.7864893E-13   0.2194573E-07   0.4568295E-09   0.2230306E-07    0.000000    
   0.1053207E-05    607.8793       0.1071047E+11    25448.90       0.2720186       0.1694023E-33   0.5054944E-15   0.6667006       0.7890403E-17   0.3332993       0.7864895E-13   0.2319026E-07   0.5230617E-09   0.2361340E-07    0.000000    
   0.1111650E-05    607.8794       0.1071047E+11    25448.90       0.2727900       0.1698811E-33   0.5061815E-15   0.6667006       0.7901965E-17   0.3332993       0.7864897E-13   0.2442736E-07   0.5948427E-09   0.2492373E-07    0.000000    
   0.1170093E-05    607.8794       0.1071047E+11    25448.90       0.2735858       0.1703577E-33   0.5068643E-15   0.6667006       0.7913457E-17   0.3332993       0.7864899E-13   0.2565668E-07   0.6723354E-09   0.2623406E-07    0.000000    
   0.1228536E-05    607.8794       0.1071047E+11    25448.90       0.2744050       0.1708318E-33   0.5075426E-15   0.6667006       0.7924875E-17   0.3332993       0.7864901E-13   0.2687788E-07   0.7556976E-09   0.2754440E-07    0.000000    
   0.1286979E-05    607.8794       0.1071047E+11    25448.90       0.2752470       0.1713034E-33   0.5082162E-15   0.6667006       0.7936216E-17   0.3332993       0.7864903E-13   0.2809064E-07   0.8450815E-09   0.2885473E-07    0.000000    
   0.1345422E-05    607.8794       0.1071047E+11    25448.90       0.2761108       0.1717722E-33   0.5088849E-15   0.6667006       0.7947478E-17   0.3332993       0.7864906E-13   0.2929462E-07   0.9406337E-09   0.3016507E-07    0.000000    
   0.1403865E-05    607.8794       0.1071047E+11    25448.90       0.2769956       0.1722382E-33   0.5095486E-15   0.6667006       0.7958657E-17   0.3332993       0.7864908E-13   0.3048953E-07   0.1042495E-08   0.3147541E-07    0.000000    
   0.1462307E-05    607.8794       0.1071047E+11    25448.90       0.2779007       0.1727012E-33   0.5102071E-15   0.6667006       0.7969750E-17   0.3332993       0.7864910E-13   0.3167507E-07   0.1150801E-08   0.3278575E-07    0.000000    
   0.1520750E-05    607.8795       0.1071047E+11    25448.90       0.2788250       0.1731610E-33   0.5108602E-15   0.6667006       0.7980755E-17   0.3332993       0.7864912E-13   0.3285095E-07   0.1265681E-08   0.3409609E-07    0.000000    
   0.1579193E-05    607.8795       0.1071047E+11    25448.90       0.2797678       0.1736177E-33   0.5115078E-15   0.6667006       0.7991669E-17   0.3332993       0.7864915E-13   0.3401689E-07   0.1387258E-08   0.3540643E-07    0.000000    
   0.1637636E-05    607.8795       0.1071047E+11    25448.90       0.2807281       0.1740710E-33   0.5121498E-15   0.6667006       0.8002490E-17   0.3332993       0.7864917E-13   0.3517263E-07   0.1515649E-08   0.3671677E-07    0.000000    
   0.1696079E-05    607.8795       0.1071047E+11    25448.90       0.2817051       0.1745208E-33   0.5127859E-15   0.6667006       0.8013215E-17   0.3332993       0.7864920E-13   0.3631793E-07   0.1650965E-08   0.3802711E-07    0.000000    
   0.1754522E-05    607.8795       0.1071048E+11    25448.90       0.2826977       0.1749670E-33   0.5134161E-15   0.6667006       0.8023842E-17   0.3332993       0.7864922E-13   0.3745252E-07   0.1793311E-08   0.3933746E-07    0.000000    
   0.1812965E-05    607.8795       0.1071048E+11    25448.90       0.2837053       0.1754096E-33   0.5140403E-15   0.6667006       0.8034369E-17   0.3332993       0.7864925E-13   0.3857620E-07   0.1942787E-08   0.4064780E-07    0.000000    
   0.1871408E-05    607.8796       0.1071048E+11    25448.90       0.2847267       0.1758484E-33   0.5146583E-15   0.6667006       0.8044793E-17   0.3332993       0.7864927E-13   0.3968874E-07   0.2099484E-08   0.4195815E-07    0.000000    
   0.1929851E-05    607.8796       0.1071048E+11    25448.90       0.2857612       0.1762832E-33   0.5152700E-15   0.6667006       0.8055112E-17   0.3332993       0.7864930E-13   0.4078993E-07   0.2263489E-08   0.4326850E-07    0.000000    
   0.1988294E-05    607.8796       0.1071048E+11    25448.90       0.2868077       0.1767141E-33   0.5158752E-15   0.6667006       0.8065326E-17   0.3332993       0.7864932E-13   0.4187958E-07   0.2434882E-08   0.4457884E-07    0.000000    
   0.2046737E-05    607.8796       0.1071048E+11    25448.90       0.2878655       0.1771409E-33   0.5164740E-15   0.6667006       0.8075431E-17   0.3332993       0.7864935E-13   0.4295750E-07   0.2613738E-08   0.4588919E-07    0.000000    
   0.2105180E-05    607.8796       0.1071048E+11    25448.90       0.2889335       0.1775636E-33   0.5170662E-15   0.6667006       0.8085427E-17   0.3332993       0.7864938E-13   0.4402353E-07   0.2800124E-08   0.4719954E-07    0.000000    
   0.2163623E-05    607.8796       0.1071048E+11    25448.90       0.2900109       0.1779820E-33   0.5176517E-15   0.6667006       0.8095311E-17   0.3332993       0.7864941E-13   0.4507751E-07   0.2994102E-08   0.4850989E-07    0.000000    
   0.2222066E-05    607.8796       0.1071048E+11    25448.90       0.2910969       0.1783960E-33   0.5182304E-15   0.6667006       0.8105083E-17   0.3332993       0.7864944E-13   0.4611929E-07   0.3195728E-08   0.4982025E-07    0.000000    
   0.2280509E-05    607.8797       0.1071048E+11    25448.90       0.2921905       0.1788057E-33   0.5188022E-15   0.6667006       0.8114741E-17   0.3332993       0.7864946E-13   0.4714874E-07   0.3405052E-08   0.5113060E-07    0.000000    
   0.2338952E-05    607.8797       0.1071048E+11    25448.90       0.2932908       0.1792110E-33   0.5193672E-15   0.6667006       0.8124284E-17   0.3332993       0.7864949E-13   0.4816572E-07   0.3622117E-08   0.5244095E-07    0.000000    
   0.2397395E-05    607.8797       0.1071048E+11    25448.90       0.2943971       0.1796117E-33   0.5199252E-15   0.6667006       0.8133710E-17   0.3332993       0.7864952E-13   0.4917013E-07   0.3846962E-08   0.5375131E-07    0.000000    
   0.2455838E-05    607.8797       0.1071048E+11    25448.90       0.2955084       0.1800078E-33   0.5204761E-15   0.6667006       0.8143019E-17   0.3332993       0.7864955E-13   0.5016187E-07   0.4079619E-08   0.5506167E-07    0.000000    
   0.2514281E-05    607.8797       0.1071048E+11    25448.90       0.2966240       0.1803993E-33   0.5210200E-15   0.6667006       0.8152209E-17   0.3332993       0.7864959E-13   0.5114084E-07   0.4320114E-08   0.5637202E-07    0.000000    
   0.2572724E-05    607.8797       0.1071048E+11    25448.90       0.2977429       0.1807861E-33   0.5215567E-15   0.6667006       0.8161281E-17   0.3332993       0.7864962E-13   0.5210696E-07   0.4568468E-08   0.5768238E-07    0.000000    
   0.2631167E-05    607.8797       0.1071048E+11    25448.90       0.2988645       0.1811682E-33   0.5220863E-15   0.6667006       0.8170232E-17   0.3332993       0.7864965E-13   0.5306017E-07   0.4824698E-08   0.5899274E-07    0.000000    
   0.2748053E-05    607.8798       0.1071048E+11    25448.90       0.3011125       0.1819180E-33   0.5231237E-15   0.6667006       0.8187774E-17   0.3332993       0.7864972E-13   0.5492762E-07   0.5360820E-08   0.6161347E-07    0.000000    
   0.2853250E-05    607.8798       0.1071048E+11    25448.90       0.3031370       0.1825763E-33   0.5240327E-15   0.6667006       0.8203147E-17   0.3332993       0.7864978E-13   0.5656366E-07   0.5870312E-08   0.6397212E-07    0.000000    
   0.2954607E-05    607.8798       0.1071048E+11    25448.90       0.3050848       0.1831956E-33   0.5248862E-15   0.6667006       0.8217585E-17   0.3332993       0.7864984E-13   0.5809982E-07   0.6385348E-08   0.6624467E-07    0.000000    
   0.3055964E-05    607.8799       0.1071048E+11    25448.90       0.3070262       0.1838000E-33   0.5257178E-15   0.6667006       0.8231656E-17   0.3332993       0.7864990E-13   0.5959652E-07   0.6923999E-08   0.6851723E-07    0.000000    
   0.3157321E-05    607.8799       0.1071048E+11    25448.90       0.3089578       0.1843896E-33   0.5265275E-15   0.6667006       0.8245361E-17   0.3332993       0.7864996E-13   0.6105380E-07   0.7486146E-08   0.7078979E-07    0.000000    
   0.3258678E-05    607.8799       0.1071048E+11    25448.90       0.3108764       0.1849643E-33   0.5273154E-15   0.6667006       0.8258699E-17   0.3332993       0.7865003E-13   0.6247177E-07   0.8071631E-08   0.7306235E-07    0.000000    
   0.3360035E-05    607.8799       0.1071048E+11    25448.90       0.3127792       0.1855241E-33   0.5280816E-15   0.6667006       0.8271672E-17   0.3332992       0.7865009E-13   0.6385061E-07   0.8680262E-08   0.7533491E-07    0.000000    
   0.3461392E-05    607.8800       0.1071048E+11    25448.90       0.3146634       0.1860690E-33   0.5288262E-15   0.6667006       0.8284283E-17   0.3332992       0.7865016E-13   0.6519057E-07   0.9311813E-08   0.7760748E-07    0.000000    
   0.3562749E-05    607.8800       0.1071048E+11    25448.90       0.3165264       0.1865990E-33   0.5295494E-15   0.6667006       0.8296533E-17   0.3332992       0.7865023E-13   0.6649198E-07   0.9966028E-08   0.7988005E-07    0.000000    
   0.3664106E-05    607.8800       0.1071048E+11    25448.90       0.3183659       0.1871143E-33   0.5302514E-15   0.6667006       0.8308428E-17   0.3332992       0.7865030E-13   0.6775520E-07   0.1064262E-07   0.8215263E-07    0.000000    
   0.3866820E-05    607.8801       0.1071048E+11    25448.90       0.3219659       0.1881011E-33   0.5315928E-15   0.6667006       0.8331162E-17   0.3332992       0.7865045E-13   0.7016883E-07   0.1206168E-07   0.8669779E-07    0.000000    
   0.4045687E-05    607.8801       0.1071049E+11    25448.90       0.3250454       0.1889240E-33   0.5327086E-15   0.6667006       0.8350079E-17   0.3332992       0.7865058E-13   0.7217631E-07   0.1338490E-07   0.9070829E-07    0.000000    
   0.4224554E-05    607.8802       0.1071049E+11    25448.90       0.3280254       0.1897031E-33   0.5337626E-15   0.6667006       0.8367955E-17   0.3332992       0.7865072E-13   0.7407248E-07   0.1477260E-07   0.9471880E-07    0.000000    
   0.4385535E-05    607.8802       0.1071049E+11    25448.90       0.3306168       0.1903678E-33   0.5346600E-15   0.6667006       0.8383178E-17   0.3332992       0.7865085E-13   0.7568675E-07   0.1607481E-07   0.9832826E-07    0.000000    
   0.4546516E-05    607.8803       0.1071049E+11    25448.90       0.3331187       0.1909989E-33   0.5355104E-15   0.6667006       0.8397609E-17   0.3332992       0.7865098E-13   0.7721641E-07   0.1742572E-07   0.1019377E-06    0.000000    
   0.4707496E-05    607.8803       0.1071049E+11    25448.90       0.3355283       0.1915974E-33   0.5363155E-15   0.6667006       0.8411273E-17   0.3332992       0.7865112E-13   0.7866432E-07   0.1882357E-07   0.1055472E-06    0.000000    
   0.4868477E-05    607.8804       0.1071049E+11    25448.90       0.3378439       0.1921643E-33   0.5370768E-15   0.6667006       0.8424198E-17   0.3332992       0.7865125E-13   0.8003344E-07   0.2026654E-07   0.1091567E-06    0.000000    
   0.5029458E-05    607.8804       0.1071049E+11    25448.90       0.3400645       0.1927007E-33   0.5377961E-15   0.6667006       0.8436411E-17   0.3332992       0.7865139E-13   0.8132680E-07   0.2175281E-07   0.1127662E-06    0.000000    
   0.5190438E-05    607.8805       0.1071049E+11    25448.90       0.3421898       0.1932078E-33   0.5384750E-15   0.6667006       0.8447942E-17   0.3332992       0.7865154E-13   0.8254746E-07   0.2328055E-07   0.1163757E-06    0.000000    
   0.5351419E-05    607.8805       0.1071049E+11    25448.90       0.3442202       0.1936867E-33   0.5391154E-15   0.6667006       0.8458819E-17   0.3332992       0.7865168E-13   0.8369851E-07   0.2484792E-07   0.1199853E-06    0.000000    
   0.5512400E-05    607.8806       0.1071049E+11    25448.90       0.3461565       0.1941385E-33   0.5397187E-15   0.6667006       0.8469071E-17   0.3332992       0.7865183E-13   0.8478303E-07   0.2645311E-07   0.1235948E-06    0.000000    
   0.5673380E-05    607.8806       0.1071049E+11    25448.90       0.3480002       0.1945646E-33   0.5402869E-15   0.6667006       0.8478725E-17   0.3332992       0.7865198E-13   0.8580408E-07   0.2809431E-07   0.1272043E-06    0.000000    
   0.5834361E-05    607.8807       0.1071049E+11    25448.90       0.3497532       0.1949659E-33   0.5408215E-15   0.6667006       0.8487812E-17   0.3332992       0.7865214E-13   0.8676468E-07   0.2976978E-07   0.1308139E-06    0.000000    
   0.5995342E-05    607.8807       0.1071050E+11    25448.90       0.3514174       0.1953436E-33   0.5413242E-15   0.6667006       0.8496357E-17   0.3332992       0.7865229E-13   0.8766778E-07   0.3147779E-07   0.1344234E-06    0.000000    
   0.6156322E-05    607.8808       0.1071050E+11    25448.90       0.3529953       0.1956990E-33   0.5417966E-15   0.6667005       0.8504388E-17   0.3332992       0.7865245E-13   0.8851629E-07   0.3321666E-07   0.1380330E-06    0.000000    
   0.6317303E-05    607.8808       0.1071050E+11    25448.90       0.3544896       0.1960331E-33   0.5422403E-15   0.6667005       0.8511932E-17   0.3332992       0.7865261E-13   0.8931303E-07   0.3498477E-07   0.1416426E-06    0.000000    
   0.6478284E-05    607.8809       0.1071050E+11    25448.90       0.3559030       0.1963470E-33   0.5426567E-15   0.6667005       0.8519014E-17   0.3332992       0.7865277E-13   0.9006072E-07   0.3678055E-07   0.1452522E-06    0.000000    
   0.6639264E-05    607.8809       0.1071050E+11    25448.90       0.3572386       0.1966417E-33   0.5430474E-15   0.6667005       0.8525659E-17   0.3332992       0.7865294E-13   0.9076201E-07   0.3860248E-07   0.1488618E-06    0.000000    
   0.6800245E-05    607.8810       0.1071050E+11    25448.90       0.3584993       0.1969183E-33   0.5434138E-15   0.6667005       0.8531891E-17   0.3332992       0.7865310E-13   0.9141947E-07   0.4044909E-07   0.1524714E-06    0.000000    
   0.6961226E-05    607.8810       0.1071050E+11    25448.90       0.3596882       0.1971777E-33   0.5437572E-15   0.6667005       0.8537733E-17   0.3332992       0.7865327E-13   0.9203553E-07   0.4231900E-07   0.1560810E-06    0.000000    
   0.7122206E-05    607.8811       0.1071050E+11    25448.90       0.3608084       0.1974210E-33   0.5440789E-15   0.6667005       0.8543207E-17   0.3332992       0.7865344E-13   0.9261256E-07   0.4421085E-07   0.1596906E-06    0.000000    
   0.7283187E-05    607.8811       0.1071050E+11    25448.90       0.3618630       0.1976489E-33   0.5443802E-15   0.6667005       0.8548334E-17   0.3332992       0.7865361E-13   0.9315280E-07   0.4612338E-07   0.1633003E-06    0.000000    
   0.7444168E-05    607.8812       0.1071050E+11    25448.90       0.3628552       0.1978625E-33   0.5446623E-15   0.6667005       0.8553134E-17   0.3332992       0.7865378E-13   0.9365841E-07   0.4805535E-07   0.1669099E-06    0.000000    
   0.7605148E-05    607.8812       0.1071050E+11    25448.90       0.3637879       0.1980625E-33   0.5449263E-15   0.6667005       0.8557627E-17   0.3332992       0.7865395E-13   0.9413143E-07   0.5000561E-07   0.1705196E-06    0.000000    
   0.7766129E-05    607.8813       0.1071050E+11    25448.90       0.3646642       0.1982497E-33   0.5451733E-15   0.6667005       0.8561832E-17   0.3332992       0.7865412E-13   0.9457382E-07   0.5197305E-07   0.1741292E-06    0.000000    
   0.7927110E-05    607.8813       0.1071051E+11    25448.90       0.3654869       0.1984249E-33   0.5454043E-15   0.6667005       0.8565764E-17   0.3332992       0.7865430E-13   0.9498744E-07   0.5395663E-07   0.1777389E-06    0.000000    
   0.8088090E-05    607.8814       0.1071051E+11    25448.90       0.3662589       0.1985888E-33   0.5456203E-15   0.6667005       0.8569442E-17   0.3332992       0.7865447E-13   0.9537403E-07   0.5595535E-07   0.1813486E-06    0.000000    
   0.8249071E-05    607.8814       0.1071051E+11    25448.90       0.3669829       0.1987421E-33   0.5458223E-15   0.6667005       0.8572881E-17   0.3332992       0.7865465E-13   0.9573528E-07   0.5796827E-07   0.1849583E-06    0.000000    
   0.8410052E-05    607.8815       0.1071051E+11    25448.90       0.3676616       0.1988855E-33   0.5460110E-15   0.6667005       0.8576095E-17   0.3332992       0.7865483E-13   0.9607274E-07   0.5999450E-07   0.1885680E-06    0.000000    
   0.8571032E-05    607.8815       0.1071051E+11    25448.90       0.3682975       0.1990195E-33   0.5461874E-15   0.6667005       0.8579099E-17   0.3332991       0.7865501E-13   0.9638792E-07   0.6203321E-07   0.1921777E-06    0.000000    
   0.8732013E-05    607.8816       0.1071051E+11    25448.90       0.3688930       0.1991448E-33   0.5463522E-15   0.6667005       0.8581906E-17   0.3332991       0.7865518E-13   0.9668223E-07   0.6408361E-07   0.1957874E-06    0.000000    
   0.8892994E-05    607.8816       0.1071051E+11    25448.90       0.3694505       0.1992619E-33   0.5465062E-15   0.6667005       0.8584528E-17   0.3332991       0.7865536E-13   0.9695697E-07   0.6614494E-07   0.1993972E-06    0.000000    
   0.9214955E-05    607.8818       0.1071051E+11    25448.90       0.3704603       0.1994735E-33   0.5467843E-15   0.6667005       0.8589265E-17   0.3332991       0.7865573E-13   0.9745273E-07   0.7029767E-07   0.2066167E-06    0.000000    
   0.9536916E-05    607.8819       0.1071051E+11    25448.90       0.3713434       0.1996581E-33   0.5470268E-15   0.6667005       0.8593396E-17   0.3332991       0.7865609E-13   0.9788434E-07   0.7448625E-07   0.2138362E-06    0.000000    
   0.9858878E-05    607.8820       0.1071052E+11    25448.90       0.3721149       0.1998192E-33   0.5472381E-15   0.6667005       0.8596998E-17   0.3332991       0.7865646E-13   0.9825987E-07   0.7870617E-07   0.2210558E-06    0.000000    
   0.1018084E-04    607.8821       0.1071052E+11    25448.90       0.3727882       0.1999596E-33   0.5474223E-15   0.6667005       0.8600137E-17   0.3332991       0.7865683E-13   0.9858644E-07   0.8295345E-07   0.2282754E-06    0.000000    
   0.1050280E-04    607.8822       0.1071052E+11    25448.90       0.3733753       0.2000820E-33   0.5475828E-15   0.6667005       0.8602873E-17   0.3332991       0.7865720E-13   0.9887031E-07   0.8722458E-07   0.2354951E-06    0.000000    
   0.1082476E-04    607.8823       0.1071052E+11    25448.90       0.3738869       0.2001888E-33   0.5477226E-15   0.6667005       0.8605257E-17   0.3332991       0.7865757E-13   0.9911697E-07   0.9151650E-07   0.2427148E-06    0.000000    
   0.1114672E-04    607.8824       0.1071052E+11    25448.90       0.3743325       0.2002818E-33   0.5478444E-15   0.6667005       0.8607335E-17   0.3332991       0.7865794E-13   0.9933121E-07   0.9582651E-07   0.2499345E-06    0.000000    
   0.1146868E-04    607.8825       0.1071052E+11    25448.90       0.3747202       0.2003630E-33   0.5479506E-15   0.6667004       0.8609147E-17   0.3332991       0.7865832E-13   0.9951726E-07   0.1001523E-06   0.2571543E-06    0.000000    
   0.1179065E-04    607.8826       0.1071053E+11    25448.90       0.3750576       0.2004338E-33   0.5480432E-15   0.6667004       0.8610727E-17   0.3332991       0.7865869E-13   0.9967878E-07   0.1044917E-06   0.2643741E-06    0.000000    
   0.1211261E-04    607.8827       0.1071053E+11    25448.90       0.3753511       0.2004956E-33   0.5481239E-15   0.6667004       0.8612105E-17   0.3332991       0.7865907E-13   0.9981898E-07   0.1088431E-06   0.2715940E-06    0.000000    
   0.1243457E-04    607.8828       0.1071053E+11    25448.90       0.3756063       0.2005496E-33   0.5481944E-15   0.6667004       0.8613309E-17   0.3332991       0.7865944E-13   0.9994065E-07   0.1132048E-06   0.2788139E-06    0.000000    
   0.1275653E-04    607.8829       0.1071053E+11    25448.90       0.3758281       0.2005968E-33   0.5482559E-15   0.6667004       0.8614360E-17   0.3332991       0.7865982E-13   0.1000462E-06   0.1175755E-06   0.2860339E-06    0.000000    
   0.1307849E-04    607.8830       0.1071053E+11    25448.90       0.3760210       0.2006381E-33   0.5483096E-15   0.6667004       0.8615279E-17   0.3332991       0.7866020E-13   0.1001379E-06   0.1219540E-06   0.2932539E-06    0.000000    
   0.1340045E-04    607.8831       0.1071054E+11    25448.90       0.3761886       0.2006742E-33   0.5483567E-15   0.6667004       0.8616084E-17   0.3332991       0.7866058E-13   0.1002173E-06   0.1263393E-06   0.3004739E-06    0.000000    
   0.1372241E-04    607.8832       0.1071054E+11    25448.90       0.3763344       0.2007059E-33   0.5483979E-15   0.6667004       0.8616789E-17   0.3332991       0.7866095E-13   0.1002863E-06   0.1307305E-06   0.3076939E-06    0.000000    
   0.1404437E-04    607.8833       0.1071054E+11    25448.90       0.3764611       0.2007338E-33   0.5484340E-15   0.6667004       0.8617408E-17   0.3332991       0.7866133E-13   0.1003461E-06   0.1351268E-06   0.3149141E-06    0.000000    
   0.1436634E-04    607.8834       0.1071054E+11    25448.90       0.3765712       0.2007582E-33   0.5484657E-15   0.6667004       0.8617952E-17   0.3332990       0.7866171E-13   0.1003980E-06   0.1395276E-06   0.3221342E-06    0.000000    
   0.1468830E-04    607.8836       0.1071054E+11    25448.90       0.3766671       0.2007798E-33   0.5484936E-15   0.6667004       0.8618431E-17   0.3332990       0.7866209E-13   0.1004431E-06   0.1439322E-06   0.3293544E-06    0.000000    
   0.1501026E-04    607.8837       0.1071054E+11    25448.90       0.3767504       0.2007989E-33   0.5485182E-15   0.6667004       0.8618853E-17   0.3332990       0.7866247E-13   0.1004821E-06   0.1483401E-06   0.3365746E-06    0.000000    
   0.1533222E-04    607.8838       0.1071055E+11    25448.90       0.3768230       0.2008157E-33   0.5485400E-15   0.6667004       0.8619227E-17   0.3332990       0.7866285E-13   0.1005161E-06   0.1527509E-06   0.3437949E-06    0.000000    
   0.1565418E-04    607.8839       0.1071055E+11    25448.90       0.3768862       0.2008307E-33   0.5485592E-15   0.6667004       0.8619559E-17   0.3332990       0.7866323E-13   0.1005455E-06   0.1571643E-06   0.3510152E-06    0.000000    
   0.1597614E-04    607.8840       0.1071055E+11    25448.90       0.3769412       0.2008440E-33   0.5485763E-15   0.6667004       0.8619853E-17   0.3332990       0.7866361E-13   0.1005710E-06   0.1615798E-06   0.3582356E-06    0.000000    
   0.1629810E-04    607.8841       0.1071055E+11    25448.90       0.3769892       0.2008559E-33   0.5485916E-15   0.6667004       0.8620116E-17   0.3332990       0.7866399E-13   0.1005932E-06   0.1659973E-06   0.3654560E-06    0.000000    
   0.1662007E-04    607.8842       0.1071055E+11    25448.90       0.3770311       0.2008666E-33   0.5486052E-15   0.6667003       0.8620352E-17   0.3332990       0.7866437E-13   0.1006125E-06   0.1704164E-06   0.3726764E-06    0.000000    
   0.1694203E-04    607.8843       0.1071056E+11    25448.90       0.3770676       0.2008761E-33   0.5486174E-15   0.6667003       0.8620563E-17   0.3332990       0.7866475E-13   0.1006292E-06   0.1748369E-06   0.3798969E-06    0.000000    
   0.1726399E-04    607.8844       0.1071056E+11    25448.90       0.3770996       0.2008848E-33   0.5486284E-15   0.6667003       0.8620754E-17   0.3332990       0.7866513E-13   0.1006437E-06   0.1792587E-06   0.3871174E-06    0.000000    
   0.1758595E-04    607.8845       0.1071056E+11    25448.90       0.3771276       0.2008927E-33   0.5486383E-15   0.6667003       0.8620927E-17   0.3332990       0.7866552E-13   0.1006564E-06   0.1836815E-06   0.3943379E-06    0.000000    
   0.1790791E-04    607.8846       0.1071056E+11    25448.90       0.3771521       0.2008998E-33   0.5486473E-15   0.6667003       0.8621084E-17   0.3332990       0.7866590E-13   0.1006674E-06   0.1881053E-06   0.4015585E-06    0.000000    
   0.1822987E-04    607.8847       0.1071056E+11    25448.90       0.3771736       0.2009064E-33   0.5486555E-15   0.6667003       0.8621227E-17   0.3332990       0.7866628E-13   0.1006769E-06   0.1925299E-06   0.4087792E-06    0.000000    
   0.1855183E-04    607.8848       0.1071056E+11    25448.90       0.3771926       0.2009124E-33   0.5486631E-15   0.6667003       0.8621359E-17   0.3332990       0.7866666E-13   0.1006852E-06   0.1969553E-06   0.4159998E-06    0.000000    
   0.1887379E-04    607.8849       0.1071057E+11    25448.90       0.3772092       0.2009180E-33   0.5486700E-15   0.6667003       0.8621481E-17   0.3332990       0.7866704E-13   0.1006925E-06   0.2013812E-06   0.4232206E-06    0.000000    
   0.1919576E-04    607.8850       0.1071057E+11    25448.90       0.3772240       0.2009232E-33   0.5486764E-15   0.6667003       0.8621594E-17   0.3332990       0.7866742E-13   0.1006988E-06   0.2058077E-06   0.4304413E-06    0.000000    
   0.1951772E-04    607.8852       0.1071057E+11    25448.90       0.3772370       0.2009280E-33   0.5486824E-15   0.6667003       0.8621700E-17   0.3332990       0.7866780E-13   0.1007043E-06   0.2102347E-06   0.4376621E-06    0.000000    
   0.1983968E-04    607.8853       0.1071057E+11    25448.90       0.3772486       0.2009326E-33   0.5486880E-15   0.6667003       0.8621799E-17   0.3332990       0.7866818E-13   0.1007092E-06   0.2146621E-06   0.4448830E-06    0.000000    
   0.2016164E-04    607.8854       0.1071057E+11    25448.90       0.3772589       0.2009368E-33   0.5486933E-15   0.6667003       0.8621892E-17   0.3332990       0.7866856E-13   0.1007134E-06   0.2190899E-06   0.4521038E-06    0.000000    
   0.2048360E-04    607.8855       0.1071057E+11    25448.90       0.3772681       0.2009409E-33   0.5486982E-15   0.6667003       0.8621980E-17   0.3332989       0.7866894E-13   0.1007171E-06   0.2235179E-06   0.4593248E-06    0.000000    
   0.2080556E-04    607.8856       0.1071058E+11    25448.90       0.3772763       0.2009448E-33   0.5487030E-15   0.6667003       0.8622064E-17   0.3332989       0.7866933E-13   0.1007203E-06   0.2279463E-06   0.4665457E-06    0.000000    
   0.2112752E-04    607.8857       0.1071058E+11    25448.90       0.3772837       0.2009485E-33   0.5487075E-15   0.6667003       0.8622144E-17   0.3332989       0.7866971E-13   0.1007232E-06   0.2323749E-06   0.4737667E-06    0.000000    
   0.2144949E-04    607.8858       0.1071058E+11    25448.90       0.3772904       0.2009521E-33   0.5487118E-15   0.6667003       0.8622221E-17   0.3332989       0.7867009E-13   0.1007257E-06   0.2368037E-06   0.4809878E-06    0.000000    
   0.2177145E-04    607.8859       0.1071058E+11    25448.90       0.3772965       0.2009555E-33   0.5487159E-15   0.6667002       0.8622295E-17   0.3332989       0.7867047E-13   0.1007279E-06   0.2412327E-06   0.4882089E-06    0.000000    
   0.2209341E-04    607.8860       0.1071058E+11    25448.90       0.3773021       0.2009588E-33   0.5487199E-15   0.6667002       0.8622367E-17   0.3332989       0.7867085E-13   0.1007298E-06   0.2456618E-06   0.4954300E-06    0.000000    
   0.2273733E-04    607.8862       0.1071059E+11    25448.90       0.3773118       0.2009652E-33   0.5487276E-15   0.6667002       0.8622505E-17   0.3332989       0.7867161E-13   0.1007331E-06   0.2545206E-06   0.5098724E-06    0.000000    
   0.2331686E-04    607.8864       0.1071059E+11    25448.90       0.3773194       0.2009707E-33   0.5487341E-15   0.6667002       0.8622623E-17   0.3332989       0.7867230E-13   0.1007355E-06   0.2624939E-06   0.5228706E-06    0.000000    
   0.2387458E-04    607.8866       0.1071059E+11    25448.90       0.3773259       0.2009759E-33   0.5487402E-15   0.6667002       0.8622733E-17   0.3332989       0.7867296E-13   0.1007373E-06   0.2701673E-06   0.5353798E-06    0.000000    
   0.2443230E-04    607.8868       0.1071060E+11    25448.90       0.3773317       0.2009809E-33   0.5487462E-15   0.6667002       0.8622840E-17   0.3332989       0.7867362E-13   0.1007389E-06   0.2778411E-06   0.5478891E-06    0.000000    
   0.2499001E-04    607.8870       0.1071060E+11    25448.90       0.3773370       0.2009858E-33   0.5487520E-15   0.6667002       0.8622945E-17   0.3332989       0.7867428E-13   0.1007403E-06   0.2855150E-06   0.5603985E-06    0.000000    
   0.2554773E-04    607.8871       0.1071060E+11    25448.90       0.3773419       0.2009906E-33   0.5487576E-15   0.6667002       0.8623049E-17   0.3332989       0.7867494E-13   0.1007414E-06   0.2931891E-06   0.5729081E-06    0.000000    
   0.2610545E-04    607.8873       0.1071061E+11    25448.90       0.3773466       0.2009954E-33   0.5487633E-15   0.6667002       0.8623151E-17   0.3332989       0.7867560E-13   0.1007424E-06   0.3008634E-06   0.5854177E-06    0.000000    
   0.2666317E-04    607.8875       0.1071061E+11    25448.90       0.3773510       0.2010001E-33   0.5487688E-15   0.6667001       0.8623251E-17   0.3332988       0.7867626E-13   0.1007433E-06   0.3085378E-06   0.5979275E-06    0.000000    
   0.2722089E-04    607.8877       0.1071061E+11    25448.90       0.3773552       0.2010048E-33   0.5487743E-15   0.6667001       0.8623352E-17   0.3332988       0.7867692E-13   0.1007442E-06   0.3162123E-06   0.6104374E-06    0.000000    
   0.2777860E-04    607.8879       0.1071062E+11    25448.90       0.3773593       0.2010095E-33   0.5487798E-15   0.6667001       0.8623451E-17   0.3332988       0.7867758E-13   0.1007449E-06   0.3238870E-06   0.6229474E-06    0.000000    
   0.2833632E-04    607.8881       0.1071062E+11    25448.90       0.3773632       0.2010141E-33   0.5487852E-15   0.6667001       0.8623550E-17   0.3332988       0.7867824E-13   0.1007456E-06   0.3315617E-06   0.6354576E-06    0.000000    
   0.2889404E-04    607.8883       0.1071062E+11    25448.90       0.3773671       0.2010187E-33   0.5487907E-15   0.6667001       0.8623648E-17   0.3332988       0.7867891E-13   0.1007463E-06   0.3392366E-06   0.6479678E-06    0.000000    
   0.2945176E-04    607.8884       0.1071062E+11    25448.90       0.3773709       0.2010233E-33   0.5487961E-15   0.6667001       0.8623747E-17   0.3332988       0.7867957E-13   0.1007469E-06   0.3469115E-06   0.6604782E-06    0.000000    
   0.3000948E-04    607.8886       0.1071063E+11    25448.90       0.3773746       0.2010279E-33   0.5488015E-15   0.6667001       0.8623845E-17   0.3332988       0.7868023E-13   0.1007475E-06   0.3545866E-06   0.6729887E-06    0.000000    
   0.3112491E-04    607.8890       0.1071063E+11    25448.90       0.3773820       0.2010371E-33   0.5488122E-15   0.6667001       0.8624040E-17   0.3332988       0.7868155E-13   0.1007486E-06   0.3699369E-06   0.6980101E-06    0.000000    
   0.3224035E-04    607.8894       0.1071064E+11    25448.90       0.3773893       0.2010462E-33   0.5488229E-15   0.6667000       0.8624235E-17   0.3332988       0.7868287E-13   0.1007497E-06   0.3852876E-06   0.7230320E-06    0.000000    
   0.3335578E-04    607.8897       0.1071065E+11    25448.90       0.3773966       0.2010554E-33   0.5488336E-15   0.6667000       0.8624430E-17   0.3332987       0.7868419E-13   0.1007508E-06   0.4006386E-06   0.7480544E-06    0.000000    
   0.3447122E-04    607.8901       0.1071065E+11    25448.90       0.3774037       0.2010645E-33   0.5488443E-15   0.6667000       0.8624625E-17   0.3332987       0.7868551E-13   0.1007518E-06   0.4159899E-06   0.7730772E-06    0.000000    
   0.3558665E-04    607.8905       0.1071066E+11    25448.90       0.3774109       0.2010736E-33   0.5488550E-15   0.6667000       0.8624819E-17   0.3332987       0.7868683E-13   0.1007529E-06   0.4313415E-06   0.7981006E-06    0.000000    
   0.3670209E-04    607.8908       0.1071067E+11    25448.90       0.3774181       0.2010827E-33   0.5488657E-15   0.6667000       0.8625013E-17   0.3332987       0.7868816E-13   0.1007539E-06   0.4466934E-06   0.8231244E-06    0.000000    
   0.3781753E-04    607.8912       0.1071067E+11    25448.90       0.3774252       0.2010919E-33   0.5488764E-15   0.6666999       0.8625208E-17   0.3332987       0.7868948E-13   0.1007549E-06   0.4620457E-06   0.8481488E-06    0.000000    
   0.3893296E-04    607.8916       0.1071068E+11    25448.90       0.3774324       0.2011010E-33   0.5488870E-15   0.6666999       0.8625402E-17   0.3332986       0.7869080E-13   0.1007559E-06   0.4773982E-06   0.8731736E-06    0.000000    
   0.4004840E-04    607.8920       0.1071068E+11    25448.90       0.3774395       0.2011101E-33   0.5488977E-15   0.6666999       0.8625597E-17   0.3332986       0.7869212E-13   0.1007569E-06   0.4927510E-06   0.8981989E-06    0.000000    
   0.4116383E-04    607.8923       0.1071069E+11    25448.90       0.3774466       0.2011192E-33   0.5489084E-15   0.6666999       0.8625791E-17   0.3332986       0.7869344E-13   0.1007580E-06   0.5081042E-06   0.9232247E-06    0.000000    
   0.4339470E-04    607.8931       0.1071070E+11    25448.90       0.3774609       0.2011375E-33   0.5489297E-15   0.6666998       0.8626180E-17   0.3332986       0.7869609E-13   0.1007600E-06   0.5388114E-06   0.9732777E-06    0.000000    
   0.4562558E-04    607.8938       0.1071072E+11    25448.90       0.3774752       0.2011557E-33   0.5489511E-15   0.6666998       0.8626569E-17   0.3332985       0.7869873E-13   0.1007620E-06   0.5695198E-06   0.1023333E-05    0.000000    
   0.4785645E-04    607.8945       0.1071073E+11    25448.90       0.3774894       0.2011739E-33   0.5489725E-15   0.6666997       0.8626958E-17   0.3332985       0.7870138E-13   0.1007641E-06   0.6002295E-06   0.1073390E-05    0.000000    
   0.5154207E-04    607.8958       0.1071075E+11    25448.91       0.3775132       0.2012041E-33   0.5490078E-15   0.6666997       0.8627600E-17   0.3332984       0.7870574E-13   0.1007674E-06   0.6509676E-06   0.1156093E-05    0.000000    
