  "Time"          "Temp"          "Pres"          "Dens"          "Th_MIX"        "X_OH*"         "X_H"           "X_H2"          "X_O"           "X_O2"          "X_OH"          "X_HO2"         "X_H2O2"        "X_H2O"         "X_AR"         
  "s"             "K"             "Pa"            "kg/m3"         "s"             "none"          "none"          "none"          "none"          "none"          "none"          "none"          "none"          "none"          "none"         
    0.000000        693.4420        166228.5       0.3462661       0.1253840E-03   0.8813048E-30   0.5255227E-11   0.6666667       0.1556992E-12   0.3333333       0.1977251E-11   0.1965989E-08   0.5567715E-12   0.1971272E-08    0.000000    
   0.1378087E-13    693.4420        166228.5       0.3462661       0.1253840E-03   0.8813071E-30   0.5255227E-11   0.6666667       0.1556992E-12   0.3333333       0.1977251E-11   0.1965989E-08   0.5567715E-12   0.1971272E-08    0.000000    
   0.4134260E-13    693.4420        166228.5       0.3462661       0.1253840E-03   0.8813118E-30   0.5255227E-11   0.6666667       0.1556992E-12   0.3333333       0.1977251E-11   0.1965989E-08   0.5567715E-12   0.1971272E-08    0.000000    
   0.9646607E-13    693.4420        166228.5       0.3462661       0.1253840E-03   0.8813212E-30   0.5255227E-11   0.6666667       0.1556992E-12   0.3333333       0.1977251E-11   0.1965989E-08   0.5567715E-12   0.1971272E-08    0.000000    
   0.2067130E-12    693.4420        166228.5       0.3462661       0.1253840E-03   0.8813399E-30   0.5255227E-11   0.6666667       0.1556992E-12   0.3333333       0.1977252E-11   0.1965989E-08   0.5567715E-12   0.1971272E-08    0.000000    
   0.4272069E-12    693.4420        166228.5       0.3462661       0.1253841E-03   0.8813773E-30   0.5255227E-11   0.6666667       0.1556992E-12   0.3333333       0.1977252E-11   0.1965989E-08   0.5567715E-12   0.1971272E-08    0.000000    
   0.8681946E-12    693.4420        166228.5       0.3462661       0.1253841E-03   0.8814521E-30   0.5255227E-11   0.6666667       0.1556992E-12   0.3333333       0.1977254E-11   0.1965989E-08   0.5567715E-12   0.1971272E-08    0.000000    
   0.1750170E-11    693.4420        166228.5       0.3462661       0.1253841E-03   0.8816013E-30   0.5255228E-11   0.6666667       0.1556992E-12   0.3333333       0.1977257E-11   0.1965989E-08   0.5567715E-12   0.1971272E-08    0.000000    
   0.3514121E-11    693.4420        166228.5       0.3462661       0.1253843E-03   0.8818987E-30   0.5255228E-11   0.6666667       0.1556992E-12   0.3333333       0.1977262E-11   0.1965989E-08   0.5567715E-12   0.1971272E-08    0.000000    
   0.7042023E-11    693.4420        166228.5       0.3462661       0.1253845E-03   0.8824891E-30   0.5255229E-11   0.6666667       0.1556992E-12   0.3333333       0.1977274E-11   0.1965989E-08   0.5567716E-12   0.1971272E-08    0.000000    
   0.1409783E-10    693.4420        166228.5       0.3462661       0.1253850E-03   0.8836524E-30   0.5255232E-11   0.6666667       0.1556992E-12   0.3333333       0.1977297E-11   0.1965989E-08   0.5567716E-12   0.1971272E-08    0.000000    
   0.2820944E-10    693.4420        166228.5       0.3462661       0.1253861E-03   0.8859115E-30   0.5255236E-11   0.6666667       0.1556993E-12   0.3333333       0.1977342E-11   0.1965989E-08   0.5567717E-12   0.1971272E-08    0.000000    
   0.5643265E-10    693.4420        166228.5       0.3462661       0.1253881E-03   0.8901735E-30   0.5255245E-11   0.6666667       0.1556993E-12   0.3333333       0.1977433E-11   0.1965990E-08   0.5567720E-12   0.1971273E-08    0.000000    
   0.1128791E-09    693.4420        166228.5       0.3462661       0.1253922E-03   0.8977754E-30   0.5255264E-11   0.6666667       0.1556995E-12   0.3333333       0.1977615E-11   0.1965990E-08   0.5567725E-12   0.1971273E-08    0.000000    
   0.2257720E-09    693.4420        166228.5       0.3462661       0.1254004E-03   0.9099646E-30   0.5255301E-11   0.6666667       0.1556998E-12   0.3333333       0.1977979E-11   0.1965992E-08   0.5567734E-12   0.1971275E-08    0.000000    
   0.4515577E-09    693.4420        166228.5       0.3462661       0.1254168E-03   0.9260442E-30   0.5255376E-11   0.6666667       0.1557004E-12   0.3333333       0.1978707E-11   0.1965995E-08   0.5567754E-12   0.1971278E-08    0.000000    
   0.9031291E-09    693.4420        166228.5       0.3462661       0.1254495E-03   0.9410158E-30   0.5255529E-11   0.6666667       0.1557016E-12   0.3333333       0.1980158E-11   0.1966001E-08   0.5567792E-12   0.1971284E-08    0.000000    
   0.1806272E-08    693.4420        166228.5       0.3462661       0.1255150E-03   0.9480152E-30   0.5255847E-11   0.6666667       0.1557040E-12   0.3333333       0.1983047E-11   0.1966012E-08   0.5567869E-12   0.1971296E-08    0.000000    
   0.2709415E-08    693.4420        166228.5       0.3462661       0.1255805E-03   0.9449877E-30   0.5256182E-11   0.6666667       0.1557064E-12   0.3333333       0.1985919E-11   0.1966024E-08   0.5567947E-12   0.1971308E-08    0.000000    
   0.3612558E-08    693.4420        166228.5       0.3462661       0.1256460E-03   0.9426735E-30   0.5256534E-11   0.6666667       0.1557088E-12   0.3333333       0.1988774E-11   0.1966036E-08   0.5568024E-12   0.1971320E-08    0.000000    
   0.4515701E-08    693.4420        166228.5       0.3462661       0.1257115E-03   0.9419539E-30   0.5256902E-11   0.6666667       0.1557112E-12   0.3333333       0.1991611E-11   0.1966047E-08   0.5568101E-12   0.1971332E-08    0.000000    
   0.6321987E-08    693.4420        166228.5       0.3462661       0.1258426E-03   0.9419001E-30   0.5257687E-11   0.6666667       0.1557160E-12   0.3333333       0.1997234E-11   0.1966071E-08   0.5568255E-12   0.1971356E-08    0.000000    
   0.8128273E-08    693.4420        166228.5       0.3462661       0.1259737E-03   0.9423405E-30   0.5258537E-11   0.6666667       0.1557208E-12   0.3333333       0.2002790E-11   0.1966094E-08   0.5568410E-12   0.1971381E-08    0.000000    
   0.9934558E-08    693.4420        166228.5       0.3462661       0.1261049E-03   0.9425519E-30   0.5259449E-11   0.6666667       0.1557256E-12   0.3333333       0.2008278E-11   0.1966118E-08   0.5568564E-12   0.1971405E-08    0.000000    
   0.1247619E-07    693.4420        166228.5       0.3462661       0.1262894E-03   0.9427811E-30   0.5260838E-11   0.6666667       0.1557325E-12   0.3333333       0.2015889E-11   0.1966151E-08   0.5568781E-12   0.1971439E-08    0.000000    
   0.1501782E-07    693.4420        166228.5       0.3462661       0.1264740E-03   0.9430799E-30   0.5262347E-11   0.6666667       0.1557393E-12   0.3333333       0.2023371E-11   0.1966184E-08   0.5568999E-12   0.1971474E-08    0.000000    
   0.1755945E-07    693.4420        166228.5       0.3462661       0.1266586E-03   0.9434186E-30   0.5263972E-11   0.6666667       0.1557462E-12   0.3333333       0.2030727E-11   0.1966217E-08   0.5569216E-12   0.1971508E-08    0.000000    
   0.2010108E-07    693.4420        166228.5       0.3462661       0.1268432E-03   0.9437691E-30   0.5265711E-11   0.6666667       0.1557532E-12   0.3333333       0.2037958E-11   0.1966250E-08   0.5569433E-12   0.1971543E-08    0.000000    
   0.2264271E-07    693.4420        166228.5       0.3462661       0.1270278E-03   0.9441379E-30   0.5267561E-11   0.6666667       0.1557602E-12   0.3333333       0.2045067E-11   0.1966283E-08   0.5569650E-12   0.1971578E-08    0.000000    
   0.2772597E-07    693.4420        166228.5       0.3462661       0.1273966E-03   0.9449353E-30   0.5271584E-11   0.6666667       0.1557744E-12   0.3333333       0.2058926E-11   0.1966349E-08   0.5570085E-12   0.1971648E-08    0.000000    
   0.3280923E-07    693.4420        166228.5       0.3462661       0.1277652E-03   0.9458167E-30   0.5276019E-11   0.6666667       0.1557888E-12   0.3333333       0.2072320E-11   0.1966415E-08   0.5570520E-12   0.1971719E-08    0.000000    
   0.3789250E-07    693.4420        166228.5       0.3462661       0.1281332E-03   0.9467674E-30   0.5280845E-11   0.6666667       0.1558034E-12   0.3333333       0.2085265E-11   0.1966481E-08   0.5570954E-12   0.1971790E-08    0.000000    
   0.4297576E-07    693.4420        166228.5       0.3462661       0.1285005E-03   0.9477844E-30   0.5286042E-11   0.6666667       0.1558184E-12   0.3333333       0.2097775E-11   0.1966547E-08   0.5571389E-12   0.1971861E-08    0.000000    
   0.4805902E-07    693.4420        166228.5       0.3462661       0.1288671E-03   0.9488680E-30   0.5291592E-11   0.6666667       0.1558336E-12   0.3333333       0.2109866E-11   0.1966613E-08   0.5571823E-12   0.1971933E-08    0.000000    
   0.5314228E-07    693.4420        166228.5       0.3462661       0.1292329E-03   0.9500139E-30   0.5297475E-11   0.6666667       0.1558492E-12   0.3333333       0.2121552E-11   0.1966680E-08   0.5572258E-12   0.1972005E-08    0.000000    
   0.6330880E-07    693.4420        166228.5       0.3462661       0.1299612E-03   0.9524810E-30   0.5310173E-11   0.6666667       0.1558813E-12   0.3333333       0.2143760E-11   0.1966813E-08   0.5573127E-12   0.1972151E-08    0.000000    
   0.7347532E-07    693.4420        166228.5       0.3462661       0.1306848E-03   0.9551595E-30   0.5324003E-11   0.6666667       0.1559150E-12   0.3333333       0.2164505E-11   0.1966946E-08   0.5573997E-12   0.1972298E-08    0.000000    
   0.8364185E-07    693.4420        166228.5       0.3462661       0.1314028E-03   0.9580323E-30   0.5338841E-11   0.6666667       0.1559503E-12   0.3333333       0.2183882E-11   0.1967079E-08   0.5574866E-12   0.1972446E-08    0.000000    
   0.9380837E-07    693.4420        166228.5       0.3462661       0.1321146E-03   0.9610784E-30   0.5354572E-11   0.6666667       0.1559873E-12   0.3333333       0.2201982E-11   0.1967213E-08   0.5575736E-12   0.1972596E-08    0.000000    
   0.1039749E-06    693.4420        166228.5       0.3462661       0.1328195E-03   0.9642787E-30   0.5371092E-11   0.6666667       0.1560262E-12   0.3333333       0.2218889E-11   0.1967348E-08   0.5576605E-12   0.1972747E-08    0.000000    
   0.1141414E-06    693.4420        166228.5       0.3462661       0.1335171E-03   0.9676173E-30   0.5388303E-11   0.6666667       0.1560669E-12   0.3333333       0.2234683E-11   0.1967483E-08   0.5577475E-12   0.1972899E-08    0.000000    
   0.1243079E-06    693.4420        166228.5       0.3462661       0.1342068E-03   0.9710785E-30   0.5406115E-11   0.6666667       0.1561097E-12   0.3333333       0.2249436E-11   0.1967618E-08   0.5578344E-12   0.1973052E-08    0.000000    
   0.1344745E-06    693.4420        166228.5       0.3462661       0.1348882E-03   0.9746477E-30   0.5424446E-11   0.6666667       0.1561545E-12   0.3333333       0.2263218E-11   0.1967754E-08   0.5579214E-12   0.1973206E-08    0.000000    
   0.1446410E-06    693.4420        166228.5       0.3462661       0.1355609E-03   0.9783120E-30   0.5443219E-11   0.6666667       0.1562014E-12   0.3333333       0.2276092E-11   0.1967890E-08   0.5580084E-12   0.1973361E-08    0.000000    
   0.1548075E-06    693.4420        166228.5       0.3462661       0.1362247E-03   0.9820592E-30   0.5462364E-11   0.6666667       0.1562505E-12   0.3333333       0.2288119E-11   0.1968026E-08   0.5580954E-12   0.1973517E-08    0.000000    
   0.1649740E-06    693.4420        166228.5       0.3462661       0.1368792E-03   0.9858779E-30   0.5481817E-11   0.6666667       0.1563017E-12   0.3333333       0.2299355E-11   0.1968164E-08   0.5581824E-12   0.1973674E-08    0.000000    
   0.1751405E-06    693.4420        166228.5       0.3462661       0.1375242E-03   0.9897579E-30   0.5501518E-11   0.6666667       0.1563552E-12   0.3333333       0.2309852E-11   0.1968301E-08   0.5582694E-12   0.1973831E-08    0.000000    
   0.1853071E-06    693.4420        166228.5       0.3462661       0.1381594E-03   0.9936897E-30   0.5521414E-11   0.6666667       0.1564108E-12   0.3333333       0.2319658E-11   0.1968439E-08   0.5583564E-12   0.1973989E-08    0.000000    
   0.1954736E-06    693.4420        166228.5       0.3462661       0.1387848E-03   0.9976646E-30   0.5541454E-11   0.6666667       0.1564687E-12   0.3333333       0.2328820E-11   0.1968578E-08   0.5584434E-12   0.1974148E-08    0.000000    
   0.2056401E-06    693.4420        166228.5       0.3462661       0.1394002E-03   0.1001674E-29   0.5561592E-11   0.6666667       0.1565288E-12   0.3333333       0.2337380E-11   0.1968717E-08   0.5585304E-12   0.1974307E-08    0.000000    
   0.2158066E-06    693.4420        166228.5       0.3462661       0.1400054E-03   0.1005712E-29   0.5581788E-11   0.6666667       0.1565912E-12   0.3333333       0.2345377E-11   0.1968857E-08   0.5586174E-12   0.1974467E-08    0.000000    
   0.2259732E-06    693.4420        166228.5       0.3462661       0.1406004E-03   0.1009771E-29   0.5602002E-11   0.6666667       0.1566558E-12   0.3333333       0.2352849E-11   0.1968997E-08   0.5587044E-12   0.1974627E-08    0.000000    
   0.2361397E-06    693.4420        166228.5       0.3462661       0.1411851E-03   0.1013844E-29   0.5622201E-11   0.6666667       0.1567226E-12   0.3333333       0.2359831E-11   0.1969138E-08   0.5587915E-12   0.1974788E-08    0.000000    
   0.2463062E-06    693.4420        166228.5       0.3462661       0.1417596E-03   0.1017926E-29   0.5642353E-11   0.6666667       0.1567917E-12   0.3333333       0.2366354E-11   0.1969279E-08   0.5588785E-12   0.1974950E-08    0.000000    
   0.2564727E-06    693.4420        166228.5       0.3462661       0.1423236E-03   0.1022013E-29   0.5662428E-11   0.6666667       0.1568629E-12   0.3333333       0.2372450E-11   0.1969420E-08   0.5589656E-12   0.1975111E-08    0.000000    
   0.2666392E-06    693.4420        166228.5       0.3462661       0.1428774E-03   0.1026098E-29   0.5682402E-11   0.6666667       0.1569363E-12   0.3333333       0.2378145E-11   0.1969563E-08   0.5590526E-12   0.1975274E-08    0.000000    
   0.2768058E-06    693.4420        166228.5       0.3462661       0.1434208E-03   0.1030179E-29   0.5702250E-11   0.6666667       0.1570119E-12   0.3333333       0.2383468E-11   0.1969705E-08   0.5591397E-12   0.1975436E-08    0.000000    
   0.2869723E-06    693.4420        166228.5       0.3462661       0.1439540E-03   0.1034251E-29   0.5721952E-11   0.6666667       0.1570895E-12   0.3333333       0.2388442E-11   0.1969848E-08   0.5592267E-12   0.1975599E-08    0.000000    
   0.2971388E-06    693.4420        166228.5       0.3462661       0.1444769E-03   0.1038310E-29   0.5741487E-11   0.6666667       0.1571693E-12   0.3333333       0.2393090E-11   0.1969992E-08   0.5593138E-12   0.1975762E-08    0.000000    
   0.3073053E-06    693.4420        166228.5       0.3462661       0.1449897E-03   0.1042354E-29   0.5760841E-11   0.6666667       0.1572512E-12   0.3333333       0.2397434E-11   0.1970136E-08   0.5594009E-12   0.1975926E-08    0.000000    
   0.3174719E-06    693.4420        166228.5       0.3462661       0.1454924E-03   0.1046379E-29   0.5779995E-11   0.6666667       0.1573351E-12   0.3333333       0.2401494E-11   0.1970281E-08   0.5594880E-12   0.1976090E-08    0.000000    
   0.3276384E-06    693.4420        166228.5       0.3462661       0.1459850E-03   0.1050383E-29   0.5798939E-11   0.6666667       0.1574210E-12   0.3333333       0.2405288E-11   0.1970426E-08   0.5595751E-12   0.1976254E-08    0.000000    
   0.3378049E-06    693.4420        166228.5       0.3462661       0.1464677E-03   0.1054363E-29   0.5817658E-11   0.6666667       0.1575089E-12   0.3333333       0.2408835E-11   0.1970571E-08   0.5596622E-12   0.1976418E-08    0.000000    
   0.3479714E-06    693.4420        166228.5       0.3462661       0.1469406E-03   0.1058318E-29   0.5836144E-11   0.6666667       0.1575987E-12   0.3333333       0.2412150E-11   0.1970718E-08   0.5597493E-12   0.1976583E-08    0.000000    
   0.3581380E-06    693.4420        166228.5       0.3462661       0.1474038E-03   0.1062245E-29   0.5854386E-11   0.6666667       0.1576904E-12   0.3333333       0.2415249E-11   0.1970864E-08   0.5598364E-12   0.1976748E-08    0.000000    
   0.3683045E-06    693.4420        166228.5       0.3462661       0.1478573E-03   0.1066143E-29   0.5872376E-11   0.6666667       0.1577840E-12   0.3333333       0.2418145E-11   0.1971011E-08   0.5599235E-12   0.1976913E-08    0.000000    
   0.3784710E-06    693.4420        166228.5       0.3462661       0.1483014E-03   0.1070011E-29   0.5890108E-11   0.6666667       0.1578794E-12   0.3333333       0.2420853E-11   0.1971158E-08   0.5600106E-12   0.1977078E-08    0.000000    
   0.3886375E-06    693.4420        166228.5       0.3462661       0.1487361E-03   0.1073846E-29   0.5907576E-11   0.6666667       0.1579765E-12   0.3333333       0.2423385E-11   0.1971306E-08   0.5600977E-12   0.1977243E-08    0.000000    
   0.4089706E-06    693.4420        166228.5       0.3462661       0.1495778E-03   0.1081416E-29   0.5941699E-11   0.6666667       0.1581761E-12   0.3333333       0.2427966E-11   0.1971603E-08   0.5602720E-12   0.1977575E-08    0.000000    
   0.4272703E-06    693.4420        166228.5       0.3462661       0.1503047E-03   0.1088110E-29   0.5971466E-11   0.6666667       0.1583614E-12   0.3333333       0.2431594E-11   0.1971872E-08   0.5604289E-12   0.1977873E-08    0.000000    
   0.4455700E-06    693.4420        166228.5       0.3462661       0.1510033E-03   0.1094687E-29   0.6000325E-11   0.6666667       0.1585518E-12   0.3333333       0.2434810E-11   0.1972142E-08   0.5605858E-12   0.1978172E-08    0.000000    
   0.4638698E-06    693.4420        166228.5       0.3462661       0.1516744E-03   0.1101143E-29   0.6028269E-11   0.6666667       0.1587471E-12   0.3333333       0.2437661E-11   0.1972413E-08   0.5607427E-12   0.1978472E-08    0.000000    
   0.4821695E-06    693.4420        166228.5       0.3462661       0.1523189E-03   0.1107477E-29   0.6055299E-11   0.6666667       0.1589471E-12   0.3333333       0.2440189E-11   0.1972686E-08   0.5608997E-12   0.1978772E-08    0.000000    
   0.5004693E-06    693.4420        166228.5       0.3462661       0.1529376E-03   0.1113687E-29   0.6081417E-11   0.6666667       0.1591516E-12   0.3333333       0.2442432E-11   0.1972960E-08   0.5610566E-12   0.1979072E-08    0.000000    
   0.5187690E-06    693.4420        166228.5       0.3462661       0.1535314E-03   0.1119774E-29   0.6106632E-11   0.6666667       0.1593602E-12   0.3333333       0.2444422E-11   0.1973235E-08   0.5612136E-12   0.1979372E-08    0.000000    
   0.5370687E-06    693.4420        166228.5       0.3462661       0.1541011E-03   0.1125737E-29   0.6130956E-11   0.6666667       0.1595728E-12   0.3333333       0.2446189E-11   0.1973511E-08   0.5613706E-12   0.1979673E-08    0.000000    
   0.5553685E-06    693.4420        166228.5       0.3462661       0.1546475E-03   0.1131578E-29   0.6154403E-11   0.6666667       0.1597892E-12   0.3333333       0.2447758E-11   0.1973788E-08   0.5615276E-12   0.1979973E-08    0.000000    
   0.5736682E-06    693.4420        166228.5       0.3462661       0.1551715E-03   0.1137296E-29   0.6176989E-11   0.6666667       0.1600091E-12   0.3333333       0.2449151E-11   0.1974066E-08   0.5616847E-12   0.1980274E-08    0.000000    
   0.5919680E-06    693.4420        166228.5       0.3462661       0.1556738E-03   0.1142895E-29   0.6198733E-11   0.6666667       0.1602323E-12   0.3333333       0.2450390E-11   0.1974345E-08   0.5618418E-12   0.1980575E-08    0.000000    
   0.6102677E-06    693.4420        166228.5       0.3462661       0.1561554E-03   0.1148375E-29   0.6219655E-11   0.6666667       0.1604587E-12   0.3333333       0.2451491E-11   0.1974625E-08   0.5619989E-12   0.1980877E-08    0.000000    
   0.6285674E-06    693.4420        166228.5       0.3462661       0.1566168E-03   0.1153739E-29   0.6239776E-11   0.6666667       0.1606879E-12   0.3333333       0.2452471E-11   0.1974906E-08   0.5621560E-12   0.1981178E-08    0.000000    
   0.6468672E-06    693.4420        166228.5       0.3462661       0.1570590E-03   0.1158989E-29   0.6259117E-11   0.6666667       0.1609199E-12   0.3333333       0.2453343E-11   0.1975188E-08   0.5623131E-12   0.1981480E-08    0.000000    
   0.6651669E-06    693.4420        166228.5       0.3462661       0.1574827E-03   0.1164126E-29   0.6277701E-11   0.6666667       0.1611544E-12   0.3333333       0.2454119E-11   0.1975471E-08   0.5624703E-12   0.1981781E-08    0.000000    
   0.6834667E-06    693.4420        166228.5       0.3462661       0.1578885E-03   0.1169154E-29   0.6295550E-11   0.6666667       0.1613913E-12   0.3333333       0.2454812E-11   0.1975755E-08   0.5626275E-12   0.1982083E-08    0.000000    
   0.7017664E-06    693.4420        166228.5       0.3462661       0.1582771E-03   0.1174076E-29   0.6312688E-11   0.6666667       0.1616303E-12   0.3333333       0.2455429E-11   0.1976039E-08   0.5627847E-12   0.1982385E-08    0.000000    
   0.7200661E-06    693.4420        166228.5       0.3462661       0.1586494E-03   0.1178893E-29   0.6329138E-11   0.6666667       0.1618713E-12   0.3333333       0.2455980E-11   0.1976324E-08   0.5629419E-12   0.1982686E-08    0.000000    
   0.7383659E-06    693.4420        166228.5       0.3462661       0.1590058E-03   0.1183609E-29   0.6344923E-11   0.6666667       0.1621141E-12   0.3333333       0.2456473E-11   0.1976610E-08   0.5630991E-12   0.1982988E-08    0.000000    
   0.7566656E-06    693.4420        166228.5       0.3462661       0.1593471E-03   0.1188225E-29   0.6360066E-11   0.6666667       0.1623587E-12   0.3333333       0.2456913E-11   0.1976897E-08   0.5632564E-12   0.1983290E-08    0.000000    
   0.7749654E-06    693.4420        166228.5       0.3462661       0.1596738E-03   0.1192745E-29   0.6374588E-11   0.6666667       0.1626047E-12   0.3333333       0.2457307E-11   0.1977184E-08   0.5634137E-12   0.1983592E-08    0.000000    
   0.7932651E-06    693.4420        166228.5       0.3462661       0.1599866E-03   0.1197172E-29   0.6388514E-11   0.6666667       0.1628522E-12   0.3333333       0.2457660E-11   0.1977472E-08   0.5635710E-12   0.1983894E-08    0.000000    
   0.8115648E-06    693.4420        166228.5       0.3462661       0.1602860E-03   0.1201508E-29   0.6401864E-11   0.6666667       0.1631008E-12   0.3333333       0.2457977E-11   0.1977760E-08   0.5637284E-12   0.1984196E-08    0.000000    
   0.8298646E-06    693.4420        166228.5       0.3462661       0.1605727E-03   0.1205755E-29   0.6414659E-11   0.6666667       0.1633506E-12   0.3333333       0.2458262E-11   0.1978049E-08   0.5638858E-12   0.1984499E-08    0.000000    
   0.8481643E-06    693.4420        166228.5       0.3462661       0.1608470E-03   0.1209917E-29   0.6426922E-11   0.6666667       0.1636014E-12   0.3333333       0.2458518E-11   0.1978339E-08   0.5640432E-12   0.1984801E-08    0.000000    
   0.8664641E-06    693.4420        166228.5       0.3462661       0.1611095E-03   0.1213995E-29   0.6438671E-11   0.6666667       0.1638530E-12   0.3333333       0.2458748E-11   0.1978629E-08   0.5642006E-12   0.1985103E-08    0.000000    
   0.8847638E-06    693.4420        166228.5       0.3462661       0.1613608E-03   0.1217992E-29   0.6449928E-11   0.6666667       0.1641054E-12   0.3333333       0.2458956E-11   0.1978920E-08   0.5643580E-12   0.1985405E-08    0.000000    
   0.9030635E-06    693.4420        166228.5       0.3462661       0.1616013E-03   0.1221911E-29   0.6460711E-11   0.6666667       0.1643584E-12   0.3333333       0.2459144E-11   0.1979211E-08   0.5645155E-12   0.1985707E-08    0.000000    
   0.9213633E-06    693.4420        166228.5       0.3462661       0.1618314E-03   0.1225754E-29   0.6471039E-11   0.6666667       0.1646119E-12   0.3333333       0.2459314E-11   0.1979503E-08   0.5646730E-12   0.1986010E-08    0.000000    
   0.9396630E-06    693.4420        166228.5       0.3462661       0.1620516E-03   0.1229523E-29   0.6480930E-11   0.6666667       0.1648659E-12   0.3333333       0.2459468E-11   0.1979795E-08   0.5648305E-12   0.1986312E-08    0.000000    
   0.9762625E-06    693.4420        166228.5       0.3462661       0.1624640E-03   0.1236849E-29   0.6499472E-11   0.6666667       0.1653746E-12   0.3333333       0.2459736E-11   0.1980381E-08   0.5651455E-12   0.1986917E-08    0.000000    
   0.1009202E-05    693.4420        166228.5       0.3462661       0.1628053E-03   0.1243212E-29   0.6514837E-11   0.6666667       0.1658330E-12   0.3333333       0.2459938E-11   0.1980909E-08   0.5654292E-12   0.1987461E-08    0.000000    
   0.1040907E-05    693.4420        166228.5       0.3462661       0.1631092E-03   0.1249142E-29   0.6528529E-11   0.6666667       0.1662742E-12   0.3333333       0.2460105E-11   0.1981419E-08   0.5657023E-12   0.1987985E-08    0.000000    
   0.1072611E-05    693.4420        166228.5       0.3462661       0.1633907E-03   0.1254891E-29   0.6541224E-11   0.6666667       0.1667150E-12   0.3333333       0.2460249E-11   0.1981930E-08   0.5659755E-12   0.1988509E-08    0.000000    
   0.1104316E-05    693.4420        166228.5       0.3462661       0.1636515E-03   0.1260469E-29   0.6552993E-11   0.6666667       0.1671550E-12   0.3333333       0.2460375E-11   0.1982442E-08   0.5662487E-12   0.1989033E-08    0.000000    
   0.1136021E-05    693.4420        166228.5       0.3462661       0.1638931E-03   0.1265884E-29   0.6563901E-11   0.6666667       0.1675939E-12   0.3333333       0.2460485E-11   0.1982954E-08   0.5665220E-12   0.1989556E-08    0.000000    
   0.1167726E-05    693.4420        166228.5       0.3462661       0.1641170E-03   0.1271145E-29   0.6574011E-11   0.6666667       0.1680314E-12   0.3333333       0.2460583E-11   0.1983468E-08   0.5667954E-12   0.1990080E-08    0.000000    
   0.1199430E-05    693.4420        166228.5       0.3462661       0.1643244E-03   0.1276261E-29   0.6583382E-11   0.6666667       0.1684672E-12   0.3333333       0.2460670E-11   0.1983982E-08   0.5670689E-12   0.1990604E-08    0.000000    
   0.1231135E-05    693.4420        166228.5       0.3462661       0.1645165E-03   0.1281237E-29   0.6592066E-11   0.6666667       0.1689011E-12   0.3333333       0.2460749E-11   0.1984497E-08   0.5673424E-12   0.1991128E-08    0.000000    
   0.1262840E-05    693.4420        166228.5       0.3462661       0.1646946E-03   0.1286082E-29   0.6600115E-11   0.6666667       0.1693328E-12   0.3333333       0.2460820E-11   0.1985012E-08   0.5676160E-12   0.1991652E-08    0.000000    
   0.1294545E-05    693.4420        166228.5       0.3462661       0.1648596E-03   0.1290801E-29   0.6607575E-11   0.6666667       0.1697622E-12   0.3333333       0.2460885E-11   0.1985529E-08   0.5678896E-12   0.1992177E-08    0.000000    
   0.1326249E-05    693.4420        166228.5       0.3462661       0.1650125E-03   0.1295402E-29   0.6614488E-11   0.6666667       0.1701889E-12   0.3333333       0.2460945E-11   0.1986045E-08   0.5681634E-12   0.1992701E-08    0.000000    
   0.1357954E-05    693.4420        166228.5       0.3462661       0.1651542E-03   0.1299889E-29   0.6620896E-11   0.6666667       0.1706130E-12   0.3333333       0.2461000E-11   0.1986563E-08   0.5684372E-12   0.1993225E-08    0.000000    
   0.1389659E-05    693.4420        166228.5       0.3462661       0.1652856E-03   0.1304269E-29   0.6626836E-11   0.6666667       0.1710342E-12   0.3333333       0.2461052E-11   0.1987080E-08   0.5687111E-12   0.1993749E-08    0.000000    
   0.1421364E-05    693.4420        166228.5       0.3462661       0.1654074E-03   0.1308545E-29   0.6632342E-11   0.6666667       0.1714523E-12   0.3333333       0.2461100E-11   0.1987598E-08   0.5689850E-12   0.1994273E-08    0.000000    
   0.1453068E-05    693.4420        166228.5       0.3462661       0.1655203E-03   0.1312723E-29   0.6637447E-11   0.6666667       0.1718673E-12   0.3333333       0.2461146E-11   0.1988117E-08   0.5692590E-12   0.1994797E-08    0.000000    
   0.1484773E-05    693.4420        166228.5       0.3462661       0.1656250E-03   0.1316808E-29   0.6642180E-11   0.6666667       0.1722791E-12   0.3333333       0.2461189E-11   0.1988636E-08   0.5695331E-12   0.1995321E-08    0.000000    
   0.1548182E-05    693.4420        166228.5       0.3462661       0.1658122E-03   0.1324713E-29   0.6650639E-11   0.6666667       0.1730926E-12   0.3333333       0.2461269E-11   0.1989675E-08   0.5700816E-12   0.1996369E-08    0.000000    
   0.1611592E-05    693.4420        166228.5       0.3462661       0.1659733E-03   0.1332289E-29   0.6657917E-11   0.6666667       0.1738920E-12   0.3333333       0.2461343E-11   0.1990715E-08   0.5706303E-12   0.1997417E-08    0.000000    
   0.1675001E-05    693.4420        166228.5       0.3462661       0.1661121E-03   0.1339565E-29   0.6664183E-11   0.6666667       0.1746770E-12   0.3333333       0.2461411E-11   0.1991757E-08   0.5711792E-12   0.1998466E-08    0.000000    
   0.1738411E-05    693.4420        166228.5       0.3462661       0.1662318E-03   0.1346562E-29   0.6669581E-11   0.6666667       0.1754471E-12   0.3333333       0.2461475E-11   0.1992799E-08   0.5717285E-12   0.1999514E-08    0.000000    
   0.1801820E-05    693.4420        166228.5       0.3462661       0.1663350E-03   0.1353303E-29   0.6674237E-11   0.6666667       0.1762022E-12   0.3333333       0.2461535E-11   0.1993842E-08   0.5722781E-12   0.2000562E-08    0.000000    
   0.1865230E-05    693.4420        166228.5       0.3462661       0.1664243E-03   0.1359805E-29   0.6678256E-11   0.6666667       0.1769420E-12   0.3333333       0.2461593E-11   0.1994886E-08   0.5728280E-12   0.2001611E-08    0.000000    
   0.1928639E-05    693.4420        166228.5       0.3462661       0.1665015E-03   0.1366084E-29   0.6681729E-11   0.6666667       0.1776665E-12   0.3333333       0.2461647E-11   0.1995930E-08   0.5733781E-12   0.2002659E-08    0.000000    
   0.1992049E-05    693.4420        166228.5       0.3462661       0.1665685E-03   0.1372155E-29   0.6684735E-11   0.6666667       0.1783757E-12   0.3333333       0.2461699E-11   0.1996975E-08   0.5739285E-12   0.2003708E-08    0.000000    
   0.2055458E-05    693.4420        166228.5       0.3462661       0.1666266E-03   0.1378031E-29   0.6687340E-11   0.6666667       0.1790696E-12   0.3333333       0.2461749E-11   0.1998020E-08   0.5744793E-12   0.2004756E-08    0.000000    
   0.2118868E-05    693.4420        166228.5       0.3462661       0.1666771E-03   0.1383724E-29   0.6689602E-11   0.6666667       0.1797483E-12   0.3333333       0.2461797E-11   0.1999066E-08   0.5750303E-12   0.2005805E-08    0.000000    
   0.2182277E-05    693.4420        166228.5       0.3462661       0.1667211E-03   0.1389242E-29   0.6691569E-11   0.6666667       0.1804120E-12   0.3333333       0.2461843E-11   0.2000111E-08   0.5755816E-12   0.2006853E-08    0.000000    
   0.2245687E-05    693.4420        166228.5       0.3462661       0.1667595E-03   0.1394597E-29   0.6693283E-11   0.6666667       0.1810608E-12   0.3333333       0.2461888E-11   0.2001158E-08   0.5761332E-12   0.2007902E-08    0.000000    
   0.2309096E-05    693.4420        166228.5       0.3462661       0.1667931E-03   0.1399795E-29   0.6694780E-11   0.6666667       0.1816950E-12   0.3333333       0.2461931E-11   0.2002204E-08   0.5766851E-12   0.2008950E-08    0.000000    
   0.2372506E-05    693.4420        166228.5       0.3462661       0.1668226E-03   0.1404844E-29   0.6696091E-11   0.6666667       0.1823146E-12   0.3333333       0.2461973E-11   0.2003251E-08   0.5772372E-12   0.2009999E-08    0.000000    
   0.2435915E-05    693.4420        166228.5       0.3462661       0.1668486E-03   0.1409752E-29   0.6697241E-11   0.6666667       0.1829200E-12   0.3333333       0.2462013E-11   0.2004298E-08   0.5777897E-12   0.2011047E-08    0.000000    
   0.2499324E-05    693.4420        166228.5       0.3462661       0.1668715E-03   0.1414524E-29   0.6698254E-11   0.6666667       0.1835113E-12   0.3333333       0.2462052E-11   0.2005345E-08   0.5783425E-12   0.2012096E-08    0.000000    
   0.2562734E-05    693.4420        166228.5       0.3462661       0.1668918E-03   0.1419166E-29   0.6699149E-11   0.6666667       0.1840889E-12   0.3333333       0.2462090E-11   0.2006392E-08   0.5788955E-12   0.2013144E-08    0.000000    
   0.2626143E-05    693.4420        166228.5       0.3462661       0.1669099E-03   0.1423684E-29   0.6699941E-11   0.6666667       0.1846529E-12   0.3333333       0.2462127E-11   0.2007439E-08   0.5794489E-12   0.2014193E-08    0.000000    
   0.2689553E-05    693.4420        166228.5       0.3462661       0.1669260E-03   0.1428081E-29   0.6700646E-11   0.6666667       0.1852037E-12   0.3333333       0.2462163E-11   0.2008487E-08   0.5800025E-12   0.2015242E-08    0.000000    
   0.2752962E-05    693.4420        166228.5       0.3462661       0.1669404E-03   0.1432363E-29   0.6701274E-11   0.6666667       0.1857414E-12   0.3333333       0.2462198E-11   0.2009534E-08   0.5805564E-12   0.2016290E-08    0.000000    
   0.2816372E-05    693.4420        166228.5       0.3462661       0.1669534E-03   0.1436533E-29   0.6701838E-11   0.6666667       0.1862665E-12   0.3333333       0.2462231E-11   0.2010582E-08   0.5811106E-12   0.2017339E-08    0.000000    
   0.2879781E-05    693.4420        166228.5       0.3462661       0.1669651E-03   0.1440596E-29   0.6702344E-11   0.6666667       0.1867790E-12   0.3333333       0.2462264E-11   0.2011630E-08   0.5816651E-12   0.2018388E-08    0.000000    
   0.2943191E-05    693.4420        166228.5       0.3462661       0.1669757E-03   0.1444554E-29   0.6702802E-11   0.6666667       0.1872794E-12   0.3333333       0.2462296E-11   0.2012677E-08   0.5822199E-12   0.2019436E-08    0.000000    
   0.3006600E-05    693.4420        166228.5       0.3462661       0.1669853E-03   0.1448412E-29   0.6703217E-11   0.6666667       0.1877678E-12   0.3333333       0.2462327E-11   0.2013725E-08   0.5827750E-12   0.2020485E-08    0.000000    
   0.3070010E-05    693.4420        166228.5       0.3462661       0.1669942E-03   0.1452172E-29   0.6703596E-11   0.6666667       0.1882446E-12   0.3333333       0.2462358E-11   0.2014773E-08   0.5833304E-12   0.2021534E-08    0.000000    
   0.3196829E-05    693.4420        166228.5       0.3462661       0.1670098E-03   0.1459411E-29   0.6704260E-11   0.6666667       0.1891641E-12   0.3333333       0.2462416E-11   0.2016869E-08   0.5844420E-12   0.2023631E-08    0.000000    
   0.3310966E-05    693.4420        166228.5       0.3462661       0.1670219E-03   0.1465621E-29   0.6704773E-11   0.6666667       0.1899543E-12   0.3333333       0.2462466E-11   0.2018756E-08   0.5854435E-12   0.2025519E-08    0.000000    
   0.3422160E-05    693.4420        166228.5       0.3462661       0.1670324E-03   0.1471406E-29   0.6705212E-11   0.6666667       0.1906915E-12   0.3333333       0.2462513E-11   0.2020594E-08   0.5864200E-12   0.2027358E-08    0.000000    
   0.3533355E-05    693.4420        166228.5       0.3462661       0.1670417E-03   0.1476943E-29   0.6705603E-11   0.6666667       0.1913978E-12   0.3333333       0.2462557E-11   0.2022432E-08   0.5873975E-12   0.2029197E-08    0.000000    
   0.3644549E-05    693.4420        166228.5       0.3462661       0.1670502E-03   0.1482244E-29   0.6705955E-11   0.6666667       0.1920746E-12   0.3333333       0.2462600E-11   0.2024270E-08   0.5883758E-12   0.2031036E-08    0.000000    
   0.3755744E-05    693.4420        166228.5       0.3462661       0.1670579E-03   0.1487320E-29   0.6706276E-11   0.6666667       0.1927230E-12   0.3333333       0.2462641E-11   0.2026109E-08   0.5893550E-12   0.2032876E-08    0.000000    
   0.3866939E-05    693.4420        166228.5       0.3462661       0.1670651E-03   0.1492180E-29   0.6706570E-11   0.6666667       0.1933441E-12   0.3333333       0.2462680E-11   0.2027947E-08   0.5903351E-12   0.2034715E-08    0.000000    
   0.3978133E-05    693.4420        166228.5       0.3462661       0.1670717E-03   0.1496833E-29   0.6706843E-11   0.6666667       0.1939392E-12   0.3333333       0.2462717E-11   0.2029786E-08   0.5913162E-12   0.2036554E-08    0.000000    
   0.4089328E-05    693.4420        166228.5       0.3462661       0.1670779E-03   0.1501291E-29   0.6707096E-11   0.6666667       0.1945092E-12   0.3333333       0.2462753E-11   0.2031624E-08   0.5922981E-12   0.2038393E-08    0.000000    
   0.4200522E-05    693.4420        166228.5       0.3462661       0.1670837E-03   0.1505559E-29   0.6707333E-11   0.6666667       0.1950553E-12   0.3333333       0.2462787E-11   0.2033463E-08   0.5932809E-12   0.2040233E-08    0.000000    
   0.4311717E-05    693.4420        166228.5       0.3462661       0.1670891E-03   0.1509648E-29   0.6707556E-11   0.6666667       0.1955784E-12   0.3333333       0.2462820E-11   0.2035302E-08   0.5942646E-12   0.2042072E-08    0.000000    
   0.4422911E-05    693.4420        166228.5       0.3462661       0.1670943E-03   0.1513564E-29   0.6707767E-11   0.6666667       0.1960796E-12   0.3333333       0.2462851E-11   0.2037140E-08   0.5952492E-12   0.2043911E-08    0.000000    
   0.4534106E-05    693.4420        166228.5       0.3462661       0.1670992E-03   0.1517315E-29   0.6707966E-11   0.6666667       0.1965596E-12   0.3333333       0.2462881E-11   0.2038979E-08   0.5962347E-12   0.2045751E-08    0.000000    
   0.4645301E-05    693.4420        166228.5       0.3462661       0.1671038E-03   0.1520908E-29   0.6708155E-11   0.6666667       0.1970194E-12   0.3333333       0.2462910E-11   0.2040818E-08   0.5972211E-12   0.2047590E-08    0.000000    
   0.4867690E-05    693.4420        166228.5       0.3462661       0.1671125E-03   0.1527647E-29   0.6708506E-11   0.6666667       0.1978819E-12   0.3333333       0.2462964E-11   0.2044496E-08   0.5991965E-12   0.2051269E-08    0.000000    
   0.5090079E-05    693.4420        166228.5       0.3462661       0.1671203E-03   0.1533831E-29   0.6708825E-11   0.6666667       0.1986733E-12   0.3333333       0.2463014E-11   0.2048174E-08   0.6011756E-12   0.2054948E-08    0.000000    
   0.5312468E-05    693.4420        166228.5       0.3462661       0.1671275E-03   0.1539505E-29   0.6709117E-11   0.6666667       0.1993995E-12   0.3333333       0.2463059E-11   0.2051853E-08   0.6031582E-12   0.2058627E-08    0.000000    
   0.5534857E-05    693.4420        166228.5       0.3462661       0.1671340E-03   0.1544712E-29   0.6709384E-11   0.6666667       0.2000659E-12   0.3333333       0.2463101E-11   0.2055531E-08   0.6051444E-12   0.2062306E-08    0.000000    
   0.5757247E-05    693.4420        166228.5       0.3462661       0.1671401E-03   0.1549490E-29   0.6709629E-11   0.6666667       0.2006773E-12   0.3333333       0.2463139E-11   0.2059210E-08   0.6071342E-12   0.2065986E-08    0.000000    
   0.5979636E-05    693.4420        166228.5       0.3462661       0.1671456E-03   0.1553875E-29   0.6709854E-11   0.6666667       0.2012384E-12   0.3333333       0.2463175E-11   0.2062888E-08   0.6091276E-12   0.2069665E-08    0.000000    
   0.6202025E-05    693.4420        166228.5       0.3462661       0.1671506E-03   0.1557899E-29   0.6710060E-11   0.6666667       0.2017532E-12   0.3333333       0.2463207E-11   0.2066567E-08   0.6111245E-12   0.2073344E-08    0.000000    
   0.6424414E-05    693.4420        166228.5       0.3462661       0.1671553E-03   0.1561591E-29   0.6710251E-11   0.6666667       0.2022256E-12   0.3333333       0.2463236E-11   0.2070246E-08   0.6131251E-12   0.2077023E-08    0.000000    
   0.6646803E-05    693.4420        166228.5       0.3462661       0.1671596E-03   0.1564980E-29   0.6710425E-11   0.6666667       0.2026591E-12   0.3333333       0.2463264E-11   0.2073925E-08   0.6151292E-12   0.2080703E-08    0.000000    
   0.6869192E-05    693.4420        166228.5       0.3462661       0.1671635E-03   0.1568090E-29   0.6710586E-11   0.6666667       0.2030569E-12   0.3333333       0.2463289E-11   0.2077604E-08   0.6171369E-12   0.2084382E-08    0.000000    
   0.7091582E-05    693.4420        166228.5       0.3462661       0.1671671E-03   0.1570943E-29   0.6710734E-11   0.6666667       0.2034219E-12   0.3333333       0.2463311E-11   0.2081283E-08   0.6191482E-12   0.2088062E-08    0.000000    
   0.7313971E-05    693.4420        166228.5       0.3462661       0.1671704E-03   0.1573562E-29   0.6710871E-11   0.6666667       0.2037568E-12   0.3333333       0.2463332E-11   0.2084963E-08   0.6211630E-12   0.2091741E-08    0.000000    
   0.7536360E-05    693.4420        166228.5       0.3462661       0.1671735E-03   0.1575966E-29   0.6710997E-11   0.6666667       0.2040641E-12   0.3333333       0.2463352E-11   0.2088642E-08   0.6231815E-12   0.2095421E-08    0.000000    
   0.7758749E-05    693.4420        166228.5       0.3462661       0.1671763E-03   0.1578171E-29   0.6711113E-11   0.6666667       0.2043462E-12   0.3333333       0.2463369E-11   0.2092321E-08   0.6252035E-12   0.2099100E-08    0.000000    
   0.7981138E-05    693.4420        166228.5       0.3462661       0.1671789E-03   0.1580195E-29   0.6711220E-11   0.6666667       0.2046049E-12   0.3333333       0.2463386E-11   0.2096001E-08   0.6272291E-12   0.2102780E-08    0.000000    
   0.8203528E-05    693.4420        166228.5       0.3462661       0.1671813E-03   0.1582053E-29   0.6711318E-11   0.6666667       0.2048424E-12   0.3333333       0.2463400E-11   0.2099680E-08   0.6292583E-12   0.2106459E-08    0.000000    
   0.8648306E-05    693.4420        166228.5       0.3462661       0.1671855E-03   0.1585322E-29   0.6711493E-11   0.6666667       0.2052603E-12   0.3333333       0.2463427E-11   0.2107039E-08   0.6333275E-12   0.2113819E-08    0.000000    
   0.9048606E-05    693.4420        166228.5       0.3462661       0.1671887E-03   0.1587821E-29   0.6711629E-11   0.6666667       0.2055797E-12   0.3333333       0.2463447E-11   0.2113663E-08   0.6370020E-12   0.2120442E-08    0.000000    
   0.9448907E-05    693.4420        166228.5       0.3462661       0.1671915E-03   0.1589963E-29   0.6711747E-11   0.6666667       0.2058533E-12   0.3333333       0.2463464E-11   0.2120286E-08   0.6406881E-12   0.2127066E-08    0.000000    
   0.9849208E-05    693.4420        166228.5       0.3462661       0.1671940E-03   0.1591798E-29   0.6711849E-11   0.6666667       0.2060877E-12   0.3333333       0.2463479E-11   0.2126910E-08   0.6443858E-12   0.2133689E-08    0.000000    
   0.1024951E-04    693.4420        166228.5       0.3462661       0.1671961E-03   0.1593370E-29   0.6711939E-11   0.6666667       0.2062885E-12   0.3333333       0.2463491E-11   0.2133533E-08   0.6480951E-12   0.2140313E-08    0.000000    
   0.1064981E-04    693.4420        166228.5       0.3462661       0.1671979E-03   0.1594718E-29   0.6712017E-11   0.6666667       0.2064606E-12   0.3333333       0.2463502E-11   0.2140157E-08   0.6518161E-12   0.2146936E-08    0.000000    
   0.1105011E-04    693.4420        166228.5       0.3462661       0.1671995E-03   0.1595874E-29   0.6712086E-11   0.6666667       0.2066080E-12   0.3333333       0.2463511E-11   0.2146781E-08   0.6555486E-12   0.2153560E-08    0.000000    
   0.1145041E-04    693.4420        166228.5       0.3462661       0.1672009E-03   0.1596864E-29   0.6712147E-11   0.6666667       0.2067344E-12   0.3333333       0.2463519E-11   0.2153405E-08   0.6592928E-12   0.2160183E-08    0.000000    
   0.1185071E-04    693.4420        166228.5       0.3462661       0.1672021E-03   0.1597714E-29   0.6712200E-11   0.6666667       0.2068427E-12   0.3333333       0.2463526E-11   0.2160029E-08   0.6630486E-12   0.2166807E-08    0.000000    
   0.1225101E-04    693.4420        166228.5       0.3462661       0.1672031E-03   0.1598442E-29   0.6712248E-11   0.6666667       0.2069355E-12   0.3333333       0.2463532E-11   0.2166653E-08   0.6668160E-12   0.2173431E-08    0.000000    
   0.1265131E-04    693.4420        166228.5       0.3462661       0.1672041E-03   0.1599066E-29   0.6712290E-11   0.6666667       0.2070150E-12   0.3333333       0.2463537E-11   0.2173277E-08   0.6705950E-12   0.2180054E-08    0.000000    
   0.1305161E-04    693.4420        166228.5       0.3462661       0.1672049E-03   0.1599602E-29   0.6712329E-11   0.6666667       0.2070832E-12   0.3333333       0.2463541E-11   0.2179901E-08   0.6743857E-12   0.2186678E-08    0.000000    
   0.1345191E-04    693.4420        166228.5       0.3462661       0.1672056E-03   0.1600062E-29   0.6712363E-11   0.6666667       0.2071417E-12   0.3333333       0.2463545E-11   0.2186525E-08   0.6781879E-12   0.2193302E-08    0.000000    
   0.1385221E-04    693.4420        166228.5       0.3462661       0.1672063E-03   0.1600457E-29   0.6712394E-11   0.6666667       0.2071918E-12   0.3333333       0.2463548E-11   0.2193149E-08   0.6820018E-12   0.2199925E-08    0.000000    
   0.1425251E-04    693.4420        166228.5       0.3462661       0.1672068E-03   0.1600796E-29   0.6712422E-11   0.6666667       0.2072348E-12   0.3333333       0.2463551E-11   0.2199773E-08   0.6858273E-12   0.2206549E-08    0.000000    
   0.1465281E-04    693.4420        166228.5       0.3462661       0.1672074E-03   0.1601087E-29   0.6712448E-11   0.6666667       0.2072717E-12   0.3333333       0.2463553E-11   0.2206397E-08   0.6896644E-12   0.2213173E-08    0.000000    
   0.1505311E-04    693.4420        166228.5       0.3462661       0.1672078E-03   0.1601337E-29   0.6712472E-11   0.6666667       0.2073033E-12   0.3333333       0.2463555E-11   0.2213021E-08   0.6935132E-12   0.2219796E-08    0.000000    
   0.1545341E-04    693.4420        166228.5       0.3462661       0.1672083E-03   0.1601552E-29   0.6712494E-11   0.6666667       0.2073305E-12   0.3333333       0.2463557E-11   0.2219645E-08   0.6973735E-12   0.2226420E-08    0.000000    
   0.1585372E-04    693.4420        166228.5       0.3462661       0.1672086E-03   0.1601737E-29   0.6712515E-11   0.6666667       0.2073538E-12   0.3333333       0.2463559E-11   0.2226269E-08   0.7012455E-12   0.2233044E-08    0.000000    
   0.1625402E-04    693.4420        166228.5       0.3462661       0.1672090E-03   0.1601897E-29   0.6712534E-11   0.6666667       0.2073738E-12   0.3333333       0.2463560E-11   0.2232893E-08   0.7051291E-12   0.2239667E-08    0.000000    
   0.1665432E-04    693.4420        166228.5       0.3462661       0.1672093E-03   0.1602034E-29   0.6712553E-11   0.6666667       0.2073911E-12   0.3333333       0.2463561E-11   0.2239517E-08   0.7090244E-12   0.2246291E-08    0.000000    
   0.1705462E-04    693.4420        166228.5       0.3462661       0.1672096E-03   0.1602153E-29   0.6712570E-11   0.6666667       0.2074059E-12   0.3333333       0.2463562E-11   0.2246141E-08   0.7129312E-12   0.2252915E-08    0.000000    
   0.1745492E-04    693.4420        166228.5       0.3462661       0.1672099E-03   0.1602255E-29   0.6712586E-11   0.6666667       0.2074186E-12   0.3333333       0.2463563E-11   0.2252765E-08   0.7168497E-12   0.2259539E-08    0.000000    
   0.1785522E-04    693.4420        166228.5       0.3462661       0.1672102E-03   0.1602343E-29   0.6712602E-11   0.6666667       0.2074295E-12   0.3333333       0.2463564E-11   0.2259390E-08   0.7207798E-12   0.2266162E-08    0.000000    
   0.1865582E-04    693.4420        166228.5       0.3462661       0.1672107E-03   0.1602486E-29   0.6712632E-11   0.6666667       0.2074471E-12   0.3333333       0.2463565E-11   0.2272638E-08   0.7286749E-12   0.2279410E-08    0.000000    
   0.1937636E-04    693.4420        166228.5       0.3462661       0.1672111E-03   0.1602585E-29   0.6712658E-11   0.6666667       0.2074591E-12   0.3333333       0.2463566E-11   0.2284561E-08   0.7358202E-12   0.2291333E-08    0.000000    
   0.1954398E-04    693.4420        166228.5       0.3462661       0.1672112E-03   0.1602605E-29   0.6712664E-11   0.6666667       0.2074615E-12   0.3333333       0.2463566E-11   0.2287335E-08   0.7374878E-12   0.2294106E-08    0.000000    
