  "Time"          "Temp"          "Pres"          "Dens"          "Th_MIX"        "X_OH*"         "X_H"           "X_H2"          "X_O"           "X_O2"          "X_OH"          "X_HO2"         "X_H2O2"        "X_H2O"         "X_AR"         
  "s"             "K"             "Pa"            "kg/m3"         "s"             "none"          "none"          "none"          "none"          "none"          "none"          "none"          "none"          "none"          "none"         
    0.000000        2822.446       0.8051133E+11    20751.34       -27916.50       0.6166223E-12   0.8536910E-04   0.7478610       0.5931183E-09   0.8098517E-10   0.8439119E-05   0.1268348E-09   0.2785733E-07   0.2520452        0.000000    
   0.3800924E-17    2822.446       0.8051133E+11    20751.34       -27914.70       0.6166223E-12   0.8536910E-04   0.7478610       0.5931183E-09   0.8098517E-10   0.8439119E-05   0.1268348E-09   0.2785733E-07   0.2520452        0.000000    
   0.1140277E-16    2822.446       0.8051133E+11    20751.34       -27911.10       0.6166222E-12   0.8536910E-04   0.7478610       0.5931183E-09   0.8098517E-10   0.8439119E-05   0.1268348E-09   0.2785733E-07   0.2520452        0.000000    
   0.2660647E-16    2822.446       0.8051133E+11    20751.34       -27903.90       0.6166222E-12   0.8536910E-04   0.7478610       0.5931183E-09   0.8098517E-10   0.8439119E-05   0.1268348E-09   0.2785733E-07   0.2520452        0.000000    
   0.5701386E-16    2822.446       0.8051133E+11    20751.34       -27889.52       0.6166220E-12   0.8536910E-04   0.7478610       0.5931183E-09   0.8098517E-10   0.8439119E-05   0.1268348E-09   0.2785733E-07   0.2520452        0.000000    
   0.1178286E-15    2822.446       0.8051133E+11    20751.34       -27860.82       0.6166218E-12   0.8536910E-04   0.7478610       0.5931183E-09   0.8098517E-10   0.8439119E-05   0.1268348E-09   0.2785733E-07   0.2520452        0.000000    
   0.2394582E-15    2822.446       0.8051133E+11    20751.34       -27803.64       0.6166214E-12   0.8536910E-04   0.7478610       0.5931183E-09   0.8098517E-10   0.8439120E-05   0.1268348E-09   0.2785733E-07   0.2520452        0.000000    
   0.3610878E-15    2822.446       0.8051133E+11    20751.34       -27746.77       0.6166210E-12   0.8536910E-04   0.7478610       0.5931184E-09   0.8098517E-10   0.8439121E-05   0.1268348E-09   0.2785733E-07   0.2520452        0.000000    
   0.6043469E-15    2822.446       0.8051133E+11    20751.34       -27633.92       0.6166204E-12   0.8536910E-04   0.7478610       0.5931184E-09   0.8098517E-10   0.8439122E-05   0.1268348E-09   0.2785733E-07   0.2520452        0.000000    
   0.8232801E-15    2822.446       0.8051133E+11    20751.34       -27533.39       0.6166199E-12   0.8536911E-04   0.7478610       0.5931185E-09   0.8098517E-10   0.8439123E-05   0.1268348E-09   0.2785733E-07   0.2520452        0.000000    
   0.1042213E-14    2822.446       0.8051133E+11    20751.34       -27433.81       0.6166196E-12   0.8536911E-04   0.7478610       0.5931185E-09   0.8098517E-10   0.8439124E-05   0.1268348E-09   0.2785733E-07   0.2520452        0.000000    
   0.1261146E-14    2822.446       0.8051133E+11    20751.34       -27335.18       0.6166193E-12   0.8536911E-04   0.7478610       0.5931186E-09   0.8098517E-10   0.8439125E-05   0.1268348E-09   0.2785733E-07   0.2520452        0.000000    
   0.1480080E-14    2822.446       0.8051133E+11    20751.34       -27237.47       0.6166191E-12   0.8536911E-04   0.7478610       0.5931186E-09   0.8098517E-10   0.8439126E-05   0.1268348E-09   0.2785733E-07   0.2520452        0.000000    
   0.1917946E-14    2822.446       0.8051133E+11    20751.34       -27044.81       0.6166189E-12   0.8536912E-04   0.7478610       0.5931188E-09   0.8098517E-10   0.8439129E-05   0.1268348E-09   0.2785733E-07   0.2520452        0.000000    
   0.2355813E-14    2822.446       0.8051133E+11    20751.34       -26855.73       0.6166188E-12   0.8536912E-04   0.7478610       0.5931189E-09   0.8098517E-10   0.8439131E-05   0.1268348E-09   0.2785733E-07   0.2520452        0.000000    
   0.2793679E-14    2822.446       0.8051133E+11    20751.34       -26670.14       0.6166188E-12   0.8536913E-04   0.7478610       0.5931190E-09   0.8098517E-10   0.8439133E-05   0.1268348E-09   0.2785733E-07   0.2520452        0.000000    
   0.3231545E-14    2822.446       0.8051133E+11    20751.34       -26487.93       0.6166188E-12   0.8536914E-04   0.7478610       0.5931191E-09   0.8098517E-10   0.8439135E-05   0.1268348E-09   0.2785733E-07   0.2520452        0.000000    
   0.3669412E-14    2822.446       0.8051133E+11    20751.34       -26309.03       0.6166189E-12   0.8536914E-04   0.7478610       0.5931192E-09   0.8098517E-10   0.8439137E-05   0.1268348E-09   0.2785733E-07   0.2520452        0.000000    
   0.4107278E-14    2822.446       0.8051133E+11    20751.34       -26133.34       0.6166190E-12   0.8536915E-04   0.7478610       0.5931194E-09   0.8098517E-10   0.8439139E-05   0.1268348E-09   0.2785733E-07   0.2520452        0.000000    
   0.4545145E-14    2822.446       0.8051133E+11    20751.34       -25960.79       0.6166191E-12   0.8536915E-04   0.7478610       0.5931195E-09   0.8098517E-10   0.8439141E-05   0.1268348E-09   0.2785733E-07   0.2520452        0.000000    
   0.5420877E-14    2822.446       0.8051133E+11    20751.34       -25624.74       0.6166193E-12   0.8536916E-04   0.7478610       0.5931197E-09   0.8098517E-10   0.8439144E-05   0.1268348E-09   0.2785733E-07   0.2520452        0.000000    
   0.6296610E-14    2822.446       0.8051133E+11    20751.34       -25300.28       0.6166196E-12   0.8536917E-04   0.7478610       0.5931200E-09   0.8098517E-10   0.8439148E-05   0.1268348E-09   0.2785733E-07   0.2520452        0.000000    
   0.7172343E-14    2822.446       0.8051133E+11    20751.34       -24986.69       0.6166198E-12   0.8536918E-04   0.7478610       0.5931202E-09   0.8098517E-10   0.8439151E-05   0.1268348E-09   0.2785733E-07   0.2520452        0.000000    
   0.8048076E-14    2822.446       0.8051133E+11    20751.34       -24683.49       0.6166201E-12   0.8536919E-04   0.7478610       0.5931205E-09   0.8098517E-10   0.8439154E-05   0.1268348E-09   0.2785733E-07   0.2520452        0.000000    
   0.9799541E-14    2822.446       0.8051133E+11    20751.34       -24105.63       0.6166206E-12   0.8536921E-04   0.7478610       0.5931210E-09   0.8098517E-10   0.8439160E-05   0.1268348E-09   0.2785733E-07   0.2520452        0.000000    
   0.1155101E-13    2822.446       0.8051133E+11    20751.34       -23563.41       0.6166211E-12   0.8536923E-04   0.7478610       0.5931216E-09   0.8098517E-10   0.8439166E-05   0.1268348E-09   0.2785733E-07   0.2520452        0.000000    
   0.1330247E-13    2822.446       0.8051133E+11    20751.34       -23053.50       0.6166215E-12   0.8536926E-04   0.7478610       0.5931221E-09   0.8098517E-10   0.8439171E-05   0.1268348E-09   0.2785733E-07   0.2520452        0.000000    
   0.1505394E-13    2822.446       0.8051133E+11    20751.34       -22572.82       0.6166219E-12   0.8536928E-04   0.7478610       0.5931226E-09   0.8098517E-10   0.8439176E-05   0.1268348E-09   0.2785733E-07   0.2520452        0.000000    
   0.1855687E-13    2822.446       0.8051133E+11    20751.34       -21689.38       0.6166227E-12   0.8536932E-04   0.7478610       0.5931236E-09   0.8098517E-10   0.8439184E-05   0.1268348E-09   0.2785733E-07   0.2520452        0.000000    
   0.2205980E-13    2822.446       0.8051133E+11    20751.34       -20893.30       0.6166234E-12   0.8536936E-04   0.7478610       0.5931245E-09   0.8098517E-10   0.8439191E-05   0.1268348E-09   0.2785733E-07   0.2520452        0.000000    
   0.2556273E-13    2822.446       0.8051133E+11    20751.34       -20168.29       0.6166240E-12   0.8536940E-04   0.7478610       0.5931254E-09   0.8098517E-10   0.8439197E-05   0.1268348E-09   0.2785733E-07   0.2520452        0.000000    
   0.2906566E-13    2822.446       0.8051133E+11    20751.34       -19501.90       0.6166245E-12   0.8536944E-04   0.7478610       0.5931262E-09   0.8098517E-10   0.8439202E-05   0.1268348E-09   0.2785733E-07   0.2520452        0.000000    
   0.3256859E-13    2822.446       0.8051133E+11    20751.34       -18884.48       0.6166250E-12   0.8536948E-04   0.7478610       0.5931270E-09   0.8098517E-10   0.8439207E-05   0.1268348E-09   0.2785733E-07   0.2520452        0.000000    
   0.3607153E-13    2822.446       0.8051133E+11    20751.34       -18308.26       0.6166255E-12   0.8536952E-04   0.7478610       0.5931277E-09   0.8098517E-10   0.8439211E-05   0.1268348E-09   0.2785733E-07   0.2520452        0.000000    
   0.3957446E-13    2822.446       0.8051133E+11    20751.34       -17767.07       0.6166259E-12   0.8536956E-04   0.7478610       0.5931284E-09   0.8098517E-10   0.8439215E-05   0.1268348E-09   0.2785733E-07   0.2520452        0.000000    
   0.4658032E-13    2822.446       0.8051133E+11    20751.34       -16770.22       0.6166266E-12   0.8536963E-04   0.7478610       0.5931295E-09   0.8098517E-10   0.8439222E-05   0.1268348E-09   0.2785733E-07   0.2520452        0.000000    
   0.5358618E-13    2822.446       0.8051133E+11    20751.34       -15864.62       0.6166273E-12   0.8536970E-04   0.7478610       0.5931305E-09   0.8098517E-10   0.8439228E-05   0.1268348E-09   0.2785733E-07   0.2520452        0.000000    
   0.6059204E-13    2822.446       0.8051133E+11    20751.34       -15030.98       0.6166278E-12   0.8536977E-04   0.7478610       0.5931315E-09   0.8098517E-10   0.8439233E-05   0.1268348E-09   0.2785733E-07   0.2520452        0.000000    
   0.6759791E-13    2822.446       0.8051133E+11    20751.34       -14256.05       0.6166284E-12   0.8536983E-04   0.7478610       0.5931323E-09   0.8098517E-10   0.8439237E-05   0.1268349E-09   0.2785732E-07   0.2520452        0.000000    
   0.7460377E-13    2822.446       0.8051133E+11    20751.34       -13530.52       0.6166288E-12   0.8536989E-04   0.7478610       0.5931330E-09   0.8098517E-10   0.8439241E-05   0.1268349E-09   0.2785732E-07   0.2520452        0.000000    
   0.8160963E-13    2822.446       0.8051133E+11    20751.34       -12847.81       0.6166293E-12   0.8536995E-04   0.7478610       0.5931337E-09   0.8098518E-10   0.8439245E-05   0.1268349E-09   0.2785732E-07   0.2520452        0.000000    
   0.8861549E-13    2822.446       0.8051133E+11    20751.34       -12203.31       0.6166297E-12   0.8537001E-04   0.7478610       0.5931343E-09   0.8098518E-10   0.8439249E-05   0.1268349E-09   0.2785732E-07   0.2520452        0.000000    
   0.1026272E-12    2822.446       0.8051133E+11    20751.34       -11015.92       0.6166304E-12   0.8537011E-04   0.7478610       0.5931355E-09   0.8098518E-10   0.8439255E-05   0.1268349E-09   0.2785732E-07   0.2520452        0.000000    
   0.1166389E-12    2822.446       0.8051133E+11    20751.34       -9948.227       0.6166311E-12   0.8537020E-04   0.7478610       0.5931365E-09   0.8098518E-10   0.8439261E-05   0.1268349E-09   0.2785732E-07   0.2520452        0.000000    
   0.1306507E-12    2822.446       0.8051133E+11    20751.34       -8985.205       0.6166317E-12   0.8537028E-04   0.7478610       0.5931374E-09   0.8098518E-10   0.8439266E-05   0.1268350E-09   0.2785732E-07   0.2520452        0.000000    
   0.1446624E-12    2822.446       0.8051133E+11    20751.34       -8115.292       0.6166322E-12   0.8537036E-04   0.7478610       0.5931382E-09   0.8098518E-10   0.8439271E-05   0.1268350E-09   0.2785732E-07   0.2520452        0.000000    
   0.1586741E-12    2822.446       0.8051133E+11    20751.34       -7329.541       0.6166327E-12   0.8537043E-04   0.7478610       0.5931389E-09   0.8098518E-10   0.8439275E-05   0.1268350E-09   0.2785732E-07   0.2520452        0.000000    
   0.1726858E-12    2822.446       0.8051133E+11    20751.34       -6620.167       0.6166332E-12   0.8537049E-04   0.7478610       0.5931396E-09   0.8098518E-10   0.8439279E-05   0.1268351E-09   0.2785732E-07   0.2520452        0.000000    
   0.1866976E-12    2822.446       0.8051133E+11    20751.34       -5979.755       0.6166336E-12   0.8537054E-04   0.7478610       0.5931402E-09   0.8098518E-10   0.8439283E-05   0.1268351E-09   0.2785732E-07   0.2520452        0.000000    
   0.2007093E-12    2822.446       0.8051133E+11    20751.34       -5401.390       0.6166339E-12   0.8537059E-04   0.7478610       0.5931407E-09   0.8098519E-10   0.8439286E-05   0.1268351E-09   0.2785732E-07   0.2520452        0.000000    
   0.2287327E-12    2822.446       0.8051133E+11    20751.34       -4407.055       0.6166345E-12   0.8537068E-04   0.7478610       0.5931417E-09   0.8098519E-10   0.8439291E-05   0.1268352E-09   0.2785732E-07   0.2520452        0.000000    
   0.2567562E-12    2822.446       0.8051133E+11    20751.34       -3595.360       0.6166350E-12   0.8537075E-04   0.7478610       0.5931424E-09   0.8098519E-10   0.8439296E-05   0.1268353E-09   0.2785732E-07   0.2520452        0.000000    
   0.2847796E-12    2822.446       0.8051133E+11    20751.34       -2932.998       0.6166354E-12   0.8537081E-04   0.7478610       0.5931431E-09   0.8098519E-10   0.8439299E-05   0.1268354E-09   0.2785732E-07   0.2520452        0.000000    
   0.3252307E-12    2822.446       0.8051133E+11    20751.34       -2185.593       0.6166359E-12   0.8537087E-04   0.7478610       0.5931438E-09   0.8098520E-10   0.8439303E-05   0.1268355E-09   0.2785732E-07   0.2520452        0.000000    
   0.3656817E-12    2822.446       0.8051133E+11    20751.34       -1628.372       0.6166363E-12   0.8537092E-04   0.7478610       0.5931443E-09   0.8098520E-10   0.8439306E-05   0.1268356E-09   0.2785731E-07   0.2520452        0.000000    
   0.4061327E-12    2822.446       0.8051133E+11    20751.34       -1213.142       0.6166365E-12   0.8537096E-04   0.7478610       0.5931447E-09   0.8098520E-10   0.8439309E-05   0.1268357E-09   0.2785731E-07   0.2520452        0.000000    
   0.4465837E-12    2822.446       0.8051133E+11    20751.34       -903.8069       0.6166367E-12   0.8537098E-04   0.7478610       0.5931450E-09   0.8098521E-10   0.8439310E-05   0.1268357E-09   0.2785731E-07   0.2520452        0.000000    
   0.4870347E-12    2822.446       0.8051133E+11    20751.34       -673.3892       0.6166369E-12   0.8537100E-04   0.7478610       0.5931452E-09   0.8098521E-10   0.8439312E-05   0.1268358E-09   0.2785731E-07   0.2520452        0.000000    
   0.5274858E-12    2822.446       0.8051133E+11    20751.34       -501.7341       0.6166370E-12   0.8537102E-04   0.7478610       0.5931453E-09   0.8098522E-10   0.8439313E-05   0.1268359E-09   0.2785731E-07   0.2520452        0.000000    
   0.6083878E-12    2822.446       0.8051133E+11    20751.34       -279.5314       0.6166371E-12   0.8537104E-04   0.7478610       0.5931455E-09   0.8098522E-10   0.8439314E-05   0.1268361E-09   0.2785731E-07   0.2520452        0.000000    
   0.6811996E-12    2822.446       0.8051133E+11    20751.34       -166.2355       0.6166372E-12   0.8537105E-04   0.7478610       0.5931457E-09   0.8098523E-10   0.8439314E-05   0.1268362E-09   0.2785731E-07   0.2520452        0.000000    
   0.7540114E-12    2822.446       0.8051133E+11    20751.34       -99.25283       0.6166372E-12   0.8537105E-04   0.7478610       0.5931457E-09   0.8098524E-10   0.8439315E-05   0.1268363E-09   0.2785731E-07   0.2520452        0.000000    
   0.8268233E-12    2822.446       0.8051133E+11    20751.34       -58.57802       0.6166372E-12   0.8537106E-04   0.7478610       0.5931458E-09   0.8098525E-10   0.8439315E-05   0.1268364E-09   0.2785730E-07   0.2520452        0.000000    
   0.8996351E-12    2822.446       0.8051133E+11    20751.34       -33.82039       0.6166372E-12   0.8537106E-04   0.7478610       0.5931458E-09   0.8098526E-10   0.8439315E-05   0.1268365E-09   0.2785730E-07   0.2520452        0.000000    
   0.9724469E-12    2822.446       0.8051133E+11    20751.34       -19.28062       0.6166373E-12   0.8537106E-04   0.7478610       0.5931458E-09   0.8098527E-10   0.8439315E-05   0.1268366E-09   0.2785730E-07   0.2520452        0.000000    
   0.1045259E-11    2822.446       0.8051133E+11    20751.34       -11.10052       0.6166373E-12   0.8537106E-04   0.7478610       0.5931458E-09   0.8098527E-10   0.8439315E-05   0.1268367E-09   0.2785730E-07   0.2520452        0.000000    
   0.1118071E-11    2822.446       0.8051133E+11    20751.34       -6.510185       0.6166373E-12   0.8537106E-04   0.7478610       0.5931458E-09   0.8098528E-10   0.8439315E-05   0.1268367E-09   0.2785730E-07   0.2520452        0.000000    
   0.1263694E-11    2822.446       0.8051133E+11    20751.34       -2.015283       0.6166373E-12   0.8537106E-04   0.7478610       0.5931458E-09   0.8098530E-10   0.8439315E-05   0.1268368E-09   0.2785730E-07   0.2520452        0.000000    
   0.1409318E-11    2822.446       0.8051133E+11    20751.34       0.1506753       0.6166373E-12   0.8537106E-04   0.7478610       0.5931458E-09   0.8098532E-10   0.8439315E-05   0.1268369E-09   0.2785729E-07   0.2520452        0.000000    
   0.1554942E-11    2822.446       0.8051133E+11    20751.34       0.9086697       0.6166373E-12   0.8537106E-04   0.7478610       0.5931458E-09   0.8098534E-10   0.8439315E-05   0.1268370E-09   0.2785729E-07   0.2520452        0.000000    
   0.1700565E-11    2822.446       0.8051133E+11    20751.34       0.6941187       0.6166373E-12   0.8537106E-04   0.7478610       0.5931458E-09   0.8098536E-10   0.8439315E-05   0.1268370E-09   0.2785729E-07   0.2520452        0.000000    
   0.1846189E-11    2822.446       0.8051133E+11    20751.34       0.2600308       0.6166373E-12   0.8537106E-04   0.7478610       0.5931458E-09   0.8098538E-10   0.8439315E-05   0.1268371E-09   0.2785728E-07   0.2520452        0.000000    
   0.2137436E-11    2822.446       0.8051133E+11    20751.34      -0.3702747       0.6166373E-12   0.8537106E-04   0.7478610       0.5931458E-09   0.8098541E-10   0.8439315E-05   0.1268371E-09   0.2785728E-07   0.2520452        0.000000    
   0.2428684E-11    2822.446       0.8051133E+11    20751.34      -0.5719203E-01   0.6166373E-12   0.8537106E-04   0.7478610       0.5931458E-09   0.8098545E-10   0.8439315E-05   0.1268372E-09   0.2785727E-07   0.2520452        0.000000    
   0.2719931E-11    2822.446       0.8051133E+11    20751.34       0.2658727       0.6166373E-12   0.8537106E-04   0.7478610       0.5931458E-09   0.8098549E-10   0.8439315E-05   0.1268372E-09   0.2785727E-07   0.2520452        0.000000    
   0.3011178E-11    2822.446       0.8051133E+11    20751.34       0.1885519       0.6166373E-12   0.8537106E-04   0.7478610       0.5931458E-09   0.8098552E-10   0.8439315E-05   0.1268372E-09   0.2785726E-07   0.2520452        0.000000    
   0.3302426E-11    2822.446       0.8051133E+11    20751.34       0.2052778E-01   0.6166373E-12   0.8537106E-04   0.7478610       0.5931458E-09   0.8098556E-10   0.8439315E-05   0.1268372E-09   0.2785726E-07   0.2520452        0.000000    
   0.3593673E-11    2822.446       0.8051133E+11    20751.34      -0.8846702E-03   0.6166373E-12   0.8537106E-04   0.7478610       0.5931458E-09   0.8098559E-10   0.8439315E-05   0.1268371E-09   0.2785725E-07   0.2520452        0.000000    
   0.3884920E-11    2822.446       0.8051133E+11    20751.34       0.6529820E-01   0.6166373E-12   0.8537106E-04   0.7478610       0.5931458E-09   0.8098563E-10   0.8439315E-05   0.1268371E-09   0.2785725E-07   0.2520452        0.000000    
   0.4176167E-11    2822.446       0.8051133E+11    20751.34       0.7380382E-01   0.6166373E-12   0.8537106E-04   0.7478610       0.5931458E-09   0.8098566E-10   0.8439315E-05   0.1268371E-09   0.2785724E-07   0.2520452        0.000000    
   0.4758662E-11    2822.446       0.8051133E+11    20751.34      -0.6608151E-01   0.6166373E-12   0.8537106E-04   0.7478610       0.5931458E-09   0.8098572E-10   0.8439315E-05   0.1268371E-09   0.2785723E-07   0.2520452        0.000000    
   0.5341157E-11    2822.446       0.8051133E+11    20751.34      -0.6060493E-01   0.6166373E-12   0.8537106E-04   0.7478610       0.5931458E-09   0.8098579E-10   0.8439315E-05   0.1268370E-09   0.2785723E-07   0.2520452        0.000000    
   0.5923651E-11    2822.446       0.8051133E+11    20751.34       0.2321004E-01   0.6166373E-12   0.8537106E-04   0.7478610       0.5931458E-09   0.8098584E-10   0.8439315E-05   0.1268370E-09   0.2785722E-07   0.2520452        0.000000    
   0.6506146E-11    2822.446       0.8051133E+11    20751.34       0.5414961E-01   0.6166373E-12   0.8537106E-04   0.7478610       0.5931458E-09   0.8098590E-10   0.8439315E-05   0.1268370E-09   0.2785721E-07   0.2520452        0.000000    
   0.7671135E-11    2822.446       0.8051133E+11    20751.34       0.6359578E-01   0.6166373E-12   0.8537106E-04   0.7478610       0.5931458E-09   0.8098600E-10   0.8439315E-05   0.1268369E-09   0.2785719E-07   0.2520452        0.000000    
   0.8836125E-11    2822.446       0.8051133E+11    20751.34       0.4103980E-01   0.6166373E-12   0.8537106E-04   0.7478610       0.5931458E-09   0.8098609E-10   0.8439315E-05   0.1268368E-09   0.2785718E-07   0.2520452        0.000000    
   0.1000111E-10    2822.446       0.8051133E+11    20751.34       0.3478928E-01   0.6166373E-12   0.8537106E-04   0.7478610       0.5931458E-09   0.8098618E-10   0.8439315E-05   0.1268368E-09   0.2785716E-07   0.2520452        0.000000    
   0.1116610E-10    2822.446       0.8051133E+11    20751.34       0.3467155E-01   0.6166373E-12   0.8537106E-04   0.7478610       0.5931458E-09   0.8098625E-10   0.8439315E-05   0.1268367E-09   0.2785715E-07   0.2520452        0.000000    
   0.1349608E-10    2822.446       0.8051133E+11    20751.34       0.3173096E-01   0.6166373E-12   0.8537106E-04   0.7478610       0.5931458E-09   0.8098638E-10   0.8439315E-05   0.1268366E-09   0.2785713E-07   0.2520452        0.000000    
   0.1582606E-10    2822.446       0.8051133E+11    20751.34       0.2718618E-01   0.6166373E-12   0.8537106E-04   0.7478610       0.5931458E-09   0.8098649E-10   0.8439315E-05   0.1268365E-09   0.2785710E-07   0.2520452        0.000000    
   0.1815604E-10    2822.446       0.8051133E+11    20751.34       0.2366871E-01   0.6166373E-12   0.8537106E-04   0.7478610       0.5931458E-09   0.8098657E-10   0.8439315E-05   0.1268364E-09   0.2785709E-07   0.2520452        0.000000    
   0.2048602E-10    2822.446       0.8051133E+11    20751.34       0.2085854E-01   0.6166373E-12   0.8537106E-04   0.7478610       0.5931458E-09   0.8098664E-10   0.8439315E-05   0.1268364E-09   0.2785707E-07   0.2520452        0.000000    
   0.2281600E-10    2822.446       0.8051133E+11    20751.34       0.1835883E-01   0.6166373E-12   0.8537106E-04   0.7478610       0.5931458E-09   0.8098669E-10   0.8439315E-05   0.1268363E-09   0.2785706E-07   0.2520452        0.000000    
   0.2747595E-10    2822.446       0.8051133E+11    20751.34       0.1420339E-01   0.6166373E-12   0.8537106E-04   0.7478610       0.5931458E-09   0.8098676E-10   0.8439315E-05   0.1268362E-09   0.2785703E-07   0.2520452        0.000000    
   0.3213591E-10    2822.446       0.8051133E+11    20751.34       0.1096894E-01   0.6166373E-12   0.8537106E-04   0.7478610       0.5931458E-09   0.8098681E-10   0.8439315E-05   0.1268361E-09   0.2785701E-07   0.2520452        0.000000    
   0.3679587E-10    2822.446       0.8051133E+11    20751.34       0.8491035E-02   0.6166373E-12   0.8537106E-04   0.7478610       0.5931458E-09   0.8098683E-10   0.8439315E-05   0.1268360E-09   0.2785700E-07   0.2520452        0.000000    
   0.4145582E-10    2822.446       0.8051133E+11    20751.34       0.6572408E-02   0.6166373E-12   0.8537106E-04   0.7478610       0.5931458E-09   0.8098684E-10   0.8439315E-05   0.1268360E-09   0.2785699E-07   0.2520452        0.000000    
   0.4611578E-10    2822.446       0.8051133E+11    20751.34       0.5083746E-02   0.6166373E-12   0.8537106E-04   0.7478610       0.5931458E-09   0.8098684E-10   0.8439315E-05   0.1268360E-09   0.2785698E-07   0.2520452        0.000000    
   0.5077574E-10    2822.446       0.8051133E+11    20751.34       0.3934993E-02   0.6166373E-12   0.8537106E-04   0.7478610       0.5931458E-09   0.8098683E-10   0.8439315E-05   0.1268359E-09   0.2785697E-07   0.2520452        0.000000    
   0.5543570E-10    2822.446       0.8051133E+11    20751.34       0.3046593E-02   0.6166373E-12   0.8537106E-04   0.7478610       0.5931458E-09   0.8098682E-10   0.8439315E-05   0.1268359E-09   0.2785697E-07   0.2520452        0.000000    
   0.6009565E-10    2822.446       0.8051133E+11    20751.34       0.2359556E-02   0.6166373E-12   0.8537106E-04   0.7478610       0.5931458E-09   0.8098682E-10   0.8439315E-05   0.1268359E-09   0.2785696E-07   0.2520452        0.000000    
   0.6941557E-10    2822.446       0.8051133E+11    20751.34       0.1418938E-02   0.6166373E-12   0.8537106E-04   0.7478610       0.5931458E-09   0.8098680E-10   0.8439315E-05   0.1268359E-09   0.2785696E-07   0.2520452        0.000000    
   0.7780349E-10    2822.446       0.8051133E+11    20751.34       0.8977663E-03   0.6166373E-12   0.8537106E-04   0.7478610       0.5931458E-09   0.8098679E-10   0.8439315E-05   0.1268358E-09   0.2785696E-07   0.2520452        0.000000    
   0.8619141E-10    2822.446       0.8051133E+11    20751.34       0.5704421E-03   0.6166373E-12   0.8537106E-04   0.7478610       0.5931458E-09   0.8098678E-10   0.8439315E-05   0.1268358E-09   0.2785695E-07   0.2520452        0.000000    
   0.9457934E-10    2822.446       0.8051133E+11    20751.34       0.3669592E-03   0.6166373E-12   0.8537106E-04   0.7478610       0.5931458E-09   0.8098677E-10   0.8439315E-05   0.1268358E-09   0.2785695E-07   0.2520452        0.000000    
   0.1029673E-09    2822.446       0.8051133E+11    20751.34       0.2365294E-03   0.6166373E-12   0.8537106E-04   0.7478610       0.5931458E-09   0.8098676E-10   0.8439315E-05   0.1268358E-09   0.2785695E-07   0.2520452        0.000000    
   0.1113552E-09    2822.446       0.8051133E+11    20751.34       0.1529967E-03   0.6166373E-12   0.8537106E-04   0.7478610       0.5931458E-09   0.8098676E-10   0.8439315E-05   0.1268358E-09   0.2785695E-07   0.2520452        0.000000    
   0.1197431E-09    2822.446       0.8051133E+11    20751.34       0.9864446E-04   0.6166373E-12   0.8537106E-04   0.7478610       0.5931458E-09   0.8098676E-10   0.8439315E-05   0.1268358E-09   0.2785695E-07   0.2520452        0.000000    
   0.1281310E-09    2822.446       0.8051133E+11    20751.34       0.6265699E-04   0.6166373E-12   0.8537106E-04   0.7478610       0.5931458E-09   0.8098676E-10   0.8439315E-05   0.1268358E-09   0.2785695E-07   0.2520452        0.000000    
   0.1449069E-09    2822.446       0.8051133E+11    20751.34       0.2215404E-04   0.6166373E-12   0.8537106E-04   0.7478610       0.5931458E-09   0.8098675E-10   0.8439315E-05   0.1268358E-09   0.2785695E-07   0.2520452        0.000000    
   0.1616827E-09    2822.446       0.8051133E+11    20751.34       0.4228801E-05   0.6166373E-12   0.8537106E-04   0.7478610       0.5931458E-09   0.8098675E-10   0.8439315E-05   0.1268358E-09   0.2785695E-07   0.2520452        0.000000    
   0.1784586E-09    2822.446       0.8051133E+11    20751.34      -0.1025659E-05   0.6166373E-12   0.8537106E-04   0.7478610       0.5931458E-09   0.8098675E-10   0.8439315E-05   0.1268358E-09   0.2785695E-07   0.2520452        0.000000    
   0.1952344E-09    2822.446       0.8051133E+11    20751.34      -0.1162455E-05   0.6166373E-12   0.8537106E-04   0.7478610       0.5931458E-09   0.8098675E-10   0.8439315E-05   0.1268358E-09   0.2785695E-07   0.2520452        0.000000    
   0.2287861E-09    2822.446       0.8051133E+11    20751.34       0.2811301E-05   0.6166373E-12   0.8537106E-04   0.7478610       0.5931458E-09   0.8098675E-10   0.8439315E-05   0.1268358E-09   0.2785695E-07   0.2520452        0.000000    
   0.2623378E-09    2822.446       0.8051133E+11    20751.34       0.3300073E-05   0.6166373E-12   0.8537106E-04   0.7478610       0.5931458E-09   0.8098675E-10   0.8439315E-05   0.1268358E-09   0.2785695E-07   0.2520452        0.000000    
   0.2958895E-09    2822.446       0.8051133E+11    20751.34       0.1120325E-05   0.6166373E-12   0.8537106E-04   0.7478610       0.5931458E-09   0.8098675E-10   0.8439315E-05   0.1268358E-09   0.2785695E-07   0.2520452        0.000000    
   0.3629929E-09    2822.446       0.8051133E+11    20751.34       0.2467801E-07   0.6166373E-12   0.8537106E-04   0.7478610       0.5931458E-09   0.8098675E-10   0.8439315E-05   0.1268358E-09   0.2785695E-07   0.2520452        0.000000    
   0.4971996E-09    2822.446       0.8051133E+11    20751.34       0.1037484E-06   0.6166373E-12   0.8537106E-04   0.7478610       0.5931458E-09   0.8098675E-10   0.8439315E-05   0.1268358E-09   0.2785695E-07   0.2520452        0.000000    
   0.7656131E-09    2822.446       0.8051133E+11    20751.34       0.3397587E-07   0.6166373E-12   0.8537106E-04   0.7478610       0.5931458E-09   0.8098675E-10   0.8439315E-05   0.1268358E-09   0.2785695E-07   0.2520452        0.000000    
   0.1302440E-08    2822.446       0.8051133E+11    20751.34       0.1508939E-07   0.6166373E-12   0.8537106E-04   0.7478610       0.5931458E-09   0.8098675E-10   0.8439315E-05   0.1268358E-09   0.2785695E-07   0.2520452        0.000000    
   0.2376094E-08    2822.446       0.8051133E+11    20751.34       0.1099017E-06   0.6166373E-12   0.8537106E-04   0.7478610       0.5931458E-09   0.8098675E-10   0.8439315E-05   0.1268358E-09   0.2785695E-07   0.2520452        0.000000    
   0.4523402E-08    2822.446       0.8051133E+11    20751.34      -0.1744999E-06   0.6166373E-12   0.8537106E-04   0.7478610       0.5931458E-09   0.8098675E-10   0.8439315E-05   0.1268358E-09   0.2785695E-07   0.2520452        0.000000    
   0.8818019E-08    2822.446       0.8051133E+11    20751.34       0.3437138E-07   0.6166373E-12   0.8537106E-04   0.7478610       0.5931458E-09   0.8098675E-10   0.8439315E-05   0.1268358E-09   0.2785695E-07   0.2520452        0.000000    
   0.1740725E-07    2822.446       0.8051133E+11    20751.34      -0.1744998E-06   0.6166373E-12   0.8537106E-04   0.7478610       0.5931458E-09   0.8098675E-10   0.8439315E-05   0.1268358E-09   0.2785695E-07   0.2520452        0.000000    
   0.3458572E-07    2822.446       0.8051133E+11    20751.34       0.1098994E-06   0.6166373E-12   0.8537106E-04   0.7478610       0.5931458E-09   0.8098675E-10   0.8439315E-05   0.1268358E-09   0.2785695E-07   0.2520452        0.000000    
   0.6894265E-07    2822.446       0.8051133E+11    20751.34       0.1510265E-07   0.6166373E-12   0.8537106E-04   0.7478610       0.5931458E-09   0.8098675E-10   0.8439315E-05   0.1268358E-09   0.2785695E-07   0.2520452        0.000000    
   0.1376565E-06    2822.446       0.8051133E+11    20751.34       0.3436652E-07   0.6166373E-12   0.8537106E-04   0.7478610       0.5931458E-09   0.8098675E-10   0.8439315E-05   0.1268358E-09   0.2785695E-07   0.2520452        0.000000    
   0.2750842E-06    2822.446       0.8051133E+11    20751.34       0.1099018E-06   0.6166373E-12   0.8537106E-04   0.7478610       0.5931458E-09   0.8098675E-10   0.8439315E-05   0.1268358E-09   0.2785695E-07   0.2520452        0.000000    
   0.5499397E-06    2822.446       0.8051133E+11    20751.34       0.3437140E-07   0.6166373E-12   0.8537106E-04   0.7478610       0.5931458E-09   0.8098675E-10   0.8439315E-05   0.1268358E-09   0.2785695E-07   0.2520452        0.000000    
   0.1099651E-05    2822.446       0.8051133E+11    20751.34      -0.1744974E-06   0.6166373E-12   0.8537106E-04   0.7478610       0.5931458E-09   0.8098675E-10   0.8439315E-05   0.1268358E-09   0.2785695E-07   0.2520452        0.000000    
   0.2000000E-05    2822.446       0.8051133E+11    20751.34       0.3436670E-07   0.6166373E-12   0.8537106E-04   0.7478610       0.5931458E-09   0.8098675E-10   0.8439315E-05   0.1268358E-09   0.2785695E-07   0.2520452        0.000000    
