7.6366E-10   3.03434
1.5278E-09   3.03511
2.2924E-09   3.03588
3.0575E-09   3.03664
3.8230E-09   3.03741
4.5890E-09   3.03818
5.3555E-09   3.03895
6.1225E-09   3.03972
6.8899E-09   3.04049
7.6579E-09   3.04126
8.4262E-09   3.04203
9.1951E-09   3.04280
9.9645E-09   3.04357
1.0734E-08   3.04434
1.1505E-08   3.04511
1.2275E-08   3.04588
1.3047E-08   3.04666
1.3818E-08   3.04743
1.4590E-08   3.04820
1.5363E-08   3.04897
1.6136E-08   3.04974
1.6910E-08   3.05052
1.7684E-08   3.05129
1.8459E-08   3.05206
1.9234E-08   3.05284
2.0009E-08   3.05361
2.0785E-08   3.05438
2.1562E-08   3.05516
2.2339E-08   3.05593
2.3116E-08   3.05671
2.3894E-08   3.05748
2.4672E-08   3.05826
2.5451E-08   3.05903
2.6230E-08   3.05981
2.7010E-08   3.06058
2.7791E-08   3.06136
2.8571E-08   3.06214
2.9353E-08   3.06291
3.0134E-08   3.06369
3.0916E-08   3.06447
3.1699E-08   3.06524
3.2482E-08   3.06602
3.3266E-08   3.06680
3.4050E-08   3.06758
3.4835E-08   3.06836
3.5620E-08   3.06913
3.6405E-08   3.06991
3.7191E-08   3.07069
3.7978E-08   3.07147
3.8765E-08   3.07225
3.9552E-08   3.07303
4.0340E-08   3.07381
4.1129E-08   3.07459
4.1918E-08   3.07537
4.2707E-08   3.07615
4.3497E-08   3.07693
4.4287E-08   3.07771
4.5078E-08   3.07849
4.5869E-08   3.07928
4.6661E-08   3.08006
4.7453E-08   3.08084
4.8246E-08   3.08162
4.9039E-08   3.08240
4.9833E-08   3.08319
5.0627E-08   3.08397
5.1422E-08   3.08475
5.2217E-08   3.08554
5.3013E-08   3.08632
5.3809E-08   3.08711
5.4606E-08   3.08789
5.5403E-08   3.08867
5.6200E-08   3.08946
5.6998E-08   3.09024
5.7797E-08   3.09103
5.8596E-08   3.09181
5.9395E-08   3.09260
6.0195E-08   3.09339
6.0996E-08   3.09417
6.1797E-08   3.09496
6.2598E-08   3.09574
6.3400E-08   3.09653
6.4203E-08   3.09732
6.5006E-08   3.09811
6.5809E-08   3.09889
6.6613E-08   3.09968
6.7417E-08   3.10047
6.8222E-08   3.10126
6.9027E-08   3.10205
6.9833E-08   3.10283
7.0639E-08   3.10362
7.1446E-08   3.10441
7.2253E-08   3.10520
7.3061E-08   3.10599
7.3869E-08   3.10678
7.4678E-08   3.10757
7.5487E-08   3.10836
7.6297E-08   3.10915
7.7107E-08   3.10994
7.7918E-08   3.11074
7.8729E-08   3.11153
7.9541E-08   3.11232
8.0353E-08   3.11311
8.1165E-08   3.11390
8.1979E-08   3.11470
8.2792E-08   3.11549
8.3606E-08   3.11628
8.4421E-08   3.11707
8.5236E-08   3.11787
8.6051E-08   3.11866
8.6867E-08   3.11946
8.7684E-08   3.12025
8.8501E-08   3.12104
8.9318E-08   3.12184
9.0136E-08   3.12263
9.0955E-08   3.12343
9.1774E-08   3.12422
9.2593E-08   3.12502
9.3413E-08   3.12582
9.4234E-08   3.12661
9.5054E-08   3.12741
9.5876E-08   3.12820
9.6698E-08   3.12900
9.7520E-08   3.12980
9.8343E-08   3.13060
9.9166E-08   3.13139
9.9990E-08   3.13219
1.0081E-07   3.13299
1.0164E-07   3.13379
1.0246E-07   3.13459
1.0329E-07   3.13538
1.0412E-07   3.13618
1.0494E-07   3.13698
1.0577E-07   3.13778
1.0660E-07   3.13858
1.0743E-07   3.13938
1.0826E-07   3.14018
1.0908E-07   3.14098
1.0991E-07   3.14178
1.1074E-07   3.14258
1.1158E-07   3.14339
1.1241E-07   3.14419
1.1324E-07   3.14499
1.1407E-07   3.14579
1.1490E-07   3.14659
1.1574E-07   3.14740
1.1657E-07   3.14820
1.1740E-07   3.14900
1.1824E-07   3.14980
1.1907E-07   3.15061
1.1991E-07   3.15141
1.2075E-07   3.15222
1.2158E-07   3.15302
1.2242E-07   3.15382
1.2326E-07   3.15463
1.2410E-07   3.15543
1.2493E-07   3.15624
1.2577E-07   3.15704
1.2661E-07   3.15785
1.2745E-07   3.15866
1.2829E-07   3.15946
1.2913E-07   3.16027
1.2998E-07   3.16108
1.3082E-07   3.16188
1.3166E-07   3.16269
1.3250E-07   3.16350
1.3335E-07   3.16430
1.3419E-07   3.16511
1.3504E-07   3.16592
1.3588E-07   3.16673
1.3673E-07   3.16754
1.3757E-07   3.16835
1.3842E-07   3.16916
1.3927E-07   3.16997
1.4011E-07   3.17078
1.4096E-07   3.17159
1.4181E-07   3.17240
1.4266E-07   3.17321
1.4351E-07   3.17402
1.4436E-07   3.17483
1.4521E-07   3.17564
1.4606E-07   3.17645
1.4691E-07   3.17726
1.4776E-07   3.17807
1.4862E-07   3.17889
1.4947E-07   3.17970
1.5032E-07   3.18051
1.5118E-07   3.18132
1.5203E-07   3.18214
1.5289E-07   3.18295
1.5374E-07   3.18376
1.5460E-07   3.18458
1.5545E-07   3.18539
1.5631E-07   3.18621
1.5717E-07   3.18702
1.5803E-07   3.18784
1.5889E-07   3.18865
1.5974E-07   3.18947
1.6060E-07   3.19028
1.6146E-07   3.19110
1.6232E-07   3.19191
1.6319E-07   3.19273
1.6405E-07   3.19355
1.6491E-07   3.19436
1.6577E-07   3.19518
1.6663E-07   3.19600
1.6750E-07   3.19682
1.6836E-07   3.19763
1.6923E-07   3.19845
1.7009E-07   3.19927
1.7096E-07   3.20009
1.7182E-07   3.20091
1.7269E-07   3.20173
1.7356E-07   3.20255
1.7442E-07   3.20337
1.7529E-07   3.20419
1.7616E-07   3.20501
1.7703E-07   3.20583
1.7790E-07   3.20665
1.7877E-07   3.20747
1.7964E-07   3.20829
1.8051E-07   3.20911
1.8138E-07   3.20993
1.8225E-07   3.21076
1.8313E-07   3.21158
1.8400E-07   3.21240
1.8487E-07   3.21322
1.8575E-07   3.21405
1.8662E-07   3.21487
1.8750E-07   3.21569
1.8837E-07   3.21652
1.8925E-07   3.21734
1.9012E-07   3.21817
1.9100E-07   3.21899
1.9188E-07   3.21982
1.9276E-07   3.22064
1.9364E-07   3.22147
1.9451E-07   3.22229
1.9539E-07   3.22312
1.9627E-07   3.22394
1.9716E-07   3.22477
1.9804E-07   3.22560
1.9892E-07   3.22642
1.9980E-07   3.22725
2.0068E-07   3.22808
2.0157E-07   3.22891
2.0245E-07   3.22973
2.0333E-07   3.23056
2.0422E-07   3.23139
2.0510E-07   3.23222
2.0599E-07   3.23305
2.0687E-07   3.23388
2.0776E-07   3.23471
2.0865E-07   3.23554
2.0954E-07   3.23637
2.1042E-07   3.23720
2.1131E-07   3.23803
2.1220E-07   3.23886
2.1309E-07   3.23969
2.1398E-07   3.24052
2.1487E-07   3.24135
2.1576E-07   3.24218
2.1666E-07   3.24301
2.1755E-07   3.24385
2.1844E-07   3.24468
2.1933E-07   3.24551
2.2023E-07   3.24635
2.2112E-07   3.24718
2.2202E-07   3.24801
2.2291E-07   3.24885
2.2381E-07   3.24968
2.2470E-07   3.25051
2.2560E-07   3.25135
2.2650E-07   3.25218
2.2740E-07   3.25302
2.2829E-07   3.25385
2.2919E-07   3.25469
2.3009E-07   3.25553
2.3099E-07   3.25636
2.3189E-07   3.25720
2.3279E-07   3.25803
2.3369E-07   3.25887
2.3460E-07   3.25971
2.3550E-07   3.26055
2.3640E-07   3.26138
2.3731E-07   3.26222
2.3821E-07   3.26306
2.3911E-07   3.26390
2.4002E-07   3.26474
2.4092E-07   3.26558
2.4183E-07   3.26642
2.4274E-07   3.26725
2.4364E-07   3.26809
2.4455E-07   3.26893
2.4546E-07   3.26977
2.4637E-07   3.27062
2.4728E-07   3.27146
2.4819E-07   3.27230
2.4910E-07   3.27314
2.5001E-07   3.27398
2.5092E-07   3.27482
2.5183E-07   3.27566
2.5274E-07   3.27651
2.5365E-07   3.27735
2.5457E-07   3.27819
2.5548E-07   3.27904
2.5640E-07   3.27988
2.5731E-07   3.28072
2.5823E-07   3.28157
2.5914E-07   3.28241
2.6006E-07   3.28325
2.6097E-07   3.28410
2.6189E-07   3.28494
2.6281E-07   3.28579
2.6373E-07   3.28664
2.6465E-07   3.28748
2.6557E-07   3.28833
2.6649E-07   3.28917
2.6741E-07   3.29002
2.6833E-07   3.29087
2.6925E-07   3.29171
2.7017E-07   3.29256
2.7109E-07   3.29341
2.7201E-07   3.29426
2.7294E-07   3.29511
2.7386E-07   3.29595
2.7479E-07   3.29680
2.7571E-07   3.29765
2.7664E-07   3.29850
2.7756E-07   3.29935
2.7849E-07   3.30020
2.7942E-07   3.30105
2.8034E-07   3.30190
2.8127E-07   3.30275
2.8220E-07   3.30360
2.8313E-07   3.30445
2.8406E-07   3.30530
2.8499E-07   3.30616
2.8592E-07   3.30701
2.8685E-07   3.30786
2.8778E-07   3.30871
2.8872E-07   3.30956
2.8965E-07   3.31042
2.9058E-07   3.31127
2.9152E-07   3.31212
2.9245E-07   3.31298
2.9338E-07   3.31383
2.9432E-07   3.31469
2.9526E-07   3.31554
2.9619E-07   3.31639
2.9713E-07   3.31725
2.9807E-07   3.31811
2.9900E-07   3.31896
2.9994E-07   3.31982
3.0088E-07   3.32067
3.0182E-07   3.32153
3.0276E-07   3.32239
3.0370E-07   3.32324
3.0464E-07   3.32410
3.0558E-07   3.32496
3.0653E-07   3.32581
3.0747E-07   3.32667
3.0841E-07   3.32753
3.0935E-07   3.32839
3.1030E-07   3.32925
3.1124E-07   3.33011
3.1219E-07   3.33097
3.1313E-07   3.33183
3.1408E-07   3.33269
3.1503E-07   3.33355
3.1597E-07   3.33441
3.1692E-07   3.33527
3.1787E-07   3.33613
3.1882E-07   3.33699
3.1977E-07   3.33785
3.2072E-07   3.33871
3.2167E-07   3.33957
3.2262E-07   3.34044
3.2357E-07   3.34130
3.2452E-07   3.34216
3.2548E-07   3.34302
3.2643E-07   3.34389
3.2738E-07   3.34475
3.2834E-07   3.34562
3.2929E-07   3.34648
3.3025E-07   3.34734
3.3120E-07   3.34821
3.3216E-07   3.34907
3.3311E-07   3.34994
3.3407E-07   3.35080
3.3503E-07   3.35167
3.3599E-07   3.35254
3.3695E-07   3.35340
3.3790E-07   3.35427
3.3886E-07   3.35514
3.3982E-07   3.35600
3.4079E-07   3.35687
3.4175E-07   3.35774
3.4271E-07   3.35861
3.4367E-07   3.35947
3.4463E-07   3.36034
3.4560E-07   3.36121
3.4656E-07   3.36208
3.4753E-07   3.36295
3.4849E-07   3.36382
3.4946E-07   3.36469
3.5042E-07   3.36556
3.5139E-07   3.36643
3.5236E-07   3.36730
3.5332E-07   3.36817
3.5429E-07   3.36904
3.5526E-07   3.36991
3.5623E-07   3.37079
3.5720E-07   3.37166
3.5817E-07   3.37253
3.5914E-07   3.37340
3.6011E-07   3.37427
3.6108E-07   3.37515
3.6206E-07   3.37602
3.6303E-07   3.37689
3.6400E-07   3.37777
3.6498E-07   3.37864
3.6595E-07   3.37952
3.6692E-07   3.38039
3.6790E-07   3.38127
3.6888E-07   3.38214
3.6985E-07   3.38302
3.7083E-07   3.38389
3.7181E-07   3.38477
3.7279E-07   3.38565
3.7376E-07   3.38652
3.7474E-07   3.38740
3.7572E-07   3.38828
3.7670E-07   3.38915
3.7768E-07   3.39003
3.7867E-07   3.39091
3.7965E-07   3.39179
3.8063E-07   3.39267
3.8161E-07   3.39355
3.8260E-07   3.39442
3.8358E-07   3.39530
3.8456E-07   3.39618
3.8555E-07   3.39706
3.8653E-07   3.39794
3.8752E-07   3.39882
3.8851E-07   3.39971
3.8949E-07   3.40059
3.9048E-07   3.40147
3.9147E-07   3.40235
3.9246E-07   3.40323
3.9345E-07   3.40411
3.9444E-07   3.40500
3.9543E-07   3.40588
3.9642E-07   3.40676
3.9741E-07   3.40764
3.9840E-07   3.40853
3.9939E-07   3.40941
4.0039E-07   3.41030
4.0138E-07   3.41118
4.0237E-07   3.41206
4.0337E-07   3.41295
4.0436E-07   3.41383
4.0536E-07   3.41472
4.0636E-07   3.41561
4.0735E-07   3.41649
4.0835E-07   3.41738
4.0935E-07   3.41826
4.1034E-07   3.41915
4.1134E-07   3.42004
4.1234E-07   3.42093
4.1334E-07   3.42181
4.1434E-07   3.42270
4.1534E-07   3.42359
4.1635E-07   3.42448
4.1735E-07   3.42537
4.1835E-07   3.42626
4.1935E-07   3.42715
4.2036E-07   3.42804
4.2136E-07   3.42893
4.2236E-07   3.42982
4.2337E-07   3.43071
4.2438E-07   3.43160
4.2538E-07   3.43249
4.2639E-07   3.43338
4.2740E-07   3.43427
4.2840E-07   3.43516
4.2941E-07   3.43605
4.3042E-07   3.43695
4.3143E-07   3.43784
4.3244E-07   3.43873
4.3345E-07   3.43963
4.3446E-07   3.44052
4.3547E-07   3.44141
4.3648E-07   3.44231
4.3750E-07   3.44320
4.3851E-07   3.44410
4.3952E-07   3.44499
4.4054E-07   3.44589
4.4155E-07   3.44678
4.4257E-07   3.44768
4.4358E-07   3.44857
4.4460E-07   3.44947
4.4562E-07   3.45037
4.4663E-07   3.45126
4.4765E-07   3.45216
4.4867E-07   3.45306
4.4969E-07   3.45396
4.5071E-07   3.45485
4.5173E-07   3.45575
4.5275E-07   3.45665
4.5377E-07   3.45755
4.5479E-07   3.45845
4.5581E-07   3.45935
4.5684E-07   3.46025
4.5786E-07   3.46115
4.5888E-07   3.46205
4.5991E-07   3.46295
4.6093E-07   3.46385
4.6196E-07   3.46475
4.6298E-07   3.46565
4.6401E-07   3.46655
4.6504E-07   3.46746
4.6607E-07   3.46836
4.6709E-07   3.46926
4.6812E-07   3.47016
4.6915E-07   3.47107
4.7018E-07   3.47197
4.7121E-07   3.47287
4.7224E-07   3.47378
4.7327E-07   3.47468
4.7431E-07   3.47559
4.7534E-07   3.47649
4.7637E-07   3.47740
4.7740E-07   3.47830
4.7844E-07   3.47921
4.7947E-07   3.48011
4.8051E-07   3.48102
4.8154E-07   3.48193
4.8258E-07   3.48283
4.8362E-07   3.48374
4.8465E-07   3.48465
4.8569E-07   3.48555
4.8673E-07   3.48646
4.8777E-07   3.48737
4.8881E-07   3.48828
4.8985E-07   3.48919
4.9089E-07   3.49010
4.9193E-07   3.49101
4.9297E-07   3.49192
4.9401E-07   3.49283
4.9505E-07   3.49374
4.9610E-07   3.49465
4.9714E-07   3.49556
4.9819E-07   3.49647
4.9923E-07   3.49738
5.0028E-07   3.49829
5.0132E-07   3.49920
5.0237E-07   3.50012
5.0341E-07   3.50103
5.0446E-07   3.50194
5.0551E-07   3.50285
5.0656E-07   3.50377
5.0761E-07   3.50468
5.0866E-07   3.50560
5.0971E-07   3.50651
5.1076E-07   3.50742
5.1181E-07   3.50834
5.1286E-07   3.50925
5.1391E-07   3.51017
5.1497E-07   3.51109
5.1602E-07   3.51200
5.1707E-07   3.51292
5.1813E-07   3.51383
5.1918E-07   3.51475
5.2024E-07   3.51567
5.2129E-07   3.51659
5.2235E-07   3.51750
5.2341E-07   3.51842
5.2447E-07   3.51934
5.2552E-07   3.52026
5.2658E-07   3.52118
5.2764E-07   3.52210
5.2870E-07   3.52302
5.2976E-07   3.52394
5.3082E-07   3.52486
5.3188E-07   3.52578
5.3295E-07   3.52670
5.3401E-07   3.52762
5.3507E-07   3.52854
5.3614E-07   3.52946
5.3720E-07   3.53038
5.3826E-07   3.53130
5.3933E-07   3.53223
5.4040E-07   3.53315
5.4146E-07   3.53407
5.4253E-07   3.53499
5.4360E-07   3.53592
5.4466E-07   3.53684
5.4573E-07   3.53777
5.4680E-07   3.53869
5.4787E-07   3.53962
5.4894E-07   3.54054
5.5001E-07   3.54147
5.5108E-07   3.54239
5.5216E-07   3.54332
5.5323E-07   3.54424
5.5430E-07   3.54517
5.5537E-07   3.54610
5.5645E-07   3.54702
5.5752E-07   3.54795
5.5860E-07   3.54888
5.5967E-07   3.54981
5.6075E-07   3.55073
5.6183E-07   3.55166
5.6290E-07   3.55259
5.6398E-07   3.55352
5.6506E-07   3.55445
5.6614E-07   3.55538
5.6722E-07   3.55631
5.6830E-07   3.55724
5.6938E-07   3.55817
5.7046E-07   3.55910
5.7154E-07   3.56003
5.7262E-07   3.56096
5.7371E-07   3.56190
5.7479E-07   3.56283
5.7587E-07   3.56376
5.7696E-07   3.56469
5.7804E-07   3.56562
5.7913E-07   3.56656
5.8021E-07   3.56749
5.8130E-07   3.56843
5.8239E-07   3.56936
5.8347E-07   3.57029
5.8456E-07   3.57123
5.8565E-07   3.57216
5.8674E-07   3.57310
5.8783E-07   3.57403
5.8892E-07   3.57497
5.9001E-07   3.57591
5.9110E-07   3.57684
5.9219E-07   3.57778
5.9329E-07   3.57872
5.9438E-07   3.57965
5.9547E-07   3.58059
5.9657E-07   3.58153
5.9766E-07   3.58247
5.9876E-07   3.58341
5.9985E-07   3.58434
6.0095E-07   3.58528
6.0205E-07   3.58622
6.0314E-07   3.58716
6.0424E-07   3.58810
6.0534E-07   3.58904
6.0644E-07   3.58998
6.0754E-07   3.59092
6.0864E-07   3.59187
6.0974E-07   3.59281
6.1084E-07   3.59375
6.1194E-07   3.59469
6.1305E-07   3.59563
6.1415E-07   3.59658
6.1525E-07   3.59752
6.1636E-07   3.59846
6.1746E-07   3.59941
6.1857E-07   3.60035
6.1967E-07   3.60129
6.2078E-07   3.60224
6.2188E-07   3.60318
6.2299E-07   3.60413
6.2410E-07   3.60507
6.2521E-07   3.60602
6.2632E-07   3.60696
6.2743E-07   3.60791
6.2854E-07   3.60886
6.2965E-07   3.60980
6.3076E-07   3.61075
6.3187E-07   3.61170
6.3298E-07   3.61265
6.3409E-07   3.61359
6.3521E-07   3.61454
6.3632E-07   3.61549
6.3744E-07   3.61644
6.3855E-07   3.61739
6.3967E-07   3.61834
6.4078E-07   3.61929
6.4190E-07   3.62024
6.4302E-07   3.62119
6.4413E-07   3.62214
6.4525E-07   3.62309
6.4637E-07   3.62404
6.4749E-07   3.62499
6.4861E-07   3.62595
6.4973E-07   3.62690
6.5085E-07   3.62785
6.5197E-07   3.62880
6.5310E-07   3.62976
6.5422E-07   3.63071
6.5534E-07   3.63166
6.5646E-07   3.63262
6.5759E-07   3.63357
6.5871E-07   3.63453
6.5984E-07   3.63548
6.6097E-07   3.63644
6.6209E-07   3.63739
6.6322E-07   3.63835
6.6435E-07   3.63931
6.6547E-07   3.64026
6.6660E-07   3.64122
6.6773E-07   3.64218
6.6886E-07   3.64313
6.6999E-07   3.64409
6.7112E-07   3.64505
6.7226E-07   3.64601
6.7339E-07   3.64697
6.7452E-07   3.64793
6.7565E-07   3.64888
6.7679E-07   3.64984
6.7792E-07   3.65080
6.7906E-07   3.65176
6.8019E-07   3.65272
6.8133E-07   3.65369
6.8246E-07   3.65465
6.8360E-07   3.65561
6.8474E-07   3.65657
6.8588E-07   3.65753
6.8702E-07   3.65849
6.8815E-07   3.65946
6.8929E-07   3.66042
6.9043E-07   3.66138
6.9158E-07   3.66235
6.9272E-07   3.66331
6.9386E-07   3.66427
6.9500E-07   3.66524
6.9614E-07   3.66620
6.9729E-07   3.66717
6.9843E-07   3.66813
6.9958E-07   3.66910
7.0072E-07   3.67006
7.0187E-07   3.67103
7.0301E-07   3.67200
7.0416E-07   3.67296
7.0531E-07   3.67393
7.0646E-07   3.67490
7.0761E-07   3.67587
7.0876E-07   3.67683
7.0990E-07   3.67780
7.1106E-07   3.67877
7.1221E-07   3.67974
7.1336E-07   3.68071
7.1451E-07   3.68168
7.1566E-07   3.68265
7.1681E-07   3.68362
7.1797E-07   3.68459
7.1912E-07   3.68556
7.2028E-07   3.68653
7.2143E-07   3.68750
7.2259E-07   3.68848
7.2374E-07   3.68945
7.2490E-07   3.69042
7.2606E-07   3.69139
7.2722E-07   3.69237
7.2838E-07   3.69334
7.2954E-07   3.69431
7.3069E-07   3.69529
7.3186E-07   3.69626
7.3302E-07   3.69724
7.3418E-07   3.69821
7.3534E-07   3.69919
7.3650E-07   3.70016
7.3767E-07   3.70114
7.3883E-07   3.70211
7.3999E-07   3.70309
7.4116E-07   3.70407
7.4232E-07   3.70504
7.4349E-07   3.70602
7.4466E-07   3.70700
7.4582E-07   3.70798
7.4699E-07   3.70896
7.4816E-07   3.70993
7.4933E-07   3.71091
7.5050E-07   3.71189
7.5167E-07   3.71287
7.5284E-07   3.71385
7.5401E-07   3.71483
7.5518E-07   3.71581
7.5635E-07   3.71679
7.5752E-07   3.71777
7.5870E-07   3.71876
7.5987E-07   3.71974
7.6104E-07   3.72072
7.6222E-07   3.72170
7.6339E-07   3.72268
7.6457E-07   3.72367
7.6575E-07   3.72465
7.6692E-07   3.72563
7.6810E-07   3.72662
7.6928E-07   3.72760
7.7046E-07   3.72859
7.7164E-07   3.72957
7.7282E-07   3.73056
7.7400E-07   3.73154
7.7518E-07   3.73253
7.7636E-07   3.73352
7.7754E-07   3.73450
7.7872E-07   3.73549
7.7991E-07   3.73648
7.8109E-07   3.73746
7.8227E-07   3.73845
7.8346E-07   3.73944
7.8464E-07   3.74043
7.8583E-07   3.74142
7.8702E-07   3.74240
7.8820E-07   3.74339
7.8939E-07   3.74438
7.9058E-07   3.74537
7.9177E-07   3.74636
7.9296E-07   3.74735
7.9415E-07   3.74834
7.9534E-07   3.74934
7.9653E-07   3.75033
7.9772E-07   3.75132
7.9891E-07   3.75231
8.0010E-07   3.75330
8.0130E-07   3.75430
8.0249E-07   3.75529
8.0369E-07   3.75628
8.0488E-07   3.75728
8.0608E-07   3.75827
8.0727E-07   3.75927
8.0847E-07   3.76026
8.0967E-07   3.76125
8.1086E-07   3.76225
8.1206E-07   3.76325
8.1326E-07   3.76424
8.1446E-07   3.76524
8.1566E-07   3.76623
8.1686E-07   3.76723
8.1806E-07   3.76823
8.1926E-07   3.76923
8.2046E-07   3.77022
8.2167E-07   3.77122
8.2287E-07   3.77222
8.2407E-07   3.77322
8.2528E-07   3.77422
8.2648E-07   3.77522
8.2769E-07   3.77622
8.2890E-07   3.77722
8.3010E-07   3.77822
8.3131E-07   3.77922
8.3252E-07   3.78022
8.3372E-07   3.78122
8.3493E-07   3.78222
8.3614E-07   3.78323
8.3735E-07   3.78423
8.3856E-07   3.78523
8.3977E-07   3.78623
8.4099E-07   3.78724
8.4220E-07   3.78824
8.4341E-07   3.78924
8.4462E-07   3.79025
8.4584E-07   3.79125
8.4705E-07   3.79226
8.4827E-07   3.79326
8.4948E-07   3.79427
8.5070E-07   3.79527
8.5192E-07   3.79628
8.5313E-07   3.79729
8.5435E-07   3.79829
8.5557E-07   3.79930
8.5679E-07   3.80031
8.5801E-07   3.80132
8.5923E-07   3.80232
8.6045E-07   3.80333
8.6167E-07   3.80434
8.6289E-07   3.80535
8.6411E-07   3.80636
8.6534E-07   3.80737
8.6656E-07   3.80838
8.6778E-07   3.80939
8.6901E-07   3.81040
8.7023E-07   3.81141
8.7146E-07   3.81242
8.7269E-07   3.81343
8.7391E-07   3.81445
8.7514E-07   3.81546
8.7637E-07   3.81647
8.7760E-07   3.81748
8.7883E-07   3.81850
8.8006E-07   3.81951
8.8129E-07   3.82053
8.8252E-07   3.82154
8.8375E-07   3.82255
8.8498E-07   3.82357
8.8621E-07   3.82458
8.8745E-07   3.82560
8.8868E-07   3.82662
8.8991E-07   3.82763
8.9115E-07   3.82865
8.9238E-07   3.82967
8.9362E-07   3.83068
8.9486E-07   3.83170
8.9609E-07   3.83272
8.9733E-07   3.83374
8.9857E-07   3.83475
8.9981E-07   3.83577
9.0105E-07   3.83679
9.0229E-07   3.83781
9.0353E-07   3.83883
9.0477E-07   3.83985
9.0601E-07   3.84087
9.0725E-07   3.84189
9.0849E-07   3.84291
9.0974E-07   3.84394
9.1098E-07   3.84496
9.1222E-07   3.84598
9.1347E-07   3.84700
9.1471E-07   3.84802
9.1596E-07   3.84905
9.1721E-07   3.85007
9.1845E-07   3.85110
9.1970E-07   3.85212
9.2095E-07   3.85314
9.2220E-07   3.85417
9.2345E-07   3.85519
9.2470E-07   3.85622
9.2595E-07   3.85724
9.2720E-07   3.85827
9.2845E-07   3.85930
9.2970E-07   3.86032
9.3096E-07   3.86135
9.3221E-07   3.86238
9.3346E-07   3.86341
9.3472E-07   3.86443
9.3597E-07   3.86546
9.3723E-07   3.86649
9.3848E-07   3.86752
9.3974E-07   3.86855
9.4100E-07   3.86958
9.4226E-07   3.87061
9.4351E-07   3.87164
9.4477E-07   3.87267
9.4603E-07   3.87370
9.4729E-07   3.87473
9.4855E-07   3.87576
9.4981E-07   3.87680
9.5108E-07   3.87783
9.5234E-07   3.87886
9.5360E-07   3.87989
9.5486E-07   3.88093
9.5613E-07   3.88196
9.5739E-07   3.88299
9.5866E-07   3.88403
9.5992E-07   3.88506
9.6119E-07   3.88610
9.6246E-07   3.88713
9.6373E-07   3.88817
9.6499E-07   3.88921
9.6626E-07   3.89024
9.6753E-07   3.89128
9.6880E-07   3.89232
9.7007E-07   3.89335
9.7134E-07   3.89439
9.7261E-07   3.89543
9.7388E-07   3.89647
9.7516E-07   3.89750
9.7643E-07   3.89854
9.7770E-07   3.89958
9.7898E-07   3.90062
9.8025E-07   3.90166
9.8153E-07   3.90270
9.8280E-07   3.90374
9.8408E-07   3.90478
9.8536E-07   3.90583
9.8664E-07   3.90687
9.8791E-07   3.90791
9.8919E-07   3.90895
9.9047E-07   3.90999
9.9175E-07   3.91104
9.9303E-07   3.91208
9.9431E-07   3.91312
9.9559E-07   3.91417
9.9688E-07   3.91521
9.9816E-07   3.91626
9.9944E-07   3.91730
1.0007E-06   3.91835
1.0020E-06   3.91939
1.0033E-06   3.92044
1.0046E-06   3.92149
1.0059E-06   3.92253
1.0072E-06   3.92358
1.0084E-06   3.92463
1.0097E-06   3.92567
1.0110E-06   3.92672
1.0123E-06   3.92777
1.0136E-06   3.92882
1.0149E-06   3.92987
1.0162E-06   3.93092
1.0175E-06   3.93197
1.0188E-06   3.93302
1.0201E-06   3.93407
