  "Time"          "Temp"          "Pres"          "Dens"          "Th_MIX"        "X_OH*"         "X_H"           "X_H2"          "X_O"           "X_O2"          "X_OH"          "X_HO2"         "X_H2O2"        "X_H2O"         "X_AR"         
  "s"             "K"             "Pa"            "kg/m3"         "s"             "none"          "none"          "none"          "none"          "none"          "none"          "none"          "none"          "none"          "none"         
    0.000000        595.5098       0.9969037E+10    24179.24      -0.2353842E-01    0.000000        0.000000       0.6667000        0.000000       0.3333000        0.000000        0.000000        0.000000        0.000000        0.000000    
   0.1074893E-17    595.5098       0.9969037E+10    24179.24      -0.2353841E-01   0.3424097E-57   0.6422662E-25   0.6667000       0.8203154E-35   0.3333000       0.1170966E-19   0.6111693E-25   0.1031127E-38   0.3115578E-26    0.000000    
   0.3224678E-17    595.5098       0.9969037E+10    24179.24      -0.2353839E-01   0.1858593E-56   0.2002387E-24   0.6667000       0.4566721E-34   0.3333000       0.3512896E-19   0.1833584E-24   0.5597719E-38   0.1691314E-25    0.000000    
   0.7524249E-17    595.5098       0.9969037E+10    24179.24      -0.2353835E-01   0.9068476E-56   0.5102560E-24   0.6667000       0.2350629E-33   0.3333000       0.8196753E-19   0.4278824E-24   0.2732094E-37   0.8254256E-25    0.000000    
   0.1612339E-16    595.5098       0.9969037E+10    24179.24      -0.2353827E-01   0.3937343E-55   0.1274923E-23   0.6667000       0.1178910E-32   0.3333000       0.1756445E-18   0.9171334E-24   0.1187353E-36   0.3586372E-24    0.000000    
   0.3332168E-16    595.5098       0.9969037E+10    24179.24      -0.2353810E-01   0.1654001E-54   0.3400852E-23   0.6667000       0.6190218E-32   0.3333000       0.3629979E-18   0.1896758E-23   0.4997331E-36   0.1508543E-23    0.000000    
   0.6771824E-16    595.5098       0.9969037E+10    24179.24      -0.2353777E-01   0.6777016E-54   0.1003423E-22   0.6667000       0.3548344E-31   0.3333000       0.7377023E-18   0.3862931E-23   0.2056271E-35   0.6196798E-23    0.000000    
   0.1365114E-15    595.5098       0.9969037E+10    24179.24      -0.2353710E-01   0.2737525E-53   0.3282329E-22   0.6667000       0.2253171E-30   0.3333000       0.1487102E-17   0.7842438E-23   0.8388287E-35   0.2514277E-22    0.000000    
   0.2740977E-15    595.5098       0.9969037E+10    24179.24      -0.2353575E-01   0.1102341E-52   0.1163360E-21   0.6667000       0.1561480E-29   0.3333000       0.2985862E-17   0.1614514E-22   0.3444007E-34   0.1013130E-21    0.000000    
   0.5492702E-15    595.5098       0.9969037E+10    24179.24      -0.2353298E-01   0.4914447E-52   0.4338764E-21   0.6667000       0.1148472E-28   0.3333000       0.5983229E-17   0.3535597E-22   0.1477985E-33   0.4067739E-21    0.000000    
   0.1099615E-14    595.5098       0.9969037E+10    24179.24      -0.2352716E-01   0.5161879E-51   0.1661273E-20   0.6667000       0.8730182E-28   0.3333000       0.1197735E-16   0.9388922E-22   0.7379332E-33   0.1630123E-20    0.000000    
   0.2200305E-14    595.5098       0.9969037E+10    24179.24      -0.2351450E-01   0.2011171E-49   0.6409772E-20   0.6667000       0.6718446E-27   0.3333000       0.2396315E-16   0.3665108E-21   0.5199951E-32   0.6526083E-20    0.000000    
   0.4401686E-14    595.5098       0.9969037E+10    24179.24      -0.2348528E-01   0.1017314E-47   0.2451330E-19   0.6667000       0.5143777E-26   0.3333000       0.4792494E-16   0.2098562E-20   0.5512704E-31   0.2611134E-19    0.000000    
   0.8804447E-14    595.5098       0.9969037E+10    24179.24      -0.2341308E-01   0.4617064E-46   0.9111544E-19   0.6667000       0.3843416E-25   0.3333000       0.9580939E-16   0.1431122E-19   0.7300704E-30   0.1044255E-18    0.000000    
   0.1320721E-13    595.5098       0.9969037E+10    24179.24      -0.2332466E-01   0.3326423E-45   0.1935853E-18   0.6667000       0.1170440E-24   0.3333000       0.1436417E-15   0.4280901E-19   0.2928531E-29   0.2348926E-18    0.000000    
   0.1760997E-13    595.5098       0.9969037E+10    24179.24      -0.2322265E-01   0.1359250E-44   0.3261167E-18   0.6667000       0.2569793E-24   0.3333000       0.1914219E-15   0.9334396E-19   0.7963959E-29   0.4174585E-18    0.000000    
   0.2201273E-13    595.5098       0.9969037E+10    24179.24      -0.2310937E-01   0.4046153E-44   0.4836085E-18   0.6667000       0.4722789E-24   0.3333000       0.2391500E-15   0.1709614E-18   0.1752214E-28   0.6520673E-18    0.000000    
   0.3081825E-13    595.5098       0.9969037E+10    24179.24      -0.2285562E-01   0.2058012E-43   0.8588273E-18   0.6667000       0.1169143E-23   0.3333000       0.3344504E-15   0.4218831E-18   0.5800709E-28   0.1277207E-17    0.000000    
   0.3962377E-13    595.5098       0.9969037E+10    24179.24      -0.2257622E-01   0.6665357E-43   0.1291029E-17   0.6667000       0.2284860E-23   0.3333000       0.4295433E-15   0.8233323E-18   0.1430235E-27   0.2109858E-17    0.000000    
   0.4842929E-13    595.5098       0.9969037E+10    24179.24      -0.2228019E-01   0.1658695E-42   0.1760276E-17   0.6667000       0.3873590E-23   0.3333000       0.5244291E-15   0.1394782E-17   0.2948086E-27   0.3149555E-17    0.000000    
   0.5723482E-13    595.5098       0.9969037E+10    24179.24      -0.2197322E-01   0.3466067E-42   0.2254067E-17   0.6667000       0.5968819E-23   0.3333000       0.6191084E-15   0.2148279E-17   0.5378431E-27   0.4395843E-17    0.000000    
   0.6604034E-13    595.5098       0.9969037E+10    24179.24      -0.2165887E-01   0.6399921E-42   0.2764508E-17   0.6667000       0.8591224E-23   0.3333000       0.7135815E-15   0.3091265E-17   0.8979449E-27   0.5848272E-17    0.000000    
   0.7484586E-13    595.5098       0.9969037E+10    24179.24      -0.2133963E-01   0.1078487E-41   0.3286122E-17   0.6667000       0.1175476E-22   0.3333000       0.8078489E-15   0.4228771E-17   0.1401684E-26   0.7506393E-17    0.000000    
   0.8365138E-13    595.5098       0.9969037E+10    24179.24      -0.2101720E-01   0.1695283E-41   0.3815198E-17   0.6667000       0.1546847E-22   0.3333000       0.9019110E-15   0.5564059E-17   0.2076234E-26   0.9369760E-17    0.000000    
   0.1012624E-12    595.5098       0.9969037E+10    24179.24      -0.2036744E-01   0.3596548E-41   0.4885294E-17   0.6667000       0.2457032E-22   0.3333000       0.1089421E-14   0.8836638E-17   0.4047875E-26   0.1371044E-16    0.000000    
   0.1188735E-12    595.5098       0.9969037E+10    24179.24      -0.1971449E-01   0.6610211E-41   0.5964025E-17   0.6667000       0.3591651E-22   0.3333000       0.1276116E-14   0.1291621E-16   0.7036083E-26   0.1886676E-16    0.000000    
   0.1364845E-12    595.5098       0.9969037E+10    24179.24      -0.1906175E-01   0.1099826E-40   0.7043846E-17   0.6667000       0.4951781E-22   0.3333000       0.1461999E-14   0.1780678E-16   0.1126443E-25   0.2483516E-16    0.000000    
   0.1611646E-12    595.5098       0.9969037E+10    24179.24      -0.1815000E-01   0.1995030E-40   0.8553133E-17   0.6667000       0.7236999E-22   0.3333000       0.1721135E-14   0.2602410E-16   0.1970409E-25   0.3455898E-16    0.000000    
   0.1858447E-12    595.5098       0.9969037E+10    24179.24      -0.1724345E-01   0.3279795E-40   0.1005399E-16   0.6667000       0.9963262E-22   0.3333000       0.1978692E-14   0.3582811E-16   0.3163459E-25   0.4586107E-16    0.000000    
   0.2105247E-12    595.5098       0.9969037E+10    24179.24      -0.1634240E-01   0.5021848E-40   0.1154578E-16   0.6667000       0.1312798E-21   0.3333000       0.2234681E-14   0.4720983E-16   0.4766897E-25   0.5873180E-16    0.000000    
   0.2352048E-12    595.5098       0.9969037E+10    24179.24      -0.1544670E-01   0.7287671E-40   0.1302876E-16   0.6667000       0.1672833E-21   0.3333000       0.2489111E-14   0.6015944E-16   0.6841675E-25   0.7316162E-16    0.000000    
   0.2845650E-12    595.5098       0.9969037E+10    24179.24      -0.1367128E-01   0.1364914E-39   0.1596848E-16   0.6667000       0.2522496E-21   0.3333000       0.2993331E-14   0.9072433E-16   0.1264655E-24   0.1066607E-15    0.000000    
   0.3339251E-12    595.5098       0.9969037E+10    24179.24      -0.1191715E-01   0.2286864E-39   0.1887310E-16   0.6667000       0.3543150E-21   0.3333000       0.3491428E-14   0.1274475E-15   0.2105836E-24   0.1462830E-15    0.000000    
   0.4326455E-12    595.5098       0.9969037E+10    24179.24      -0.8472473E-02   0.5178436E-39   0.2457709E-16   0.6667000       0.6088926E-21   0.3333000       0.4469548E-14   0.2190737E-15   0.4758542E-24   0.2436022E-15    0.000000    
   0.5313658E-12    595.5098       0.9969037E+10    24179.24      -0.5111078E-02   0.9764715E-39   0.3014311E-16   0.6667000       0.9293257E-21   0.3333000       0.5424055E-14   0.3344508E-15   0.9015188E-24   0.3645345E-15    0.000000    
   0.6300861E-12    595.5098       0.9969037E+10    24179.24      -0.1830862E-02   0.1637488E-38   0.3557469E-16   0.6667000       0.1313961E-20   0.3333000       0.6355519E-14   0.4730048E-15   0.1523985E-23   0.5085091E-15    0.000000    
   0.7288064E-12    595.5098       0.9969037E+10    24179.24       0.1370204E-02   0.2530872E-38   0.4087522E-16   0.6667000       0.1761185E-20   0.3333000       0.7264498E-14   0.6341754E-15   0.2378759E-23   0.6749695E-15    0.000000    
   0.8275267E-12    595.5098       0.9969037E+10    24179.24       0.4494013E-02   0.3683840E-38   0.4604784E-16   0.6667000       0.2269427E-20   0.3333000       0.8151534E-14   0.8174166E-15   0.3500469E-23   0.8633726E-15    0.000000    
   0.1024967E-11    595.5098       0.9969037E+10    24179.24       0.1051726E-01   0.6864625E-38   0.5602154E-16   0.6667000       0.3462854E-20   0.3333000       0.9861888E-14   0.1247989E-14   0.6679284E-23   0.1303897E-14    0.000000    
   0.1202664E-11    595.5098       0.9969037E+10    24179.24       0.1569212E-01   0.1083735E-37   0.6459042E-16   0.6667000       0.4730604E-20   0.3333000       0.1133135E-13   0.1705771E-14   0.1078384E-22   0.1770229E-14    0.000000    
   0.1380360E-11    595.5098       0.9969037E+10    24179.24       0.2064430E-01   0.1596526E-37   0.7279058E-16   0.6667000       0.6173289E-20   0.3333000       0.1273757E-13   0.2227155E-14   0.1625470E-22   0.2299794E-14    0.000000    
   0.1558057E-11    595.5098       0.9969037E+10    24179.24       0.2538340E-01   0.2232776E-37   0.8063790E-16   0.6667000       0.7783032E-20   0.3333000       0.1408328E-13   0.2809404E-14   0.2326534E-22   0.2889873E-14    0.000000    
   0.1735754E-11    595.5098       0.9969037E+10    24179.24       0.2991856E-01   0.2998670E-37   0.8814752E-16   0.6667000       0.9552296E-20   0.3333000       0.1537109E-13   0.3449901E-14   0.3198186E-22   0.3537861E-14    0.000000    
   0.1913450E-11    595.5098       0.9969037E+10    24179.24       0.3425856E-01   0.3898846E-37   0.9533399E-16   0.6667000       0.1147386E-19   0.3333000       0.1660347E-13   0.4146138E-14   0.4256323E-22   0.4241265E-14    0.000000    
   0.2091147E-11    595.5098       0.9969037E+10    24179.24       0.3841180E-01   0.4936587E-37   0.1022112E-15   0.6667000       0.1354083E-19   0.3333000       0.1778283E-13   0.4895715E-14   0.5516156E-22   0.4997702E-14    0.000000    
   0.2446540E-11    595.5098       0.9969037E+10    24179.24       0.4618981E-01   0.7432090E-37   0.1150906E-15   0.6667000       0.1808485E-19   0.3333000       0.1999147E-13   0.6545812E-14   0.8698501E-22   0.6660642E-14    0.000000    
   0.2801933E-11    595.5098       0.9969037E+10    24179.24       0.5331280E-01   0.1049025E-36   0.1268853E-15   0.6667000       0.2313484E-19   0.3333000       0.2201412E-13   0.8382989E-14   0.1285430E-21   0.8509579E-14    0.000000    
   0.3157326E-11    595.5098       0.9969037E+10    24179.24       0.5983595E-01   0.1410348E-36   0.1376868E-15   0.6667000       0.2864550E-19   0.3333000       0.2386643E-13   0.1039149E-13   0.1808345E-21   0.1052885E-13    0.000000    
   0.3512719E-11    595.5098       0.9969037E+10    24179.24       0.6580978E-01   0.1825495E-36   0.1475786E-15   0.6667000       0.3457531E-19   0.3333000       0.2556276E-13   0.1255689E-13   0.2447745E-21   0.1270411E-13    0.000000    
   0.3868112E-11    595.5098       0.9969037E+10    24179.24       0.7128054E-01   0.2292124E-36   0.1566375E-15   0.6667000       0.4088629E-19   0.3333000       0.2711624E-13   0.1486598E-13   0.3212008E-21   0.1502222E-13    0.000000    
   0.4223505E-11    595.5098       0.9969037E+10    24179.24       0.7629059E-01   0.2807429E-36   0.1649335E-15   0.6667000       0.4754365E-19   0.3333000       0.2853890E-13   0.1730664E-13   0.4108807E-21   0.1747115E-13    0.000000    
   0.4578899E-11    595.5098       0.9969037E+10    24179.24       0.8087874E-01   0.3368322E-36   0.1725309E-15   0.6667000       0.5451555E-19   0.3333000       0.2984175E-13   0.1986782E-13   0.5145167E-21   0.2003988E-13    0.000000    
   0.4934292E-11    595.5098       0.9969037E+10    24179.24       0.8508051E-01   0.3971570E-36   0.1794884E-15   0.6667000       0.6177283E-19   0.3333000       0.3103488E-13   0.2253934E-13   0.6327523E-21   0.2271833E-13    0.000000    
   0.5289685E-11    595.5098       0.9969037E+10    24179.24       0.8892844E-01   0.4613863E-36   0.1858601E-15   0.6667000       0.6928879E-19   0.3333000       0.3212754E-13   0.2531193E-13   0.7661768E-21   0.2549726E-13    0.000000    
   0.5645078E-11    595.5098       0.9969037E+10    24179.24       0.9245233E-01   0.5291908E-36   0.1916952E-15   0.6667000       0.7703899E-19   0.3333000       0.3312818E-13   0.2817707E-13   0.9153298E-21   0.2836820E-13    0.000000    
   0.6000471E-11    595.5098       0.9969037E+10    24179.24       0.9567947E-01   0.6002511E-36   0.1970389E-15   0.6667000       0.8500107E-19   0.3333000       0.3404456E-13   0.3112697E-13   0.1080705E-20   0.3132342E-13    0.000000    
   0.6355864E-11    595.5098       0.9969037E+10    24179.24       0.9863484E-01   0.6742567E-36   0.2019326E-15   0.6667000       0.9315455E-19   0.3333000       0.3488377E-13   0.3415449E-13   0.1262756E-20   0.3435580E-13    0.000000    
   0.6711257E-11    595.5098       0.9969037E+10    24179.24       0.1013413       0.7509108E-36   0.2064142E-15   0.6667000       0.1014807E-18   0.3333000       0.3565230E-13   0.3725310E-13   0.1461897E-20   0.3745885E-13    0.000000    
   0.7066650E-11    595.5098       0.9969037E+10    24179.24       0.1038199       0.8299366E-36   0.2105184E-15   0.6667000       0.1099623E-18   0.3333000       0.3635612E-13   0.4041680E-13   0.1678507E-20   0.4062662E-13    0.000000    
   0.7422044E-11    595.5098       0.9969037E+10    24179.24       0.1060898       0.9110719E-36   0.2142770E-15   0.6667000       0.1185837E-18   0.3333000       0.3700066E-13   0.4364011E-13   0.1912934E-20   0.4385366E-13    0.000000    
   0.7777437E-11    595.5098       0.9969037E+10    24179.24       0.1081684       0.9940703E-36   0.2177190E-15   0.6667000       0.1273305E-18   0.3333000       0.3759093E-13   0.4691802E-13   0.2165496E-20   0.4713498E-13    0.000000    
   0.8132830E-11    595.5098       0.9969037E+10    24179.24       0.1100721       0.1078709E-35   0.2208712E-15   0.6667000       0.1361895E-18   0.3333000       0.3813149E-13   0.5024593E-13   0.2436485E-20   0.5046601E-13    0.000000    
   0.8488223E-11    595.5098       0.9969037E+10    24179.24       0.1118154       0.1164779E-35   0.2237579E-15   0.6667000       0.1451488E-18   0.3333000       0.3862653E-13   0.5361963E-13   0.2726168E-20   0.5384256E-13    0.000000    
   0.8843616E-11    595.5098       0.9969037E+10    24179.24       0.1134120       0.1252087E-35   0.2264016E-15   0.6667000       0.1541972E-18   0.3333000       0.3907988E-13   0.5703525E-13   0.3034788E-20   0.5726080E-13    0.000000    
   0.9199009E-11    595.5098       0.9969037E+10    24179.24       0.1148740       0.1340460E-35   0.2288226E-15   0.6667000       0.1633247E-18   0.3333000       0.3949505E-13   0.6048928E-13   0.3362571E-20   0.6071722E-13    0.000000    
   0.9554402E-11    595.5098       0.9969037E+10    24179.24       0.1162130       0.1429742E-35   0.2310397E-15   0.6667000       0.1725221E-18   0.3333000       0.3987526E-13   0.6397847E-13   0.3709721E-20   0.6420860E-13    0.000000    
   0.9909795E-11    595.5098       0.9969037E+10    24179.24       0.1174392       0.1519783E-35   0.2330702E-15   0.6667000       0.1817810E-18   0.3333000       0.4022345E-13   0.6749987E-13   0.4076426E-20   0.6773200E-13    0.000000    
   0.1026519E-10    595.5098       0.9969037E+10    24179.24       0.1185621       0.1610456E-35   0.2349296E-15   0.6667000       0.1910935E-18   0.3333000       0.4054232E-13   0.7105076E-13   0.4462858E-20   0.7128472E-13    0.000000    
   0.1062058E-10    595.5098       0.9969037E+10    24179.24       0.1195905       0.1701647E-35   0.2366325E-15   0.6667000       0.2004527E-18   0.3333000       0.4083434E-13   0.7462866E-13   0.4869174E-20   0.7486429E-13    0.000000    
   0.1097597E-10    595.5098       0.9969037E+10    24179.24       0.1205323       0.1793244E-35   0.2381919E-15   0.6667000       0.2098521E-18   0.3333000       0.4110176E-13   0.7823130E-13   0.5295519E-20   0.7846845E-13    0.000000    
   0.1133137E-10    595.5098       0.9969037E+10    24179.24       0.1213948       0.1885156E-35   0.2396200E-15   0.6667000       0.2192857E-18   0.3333000       0.4134667E-13   0.8185659E-13   0.5742024E-20   0.8209514E-13    0.000000    
   0.1168676E-10    595.5098       0.9969037E+10    24179.24       0.1221846       0.1977302E-35   0.2409279E-15   0.6667000       0.2287482E-18   0.3333000       0.4157095E-13   0.8550262E-13   0.6208811E-20   0.8574245E-13    0.000000    
   0.1204215E-10    595.5098       0.9969037E+10    24179.24       0.1229079       0.2069601E-35   0.2421256E-15   0.6667000       0.2382347E-18   0.3333000       0.4177634E-13   0.8916765E-13   0.6695991E-20   0.8940864E-13    0.000000    
   0.1239755E-10    595.5098       0.9969037E+10    24179.24       0.1235703       0.2161987E-35   0.2432225E-15   0.6667000       0.2477405E-18   0.3333000       0.4196444E-13   0.9285007E-13   0.7203664E-20   0.9309213E-13    0.000000    
   0.1275294E-10    595.5098       0.9969037E+10    24179.24       0.1241769       0.2254408E-35   0.2442270E-15   0.6667000       0.2572616E-18   0.3333000       0.4213670E-13   0.9654843E-13   0.7731924E-20   0.9679147E-13    0.000000    
   0.1310833E-10    595.5098       0.9969037E+10    24179.24       0.1247325       0.2346806E-35   0.2451469E-15   0.6667000       0.2667942E-18   0.3333000       0.4229445E-13   0.1002614E-12   0.8280856E-20   0.1005053E-12    0.000000    
   0.1346373E-10    595.5098       0.9969037E+10    24179.24       0.1252412       0.2439132E-35   0.2459893E-15   0.6667000       0.2763349E-18   0.3333000       0.4243892E-13   0.1039877E-12   0.8850537E-20   0.1042324E-12    0.000000    
   0.1381912E-10    595.5098       0.9969037E+10    24179.24       0.1257072       0.2531358E-35   0.2467608E-15   0.6667000       0.2858804E-18   0.3333000       0.4257122E-13   0.1077262E-12   0.9441040E-20   0.1079717E-12    0.000000    
   0.1417451E-10    595.5098       0.9969037E+10    24179.24       0.1261338       0.2623441E-35   0.2474673E-15   0.6667000       0.2954280E-18   0.3333000       0.4269238E-13   0.1114760E-12   0.1005243E-19   0.1117221E-12    0.000000    
   0.1452991E-10    595.5098       0.9969037E+10    24179.24       0.1265246       0.2715345E-35   0.2481144E-15   0.6667000       0.3049750E-18   0.3333000       0.4280333E-13   0.1152360E-12   0.1068476E-19   0.1154828E-12    0.000000    
   0.1488530E-10    595.5098       0.9969037E+10    24179.24       0.1268824       0.2807059E-35   0.2487069E-15   0.6667000       0.3145189E-18   0.3333000       0.4290495E-13   0.1190054E-12   0.1133810E-19   0.1192528E-12    0.000000    
   0.1524069E-10    595.5098       0.9969037E+10    24179.24       0.1272101       0.2898552E-35   0.2492496E-15   0.6667000       0.3240577E-18   0.3333000       0.4299800E-13   0.1227835E-12   0.1201249E-19   0.1230313E-12    0.000000    
   0.1559609E-10    595.5098       0.9969037E+10    24179.24       0.1275102       0.2989796E-35   0.2497465E-15   0.6667000       0.3335892E-18   0.3333000       0.4308322E-13   0.1265694E-12   0.1270797E-19   0.1268177E-12    0.000000    
   0.1630687E-10    595.5098       0.9969037E+10    24179.24       0.1280368       0.3171516E-35   0.2506184E-15   0.6667000       0.3526237E-18   0.3333000       0.4323273E-13   0.1341622E-12   0.1416240E-19   0.1344113E-12    0.000000    
   0.1694658E-10    595.5098       0.9969037E+10    24179.24       0.1284376       0.3334122E-35   0.2512821E-15   0.6667000       0.3697134E-18   0.3333000       0.4334655E-13   0.1410167E-12   0.1554392E-19   0.1412664E-12    0.000000    
   0.1754114E-10    595.5098       0.9969037E+10    24179.24       0.1287573       0.3484358E-35   0.2518115E-15   0.6667000       0.3855549E-18   0.3333000       0.4343734E-13   0.1474025E-12   0.1688974E-19   0.1476527E-12    0.000000    
   0.1813571E-10    595.5098       0.9969037E+10    24179.24       0.1290333       0.3633751E-35   0.2522685E-15   0.6667000       0.4013504E-18   0.3333000       0.4351571E-13   0.1538008E-12   0.1829522E-19   0.1540514E-12    0.000000    
   0.1873028E-10    595.5098       0.9969037E+10    24179.24       0.1292715       0.3782269E-35   0.2526629E-15   0.6667000       0.4170953E-18   0.3333000       0.4358335E-13   0.1602099E-12   0.1976045E-19   0.1604609E-12    0.000000    
   0.1932484E-10    595.5098       0.9969037E+10    24179.24       0.1294771       0.3929899E-35   0.2530034E-15   0.6667000       0.4327858E-18   0.3333000       0.4364173E-13   0.1666283E-12   0.2128555E-19   0.1668796E-12    0.000000    
   0.1991941E-10    595.5098       0.9969037E+10    24179.24       0.1296546       0.4076637E-35   0.2532973E-15   0.6667000       0.4484186E-18   0.3333000       0.4369213E-13   0.1730548E-12   0.2287058E-19   0.1733063E-12    0.000000    
   0.2051397E-10    595.5098       0.9969037E+10    24179.24       0.1298078       0.4222485E-35   0.2535509E-15   0.6667000       0.4639910E-18   0.3333000       0.4373562E-13   0.1794882E-12   0.2451562E-19   0.1797399E-12    0.000000    
   0.2110854E-10    595.5098       0.9969037E+10    24179.24       0.1299400       0.4367447E-35   0.2537699E-15   0.6667000       0.4795005E-18   0.3333000       0.4377317E-13   0.1859276E-12   0.2622073E-19   0.1861794E-12    0.000000    
   0.2170310E-10    595.5098       0.9969037E+10    24179.24       0.1300541       0.4511531E-35   0.2539588E-15   0.6667000       0.4949454E-18   0.3333000       0.4380558E-13   0.1923721E-12   0.2798596E-19   0.1926241E-12    0.000000    
   0.2229767E-10    595.5098       0.9969037E+10    24179.24       0.1301526       0.4654744E-35   0.2541220E-15   0.6667000       0.5103239E-18   0.3333000       0.4383355E-13   0.1988211E-12   0.2981135E-19   0.1990732E-12    0.000000    
   0.2289224E-10    595.5098       0.9969037E+10    24179.24       0.1302377       0.4797098E-35   0.2542628E-15   0.6667000       0.5256347E-18   0.3333000       0.4385769E-13   0.2052740E-12   0.3169695E-19   0.2055262E-12    0.000000    
   0.2348680E-10    595.5098       0.9969037E+10    24179.24       0.1303111       0.4938604E-35   0.2543843E-15   0.6667000       0.5408766E-18   0.3333000       0.4387853E-13   0.2117302E-12   0.3364278E-19   0.2119825E-12    0.000000    
   0.2408137E-10    595.5098       0.9969037E+10    24179.24       0.1303744       0.5079273E-35   0.2544892E-15   0.6667000       0.5560488E-18   0.3333000       0.4389652E-13   0.2181893E-12   0.3564888E-19   0.2184416E-12    0.000000    
   0.2467593E-10    595.5098       0.9969037E+10    24179.24       0.1304291       0.5219119E-35   0.2545797E-15   0.6667000       0.5711505E-18   0.3333000       0.4391204E-13   0.2246508E-12   0.3771527E-19   0.2249031E-12    0.000000    
   0.2527050E-10    595.5098       0.9969037E+10    24179.24       0.1304763       0.5358151E-35   0.2546579E-15   0.6667000       0.5861812E-18   0.3333000       0.4392545E-13   0.2311145E-12   0.3984197E-19   0.2313668E-12    0.000000    
   0.2586506E-10    595.5098       0.9969037E+10    24179.24       0.1305170       0.5496383E-35   0.2547253E-15   0.6667000       0.6011404E-18   0.3333000       0.4393701E-13   0.2375800E-12   0.4202900E-19   0.2378324E-12    0.000000    
   0.2645963E-10    595.5098       0.9969037E+10    24179.24       0.1305522       0.5633827E-35   0.2547836E-15   0.6667000       0.6160277E-18   0.3333000       0.4394700E-13   0.2440471E-12   0.4427639E-19   0.2442995E-12    0.000000    
   0.2705420E-10    595.5098       0.9969037E+10    24179.24       0.1305825       0.5770492E-35   0.2548338E-15   0.6667000       0.6308429E-18   0.3333000       0.4395562E-13   0.2505156E-12   0.4658413E-19   0.2507679E-12    0.000000    
   0.2764876E-10    595.5098       0.9969037E+10    24179.24       0.1306087       0.5906390E-35   0.2548772E-15   0.6667000       0.6455859E-18   0.3333000       0.4396305E-13   0.2569852E-12   0.4895224E-19   0.2572376E-12    0.000000    
   0.2824333E-10    595.5098       0.9969037E+10    24179.24       0.1306313       0.6041532E-35   0.2549147E-15   0.6667000       0.6602566E-18   0.3333000       0.4396948E-13   0.2634559E-12   0.5138074E-19   0.2637083E-12    0.000000    
   0.2943246E-10    595.5098       0.9969037E+10    24179.24       0.1306677       0.6309583E-35   0.2549749E-15   0.6667000       0.6893809E-18   0.3333000       0.4397980E-13   0.2763998E-12   0.5641892E-19   0.2766521E-12    0.000000    
   0.3050268E-10    595.5098       0.9969037E+10    24179.24       0.1306924       0.6548334E-35   0.2550158E-15   0.6667000       0.7153458E-18   0.3333000       0.4398682E-13   0.2880516E-12   0.6115987E-19   0.2883039E-12    0.000000    
   0.3153432E-10    595.5098       0.9969037E+10    24179.24       0.1307108       0.6776290E-35   0.2550463E-15   0.6667000       0.7401540E-18   0.3333000       0.4399204E-13   0.2992850E-12   0.6591521E-19   0.2995372E-12    0.000000    
   0.3256596E-10    595.5098       0.9969037E+10    24179.24       0.1307250       0.7002135E-35   0.2550698E-15   0.6667000       0.7647464E-18   0.3333000       0.4399608E-13   0.3105195E-12   0.7085247E-19   0.3107717E-12    0.000000    
   0.3359760E-10    595.5098       0.9969037E+10    24179.24       0.1307361       0.7225906E-35   0.2550881E-15   0.6667000       0.7891242E-18   0.3333000       0.4399921E-13   0.3217550E-12   0.7597165E-19   0.3220070E-12    0.000000    
   0.3462924E-10    595.5098       0.9969037E+10    24179.24       0.1307446       0.7447635E-35   0.2551023E-15   0.6667000       0.8132887E-18   0.3333000       0.4400164E-13   0.3329911E-12   0.8127278E-19   0.3332431E-12    0.000000    
   0.3566087E-10    595.5098       0.9969037E+10    24179.24       0.1307512       0.7667352E-35   0.2551132E-15   0.6667000       0.8372414E-18   0.3333000       0.4400352E-13   0.3442278E-12   0.8675586E-19   0.3444797E-12    0.000000    
   0.3669251E-10    595.5098       0.9969037E+10    24179.24       0.1307564       0.7885086E-35   0.2551217E-15   0.6667000       0.8609837E-18   0.3333000       0.4400497E-13   0.3554650E-12   0.9242091E-19   0.3557168E-12    0.000000    
   0.3772415E-10    595.5098       0.9969037E+10    24179.24       0.1307603       0.8100861E-35   0.2551283E-15   0.6667000       0.8845174E-18   0.3333000       0.4400610E-13   0.3667024E-12   0.9826792E-19   0.3669542E-12    0.000000    
   0.3875579E-10    595.5098       0.9969037E+10    24179.24       0.1307634       0.8314703E-35   0.2551334E-15   0.6667000       0.9078440E-18   0.3333000       0.4400697E-13   0.3779402E-12   0.1042969E-18   0.3781918E-12    0.000000    
   0.3978743E-10    595.5098       0.9969037E+10    24179.24       0.1307658       0.8526633E-35   0.2551374E-15   0.6667000       0.9309651E-18   0.3333000       0.4400765E-13   0.3891781E-12   0.1105079E-18   0.3894296E-12    0.000000    
   0.4081907E-10    595.5098       0.9969037E+10    24179.24       0.1307677       0.8736673E-35   0.2551405E-15   0.6667000       0.9538826E-18   0.3333000       0.4400818E-13   0.4004162E-12   0.1169008E-18   0.4006676E-12    0.000000    
   0.4185071E-10    595.5098       0.9969037E+10    24179.24       0.1307691       0.8944843E-35   0.2551428E-15   0.6667000       0.9765980E-18   0.3333000       0.4400858E-13   0.4116543E-12   0.1234757E-18   0.4119057E-12    0.000000    
   0.4288235E-10    595.5098       0.9969037E+10    24179.24       0.1307702       0.9151162E-35   0.2551447E-15   0.6667000       0.9991131E-18   0.3333000       0.4400890E-13   0.4228926E-12   0.1302326E-18   0.4231439E-12    0.000000    
   0.4494563E-10    595.5098       0.9969037E+10    24179.24       0.1307718       0.9558326E-35   0.2551472E-15   0.6667000       0.1043549E-17   0.3333000       0.4400933E-13   0.4453694E-12   0.1442924E-18   0.4456205E-12    0.000000    
   0.4700891E-10    595.5098       0.9969037E+10    24179.24       0.1307727       0.9958305E-35   0.2551488E-15   0.6667000       0.1087205E-17   0.3333000       0.4400959E-13   0.4678463E-12   0.1590802E-18   0.4680972E-12    0.000000    
   0.4907219E-10    595.5098       0.9969037E+10    24179.24       0.1307732       0.1035124E-34   0.2551497E-15   0.6667000       0.1130093E-17   0.3333000       0.4400975E-13   0.4903234E-12   0.1745959E-18   0.4905741E-12    0.000000    
   0.5113547E-10    595.5098       0.9969037E+10    24179.24       0.1307736       0.1073725E-34   0.2551503E-15   0.6667000       0.1172227E-17   0.3333000       0.4400984E-13   0.5128005E-12   0.1908395E-18   0.5130510E-12    0.000000    
   0.5319875E-10    595.5098       0.9969037E+10    24179.24       0.1307738       0.1111647E-34   0.2551506E-15   0.6667000       0.1213621E-17   0.3333000       0.4400990E-13   0.5352777E-12   0.2078112E-18   0.5355280E-12    0.000000    
   0.5526203E-10    595.5098       0.9969037E+10    24179.24       0.1307739       0.1148902E-34   0.2551508E-15   0.6667000       0.1254287E-17   0.3333000       0.4400994E-13   0.5577548E-12   0.2255108E-18   0.5580050E-12    0.000000    
   0.5732531E-10    595.5098       0.9969037E+10    24179.24       0.1307740       0.1185502E-34   0.2551510E-15   0.6667000       0.1294238E-17   0.3333000       0.4400996E-13   0.5802320E-12   0.2439384E-18   0.5804820E-12    0.000000    
   0.5938859E-10    595.5098       0.9969037E+10    24179.24       0.1307741       0.1221458E-34   0.2551511E-15   0.6667000       0.1333487E-17   0.3333000       0.4400997E-13   0.6027092E-12   0.2630939E-18   0.6029590E-12    0.000000    
   0.6145186E-10    595.5098       0.9969037E+10    24179.24       0.1307741       0.1256782E-34   0.2551512E-15   0.6667000       0.1372046E-17   0.3333000       0.4400998E-13   0.6251864E-12   0.2829775E-18   0.6254360E-12    0.000000    
   0.6351514E-10    595.5098       0.9969037E+10    24179.24       0.1307741       0.1291485E-34   0.2551512E-15   0.6667000       0.1409927E-17   0.3333000       0.4400999E-13   0.6476637E-12   0.3035890E-18   0.6479130E-12    0.000000    
   0.6764170E-10    595.5098       0.9969037E+10    24179.24       0.1307742       0.1359071E-34   0.2551513E-15   0.6667000       0.1483702E-17   0.3333000       0.4401000E-13   0.6926181E-12   0.3469960E-18   0.6928670E-12    0.000000    
   0.7176826E-10    595.5098       0.9969037E+10    24179.24       0.1307742       0.1424301E-34   0.2551513E-15   0.6667000       0.1554907E-17   0.3333000       0.4401000E-13   0.7375725E-12   0.3933150E-18   0.7378211E-12    0.000000    
   0.7589482E-10    595.5098       0.9969037E+10    24179.24       0.1307742       0.1487258E-34   0.2551514E-15   0.6667000       0.1623630E-17   0.3333000       0.4401000E-13   0.7825270E-12   0.4425460E-18   0.7827751E-12    0.000000    
   0.8414794E-10    595.5098       0.9969037E+10    24179.24       0.1307742       0.1606661E-34   0.2551515E-15   0.6667000       0.1753967E-17   0.3333000       0.4401001E-13   0.8724359E-12   0.5497439E-18   0.8726832E-12    0.000000    
   0.1006542E-09    595.5098       0.9969037E+10    24179.24       0.1307743       0.1822380E-34   0.2551516E-15   0.6667000       0.1989443E-17   0.3333000       0.4401002E-13   0.1052254E-11   0.7990847E-18   0.1052499E-11    0.000000    
   0.1171604E-09    595.5098       0.9969037E+10    24179.24       0.1307744       0.2009783E-34   0.2551518E-15   0.6667000       0.2194007E-17   0.3333000       0.4401002E-13   0.1232072E-11   0.1095019E-17   0.1232316E-11    0.000000    
   0.1336666E-09    595.5098       0.9969037E+10    24179.24       0.1307744       0.2172366E-34   0.2551519E-15   0.6667000       0.2371480E-17   0.3333000       0.4401003E-13   0.1411890E-11   0.1437549E-17   0.1412132E-11    0.000000    
   0.1501729E-09    595.5098       0.9969037E+10    24179.24       0.1307745       0.2313341E-34   0.2551520E-15   0.6667000       0.2525365E-17   0.3333000       0.4401004E-13   0.1591708E-11   0.1826674E-17   0.1591948E-11    0.000000    
   0.1831853E-09    595.5098       0.9969037E+10    24179.24       0.1307746       0.2540291E-34   0.2551523E-15   0.6667000       0.2773097E-17   0.3333000       0.4401005E-13   0.1951344E-11   0.2744718E-17   0.1951581E-11    0.000000    
   0.2161978E-09    595.5098       0.9969037E+10    24179.24       0.1307747       0.2710115E-34   0.2551525E-15   0.6667000       0.2958472E-17   0.3333000       0.4401005E-13   0.2310980E-11   0.3849159E-17   0.2311214E-11    0.000000    
   0.2631361E-09    595.5098       0.9969037E+10    24179.24       0.1307747       0.2880354E-34   0.2551528E-15   0.6667000       0.3144299E-17   0.3333000       0.4401006E-13   0.2822324E-11   0.5740436E-17   0.2822552E-11    0.000000    
   0.3100744E-09    595.5098       0.9969037E+10    24179.24       0.1307748       0.2994002E-34   0.2551530E-15   0.6667000       0.3268352E-17   0.3333000       0.4401006E-13   0.3333668E-11   0.8008584E-17   0.3333891E-11    0.000000    
   0.3570126E-09    595.5098       0.9969037E+10    24179.24       0.1307749       0.3070694E-34   0.2551532E-15   0.6667000       0.3352064E-17   0.3333000       0.4401007E-13   0.3845011E-11   0.1065363E-16   0.3845229E-11    0.000000    
   0.4039509E-09    595.5098       0.9969037E+10    24179.24       0.1307750       0.3122687E-34   0.2551534E-15   0.6667000       0.3408815E-17   0.3333000       0.4401007E-13   0.4356355E-11   0.1367559E-16   0.4356568E-11    0.000000    
   0.4508892E-09    595.5098       0.9969037E+10    24179.24       0.1307750       0.3157901E-34   0.2551536E-15   0.6667000       0.3447252E-17   0.3333000       0.4401007E-13   0.4867699E-11   0.1707451E-16   0.4867907E-11    0.000000    
   0.4978274E-09    595.5098       0.9969037E+10    24179.24       0.1307751       0.3181892E-34   0.2551538E-15   0.6667000       0.3473437E-17   0.3333000       0.4401007E-13   0.5379043E-11   0.2085040E-16   0.5379245E-11    0.000000    
   0.5447657E-09    595.5098       0.9969037E+10    24179.24       0.1307751       0.3198190E-34   0.2551540E-15   0.6667000       0.3491225E-17   0.3333000       0.4401007E-13   0.5890387E-11   0.2500329E-16   0.5890584E-11    0.000000    
   0.6386423E-09    595.5098       0.9969037E+10    24179.24       0.1307753       0.3217436E-34   0.2551544E-15   0.6667000       0.3512228E-17   0.3333000       0.4401007E-13   0.6913075E-11   0.3444019E-16   0.6913261E-11    0.000000    
   0.7325188E-09    595.5098       0.9969037E+10    24179.24       0.1307754       0.3225013E-34   0.2551548E-15   0.6667000       0.3520494E-17   0.3333000       0.4401007E-13   0.7935763E-11   0.4538540E-16   0.7935939E-11    0.000000    
   0.8263954E-09    595.5098       0.9969037E+10    24179.24       0.1307755       0.3227698E-34   0.2551552E-15   0.6667000       0.3523419E-17   0.3333000       0.4401007E-13   0.8958451E-11   0.5783915E-16   0.8958616E-11    0.000000    
   0.1014148E-08    595.5098       0.9969037E+10    24179.24       0.1307757       0.3227115E-34   0.2551559E-15   0.6667000       0.3522772E-17   0.3333000       0.4401007E-13   0.1100383E-10   0.8727308E-16   0.1100397E-10    0.000000    
   0.1183126E-08    595.5098       0.9969037E+10    24179.24       0.1307759       0.3227818E-34   0.2551566E-15   0.6667000       0.3523531E-17   0.3333000       0.4401007E-13   0.1284467E-10   0.1189249E-15   0.1284479E-10    0.000000    
   0.1352104E-08    595.5098       0.9969037E+10    24179.24       0.1307761       0.3229478E-34   0.2551573E-15   0.6667000       0.3525333E-17   0.3333000       0.4401007E-13   0.1468550E-10   0.1554677E-15   0.1468561E-10    0.000000    
   0.1521082E-08    595.5098       0.9969037E+10    24179.24       0.1307763       0.3230601E-34   0.2551580E-15   0.6667000       0.3526550E-17   0.3333000       0.4401007E-13   0.1652634E-10   0.1969025E-15   0.1652643E-10    0.000000    
   0.1859037E-08    595.5098       0.9969037E+10    24179.24       0.1307767       0.3231533E-34   0.2551593E-15   0.6667000       0.3527548E-17   0.3333000       0.4401007E-13   0.2020802E-10   0.2944536E-15   0.2020807E-10    0.000000    
   0.2196993E-08    595.5098       0.9969037E+10    24179.24       0.1307771       0.3231190E-34   0.2551607E-15   0.6667000       0.3527155E-17   0.3333000       0.4401007E-13   0.2388969E-10   0.4115880E-15   0.2388970E-10    0.000000    
   0.2872904E-08    595.5098       0.9969037E+10    24179.24       0.1307778       0.3230779E-34   0.2551634E-15   0.6667000       0.3526670E-17   0.3333000       0.4401007E-13   0.3125305E-10   0.7046458E-15   0.3125298E-10    0.000000    
   0.3548815E-08    595.5098       0.9969037E+10    24179.24       0.1307786       0.3230905E-34   0.2551661E-15   0.6667000       0.3526770E-17   0.3333000       0.4401007E-13   0.3861640E-10   0.1076154E-14   0.3861626E-10    0.000000    
   0.4224726E-08    595.5098       0.9969037E+10    24179.24       0.1307794       0.3231115E-34   0.2551688E-15   0.6667000       0.3526961E-17   0.3333000       0.4401007E-13   0.4597975E-10   0.1526192E-14   0.4597953E-10    0.000000    
   0.5576549E-08    595.5098       0.9969037E+10    24179.24       0.1307810       0.3231327E-34   0.2551742E-15   0.6667000       0.3527118E-17   0.3333000       0.4401007E-13   0.6070645E-10   0.2662169E-14   0.6070609E-10    0.000000    
   0.6928371E-08    595.5098       0.9969037E+10    24179.24       0.1307826       0.3231415E-34   0.2551796E-15   0.6667000       0.3527139E-17   0.3333000       0.4401007E-13   0.7543314E-10   0.4113205E-14   0.7543264E-10    0.000000    
   0.9632015E-08    595.5098       0.9969037E+10    24179.24       0.1307857       0.3231675E-34   0.2551904E-15   0.6667000       0.3527273E-17   0.3333000       0.4401007E-13   0.1048865E-09   0.7962963E-14   0.1048857E-09    0.000000    
   0.1503930E-07    595.5098       0.9969037E+10    24179.24       0.1307921       0.3232233E-34   0.2552121E-15   0.6667000       0.3527582E-17   0.3333000       0.4401007E-13   0.1637931E-09   0.1947080E-13   0.1637920E-09    0.000000    
   0.2044659E-07    595.5098       0.9969037E+10    24179.24       0.1307985       0.3232829E-34   0.2552338E-15   0.6667000       0.3527934E-17   0.3333000       0.4401007E-13   0.2226995E-09   0.3608986E-13   0.2226982E-09    0.000000    
   0.2585388E-07    595.5098       0.9969037E+10    24179.24       0.1308050       0.3233400E-34   0.2552554E-15   0.6667000       0.3528257E-17   0.3333000       0.4401007E-13   0.2816056E-09   0.5786030E-13   0.2816044E-09    0.000000    
   0.3126117E-07    595.5098       0.9969037E+10    24179.24       0.1308116       0.3233969E-34   0.2552771E-15   0.6667000       0.3528579E-17   0.3333000       0.4401007E-13   0.3405113E-09   0.8482227E-13   0.3405106E-09    0.000000    
   0.3666846E-07    595.5098       0.9969037E+10    24179.24       0.1308183       0.3234539E-34   0.2552987E-15   0.6667000       0.3528902E-17   0.3333000       0.4401007E-13   0.3994165E-09   0.1170159E-12   0.3994169E-09    0.000000    
   0.4748304E-07    595.5098       0.9969037E+10    24179.24       0.1308317       0.3235680E-34   0.2553420E-15   0.6667000       0.3529547E-17   0.3333000       0.4401008E-13   0.5172253E-09   0.1972587E-12   0.5172293E-09    0.000000    
   0.5829762E-07    595.5098       0.9969037E+10    24179.24       0.1308455       0.3236820E-34   0.2553854E-15   0.6667000       0.3530192E-17   0.3333000       0.4401008E-13   0.6350312E-09   0.2989097E-12   0.6350418E-09    0.000000    
   0.6911220E-07    595.5098       0.9969037E+10    24179.24       0.1308595       0.3237960E-34   0.2554287E-15   0.6667000       0.3530837E-17   0.3333000       0.4401008E-13   0.7528337E-09   0.4222896E-12   0.7528542E-09    0.000000    
   0.8346684E-07    595.5098       0.9969037E+10    24179.24       0.1308785       0.3239475E-34   0.2554862E-15   0.6667000       0.3531693E-17   0.3333000       0.4401008E-13   0.9091914E-09   0.6201687E-12   0.9092317E-09    0.000000    
   0.9782148E-07    595.5098       0.9969037E+10    24179.24       0.1308979       0.3240988E-34   0.2555436E-15   0.6667000       0.3532549E-17   0.3333000       0.4401008E-13   0.1065540E-08   0.8576450E-12   0.1065609E-08    0.000000    
   0.1121761E-06    595.5098       0.9969037E+10    24179.24       0.1309179       0.3242503E-34   0.2556011E-15   0.6667000       0.3533405E-17   0.3333000       0.4401008E-13   0.1221879E-08   0.1135468E-11   0.1221987E-08    0.000000    
   0.1265308E-06    595.5098       0.9969037E+10    24179.24       0.1309383       0.3244018E-34   0.2556586E-15   0.6667000       0.3534261E-17   0.3333000       0.4401008E-13   0.1378206E-08   0.1454385E-11   0.1378364E-08    0.000000    
   0.1408854E-06    595.5098       0.9969037E+10    24179.24       0.1309591       0.3245533E-34   0.2557161E-15   0.6667000       0.3535117E-17   0.3333000       0.4401008E-13   0.1534520E-08   0.1815145E-11   0.1534742E-08    0.000000    
   0.1552401E-06    595.5098       0.9969037E+10    24179.24       0.1309804       0.3247049E-34   0.2557735E-15   0.6667000       0.3535972E-17   0.3333000       0.4401008E-13   0.1690819E-08   0.2218495E-11   0.1691119E-08    0.000000    
   0.1839493E-06    595.5098       0.9969037E+10    24179.24       0.1310244       0.3250080E-34   0.2558885E-15   0.6667000       0.3537684E-17   0.3333000       0.4401009E-13   0.2003366E-08   0.3155950E-11   0.2003874E-08    0.000000    
   0.2126586E-06    595.5098       0.9969037E+10    24179.24       0.1310703       0.3253112E-34   0.2560034E-15   0.6667000       0.3539395E-17   0.3333000       0.4401009E-13   0.2315837E-08   0.4272716E-11   0.2316629E-08    0.000000    
   0.2413679E-06    595.5098       0.9969037E+10    24179.24       0.1311180       0.3256145E-34   0.2561182E-15   0.6667000       0.3541106E-17   0.3333000       0.4401009E-13   0.2628219E-08   0.5574746E-11   0.2629385E-08    0.000000    
   0.2700772E-06    595.5098       0.9969037E+10    24179.24       0.1311676       0.3259177E-34   0.2562330E-15   0.6667000       0.3542816E-17   0.3333000       0.4401009E-13   0.2940500E-08   0.7067984E-11   0.2942140E-08    0.000000    
   0.3274958E-06    595.5098       0.9969037E+10    24179.24       0.1312722       0.3265246E-34   0.2564625E-15   0.6667000       0.3546236E-17   0.3333000       0.4401010E-13   0.3564711E-08   0.1065178E-10   0.3567651E-08    0.000000    
   0.3849143E-06    595.5098       0.9969037E+10    24179.24       0.1313841       0.3271315E-34   0.2566918E-15   0.6667000       0.3549653E-17   0.3333000       0.4401010E-13   0.4188375E-08   0.1507135E-10   0.4193161E-08    0.000000    
   0.4423329E-06    595.5099       0.9969037E+10    24179.24       0.1315034       0.3277383E-34   0.2569209E-15   0.6667000       0.3553067E-17   0.3333000       0.4401011E-13   0.4811396E-08   0.2037371E-10   0.4818673E-08    0.000000    
   0.4997515E-06    595.5099       0.9969037E+10    24179.24       0.1316298       0.3283451E-34   0.2571497E-15   0.6667000       0.3556477E-17   0.3333000       0.4401011E-13   0.5433682E-08   0.2660557E-10   0.5444184E-08    0.000000    
   0.5571701E-06    595.5099       0.9969038E+10    24179.24       0.1317635       0.3289516E-34   0.2573782E-15   0.6667000       0.3559883E-17   0.3333000       0.4401011E-13   0.6055136E-08   0.3381334E-10   0.6069696E-08    0.000000    
   0.6145886E-06    595.5099       0.9969038E+10    24179.24       0.1319043       0.3295578E-34   0.2576064E-15   0.6667000       0.3563284E-17   0.3333000       0.4401012E-13   0.6675666E-08   0.4204310E-10   0.6695207E-08    0.000000    
   0.6720072E-06    595.5099       0.9969038E+10    24179.24       0.1320521       0.3301636E-34   0.2578342E-15   0.6667000       0.3566681E-17   0.3333000       0.4401012E-13   0.7295177E-08   0.5134054E-10   0.7320720E-08    0.000000    
   0.7294258E-06    595.5099       0.9969038E+10    24179.24       0.1322070       0.3307689E-34   0.2580615E-15   0.6667000       0.3570071E-17   0.3333000       0.4401013E-13   0.7913579E-08   0.6175098E-10   0.7946232E-08    0.000000    
   0.7868444E-06    595.5099       0.9969038E+10    24179.24       0.1323689       0.3313737E-34   0.2582885E-15   0.6667000       0.3573456E-17   0.3333000       0.4401013E-13   0.8530778E-08   0.7331932E-10   0.8571744E-08    0.000000    
   0.8442629E-06    595.5099       0.9969038E+10    24179.24       0.1325376       0.3319777E-34   0.2585149E-15   0.6667000       0.3576834E-17   0.3333000       0.4401014E-13   0.9146683E-08   0.8609000E-10   0.9197257E-08    0.000000    
   0.9016815E-06    595.5099       0.9969038E+10    24179.24       0.1327132       0.3325810E-34   0.2587409E-15   0.6667000       0.3580204E-17   0.3333000       0.4401014E-13   0.9761205E-08   0.1001070E-09   0.9822770E-08    0.000000    
   0.9591001E-06    595.5099       0.9969038E+10    24179.24       0.1328955       0.3331835E-34   0.2589663E-15   0.6667000       0.3583567E-17   0.3333000       0.4401015E-13   0.1037425E-07   0.1154138E-09   0.1044828E-07    0.000000    
   0.1016519E-05    595.5099       0.9969038E+10    24179.24       0.1330845       0.3337849E-34   0.2591911E-15   0.6667000       0.3586922E-17   0.3333000       0.4401015E-13   0.1098574E-07   0.1320534E-09   0.1107380E-07    0.000000    
   0.1073937E-05    595.5099       0.9969039E+10    24179.24       0.1332801       0.3343854E-34   0.2594153E-15   0.6667000       0.3590268E-17   0.3333000       0.4401015E-13   0.1159558E-07   0.1500681E-09   0.1169931E-07    0.000000    
   0.1131356E-05    595.5099       0.9969039E+10    24179.24       0.1334821       0.3349847E-34   0.2596389E-15   0.6667000       0.3593605E-17   0.3333000       0.4401016E-13   0.1220368E-07   0.1694999E-09   0.1232482E-07    0.000000    
   0.1188774E-05    595.5099       0.9969039E+10    24179.24       0.1336906       0.3355828E-34   0.2598619E-15   0.6667000       0.3596933E-17   0.3333000       0.4401016E-13   0.1280996E-07   0.1903899E-09   0.1295034E-07    0.000000    
   0.1246193E-05    595.5099       0.9969039E+10    24179.24       0.1339053       0.3361795E-34   0.2600841E-15   0.6667000       0.3600250E-17   0.3333000       0.4401017E-13   0.1341433E-07   0.2127789E-09   0.1357585E-07    0.000000    
   0.1303612E-05    595.5100       0.9969039E+10    24179.24       0.1341263       0.3367749E-34   0.2603056E-15   0.6667000       0.3603557E-17   0.3333000       0.4401017E-13   0.1401671E-07   0.2367068E-09   0.1420137E-07    0.000000    
   0.1361030E-05    595.5100       0.9969039E+10    24179.24       0.1343534       0.3373688E-34   0.2605263E-15   0.6667000       0.3606854E-17   0.3333000       0.4401018E-13   0.1461702E-07   0.2622130E-09   0.1482688E-07    0.000000    
   0.1418449E-05    595.5100       0.9969039E+10    24179.24       0.1345865       0.3379611E-34   0.2607462E-15   0.6667000       0.3610138E-17   0.3333000       0.4401018E-13   0.1521517E-07   0.2893362E-09   0.1545240E-07    0.000000    
   0.1475867E-05    595.5100       0.9969039E+10    24179.24       0.1348255       0.3385518E-34   0.2609653E-15   0.6667000       0.3613411E-17   0.3333000       0.4401019E-13   0.1581109E-07   0.3181144E-09   0.1607791E-07    0.000000    
   0.1533286E-05    595.5100       0.9969039E+10    24179.24       0.1350704       0.3391407E-34   0.2611836E-15   0.6667000       0.3616671E-17   0.3333000       0.4401019E-13   0.1640470E-07   0.3485848E-09   0.1670343E-07    0.000000    
   0.1590704E-05    595.5100       0.9969039E+10    24179.24       0.1353209       0.3397278E-34   0.2614010E-15   0.6667000       0.3619919E-17   0.3333000       0.4401020E-13   0.1699592E-07   0.3807839E-09   0.1732894E-07    0.000000    
   0.1648123E-05    595.5100       0.9969040E+10    24179.24       0.1355769       0.3403130E-34   0.2616175E-15   0.6667000       0.3623154E-17   0.3333000       0.4401020E-13   0.1758467E-07   0.4147477E-09   0.1795446E-07    0.000000    
   0.1705542E-05    595.5100       0.9969040E+10    24179.24       0.1358384       0.3408962E-34   0.2618330E-15   0.6667000       0.3626375E-17   0.3333000       0.4401021E-13   0.1817089E-07   0.4505111E-09   0.1857998E-07    0.000000    
   0.1762960E-05    595.5100       0.9969040E+10    24179.24       0.1361053       0.3414773E-34   0.2620476E-15   0.6667000       0.3629582E-17   0.3333000       0.4401022E-13   0.1875449E-07   0.4881084E-09   0.1920549E-07    0.000000    
   0.1820379E-05    595.5100       0.9969040E+10    24179.24       0.1363774       0.3420563E-34   0.2622612E-15   0.6667000       0.3632775E-17   0.3333000       0.4401022E-13   0.1933540E-07   0.5275730E-09   0.1983101E-07    0.000000    
   0.1877797E-05    595.5100       0.9969040E+10    24179.24       0.1366545       0.3426331E-34   0.2624738E-15   0.6667000       0.3635953E-17   0.3333000       0.4401023E-13   0.1991356E-07   0.5689377E-09   0.2045653E-07    0.000000    
   0.1935216E-05    595.5100       0.9969040E+10    24179.24       0.1369366       0.3432075E-34   0.2626854E-15   0.6667000       0.3639115E-17   0.3333000       0.4401023E-13   0.2048889E-07   0.6122343E-09   0.2108204E-07    0.000000    
   0.2050053E-05    595.5100       0.9969040E+10    24179.24       0.1375153       0.3443493E-34   0.2631052E-15   0.6667000       0.3645394E-17   0.3333000       0.4401024E-13   0.2163082E-07   0.7047463E-09   0.2233308E-07    0.000000    
   0.2153406E-05    595.5101       0.9969041E+10    24179.24       0.1380517       0.3453683E-34   0.2634794E-15   0.6667000       0.3650990E-17   0.3333000       0.4401025E-13   0.2264824E-07   0.7949166E-09   0.2345901E-07    0.000000    
   0.2252055E-05    595.5101       0.9969041E+10    24179.24       0.1385769       0.3463329E-34   0.2638330E-15   0.6667000       0.3656279E-17   0.3333000       0.4401026E-13   0.2360988E-07   0.8872445E-09   0.2453369E-07    0.000000    
