  "Time"          "Temp"          "Pres"          "Dens"          "Th_MIX"        "X_OH*"         "X_H"           "X_H2"          "X_O"           "X_O2"          "X_OH"          "X_HO2"         "X_H2O2"        "X_H2O"         "X_AR"         
  "s"             "K"             "Pa"            "kg/m3"         "s"             "none"          "none"          "none"          "none"          "none"          "none"          "none"          "none"          "none"          "none"         
    0.000000        595.5098       0.9969037E+10    24179.23      -0.2353841E-01    0.000000        0.000000       0.6667002        0.000000       0.3332998        0.000000        0.000000        0.000000        0.000000        0.000000    
   0.1074893E-17    595.5098       0.9969037E+10    24179.23      -0.2353840E-01   0.3424095E-57   0.6422659E-25   0.6667002       0.8203145E-35   0.3332998       0.1170965E-19   0.6111691E-25   0.1031127E-38   0.3115577E-26    0.000000    
   0.3224678E-17    595.5098       0.9969037E+10    24179.23      -0.2353838E-01   0.1858592E-56   0.2002386E-24   0.6667002       0.4566717E-34   0.3332998       0.3512894E-19   0.1833583E-24   0.5597717E-38   0.1691313E-25    0.000000    
   0.7524248E-17    595.5098       0.9969037E+10    24179.23      -0.2353834E-01   0.9068471E-56   0.5102558E-24   0.6667002       0.2350627E-33   0.3332998       0.8196749E-19   0.4278822E-24   0.2732093E-37   0.8254253E-25    0.000000    
   0.1612339E-16    595.5098       0.9969037E+10    24179.23      -0.2353826E-01   0.3937341E-55   0.1274923E-23   0.6667002       0.1178909E-32   0.3332998       0.1756444E-18   0.9171330E-24   0.1187353E-36   0.3586371E-24    0.000000    
   0.3332167E-16    595.5098       0.9969037E+10    24179.23      -0.2353809E-01   0.1654000E-54   0.3400851E-23   0.6667002       0.6190211E-32   0.3332998       0.3629978E-18   0.1896757E-23   0.4997329E-36   0.1508542E-23    0.000000    
   0.6771823E-16    595.5098       0.9969037E+10    24179.23      -0.2353776E-01   0.6777013E-54   0.1003423E-22   0.6667002       0.3548340E-31   0.3332998       0.7377020E-18   0.3862929E-23   0.2056270E-35   0.6196796E-23    0.000000    
   0.1365114E-15    595.5098       0.9969037E+10    24179.23      -0.2353710E-01   0.2737523E-53   0.3282327E-22   0.6667002       0.2253168E-30   0.3332998       0.1487101E-17   0.7842434E-23   0.8388284E-35   0.2514276E-22    0.000000    
   0.2740976E-15    595.5098       0.9969037E+10    24179.23      -0.2353574E-01   0.1102340E-52   0.1163360E-21   0.6667002       0.1561478E-29   0.3332998       0.2985860E-17   0.1614513E-22   0.3444006E-34   0.1013130E-21    0.000000    
   0.5492701E-15    595.5098       0.9969037E+10    24179.23      -0.2353297E-01   0.4914443E-52   0.4338763E-21   0.6667002       0.1148471E-28   0.3332998       0.5983226E-17   0.3535595E-22   0.1477984E-33   0.4067738E-21    0.000000    
   0.1099615E-14    595.5098       0.9969037E+10    24179.23      -0.2352716E-01   0.5161873E-51   0.1661273E-20   0.6667002       0.8730174E-28   0.3332998       0.1197735E-16   0.9388916E-22   0.7379329E-33   0.1630123E-20    0.000000    
   0.2200305E-14    595.5098       0.9969037E+10    24179.23      -0.2351449E-01   0.2011169E-49   0.6409770E-20   0.6667002       0.6718439E-27   0.3332998       0.2396314E-16   0.3665105E-21   0.5199947E-32   0.6526081E-20    0.000000    
   0.4401685E-14    595.5098       0.9969037E+10    24179.23      -0.2348527E-01   0.1017313E-47   0.2451329E-19   0.6667002       0.5143772E-26   0.3332998       0.4792492E-16   0.2098560E-20   0.5512699E-31   0.2611133E-19    0.000000    
   0.8804445E-14    595.5098       0.9969037E+10    24179.23      -0.2341307E-01   0.4617058E-46   0.9111542E-19   0.6667002       0.3843412E-25   0.3332998       0.9580935E-16   0.1431121E-19   0.7300698E-30   0.1044255E-18    0.000000    
   0.1320721E-13    595.5098       0.9969037E+10    24179.23      -0.2332465E-01   0.3326419E-45   0.1935852E-18   0.6667002       0.1170439E-24   0.3332998       0.1436416E-15   0.4280897E-19   0.2928529E-29   0.2348925E-18    0.000000    
   0.1760997E-13    595.5098       0.9969037E+10    24179.23      -0.2322265E-01   0.1359248E-44   0.3261166E-18   0.6667002       0.2569791E-24   0.3332998       0.1914218E-15   0.9334387E-19   0.7963953E-29   0.4174583E-18    0.000000    
   0.2201273E-13    595.5098       0.9969037E+10    24179.23      -0.2310936E-01   0.4046149E-44   0.4836084E-18   0.6667002       0.4722785E-24   0.3332998       0.2391499E-15   0.1709613E-18   0.1752213E-28   0.6520671E-18    0.000000    
   0.3081825E-13    595.5098       0.9969037E+10    24179.23      -0.2285562E-01   0.2058010E-43   0.8588273E-18   0.6667002       0.1169142E-23   0.3332998       0.3344503E-15   0.4218828E-18   0.5800705E-28   0.1277207E-17    0.000000    
   0.3962377E-13    595.5098       0.9969037E+10    24179.23      -0.2257621E-01   0.6665351E-43   0.1291029E-17   0.6667002       0.2284858E-23   0.3332998       0.4295431E-15   0.8233317E-18   0.1430234E-27   0.2109857E-17    0.000000    
   0.4842929E-13    595.5098       0.9969037E+10    24179.23      -0.2228019E-01   0.1658693E-42   0.1760276E-17   0.6667002       0.3873587E-23   0.3332998       0.5244289E-15   0.1394781E-17   0.2948084E-27   0.3149554E-17    0.000000    
   0.5723481E-13    595.5098       0.9969037E+10    24179.23      -0.2197321E-01   0.3466065E-42   0.2254067E-17   0.6667002       0.5968815E-23   0.3332998       0.6191081E-15   0.2148277E-17   0.5378427E-27   0.4395841E-17    0.000000    
   0.6604033E-13    595.5098       0.9969037E+10    24179.23      -0.2165886E-01   0.6399916E-42   0.2764508E-17   0.6667002       0.8591218E-23   0.3332998       0.7135812E-15   0.3091263E-17   0.8979443E-27   0.5848270E-17    0.000000    
   0.7484585E-13    595.5098       0.9969037E+10    24179.23      -0.2133963E-01   0.1078486E-41   0.3286122E-17   0.6667002       0.1175475E-22   0.3332998       0.8078485E-15   0.4228768E-17   0.1401683E-26   0.7506391E-17    0.000000    
   0.8365137E-13    595.5098       0.9969037E+10    24179.23      -0.2101719E-01   0.1695282E-41   0.3815198E-17   0.6667002       0.1546846E-22   0.3332998       0.9019106E-15   0.5564055E-17   0.2076233E-26   0.9369757E-17    0.000000    
   0.1012624E-12    595.5098       0.9969037E+10    24179.23      -0.2036744E-01   0.3596546E-41   0.4885295E-17   0.6667002       0.2457030E-22   0.3332998       0.1089421E-14   0.8836633E-17   0.4047873E-26   0.1371044E-16    0.000000    
   0.1188734E-12    595.5098       0.9969037E+10    24179.23      -0.1971448E-01   0.6610208E-41   0.5964026E-17   0.6667002       0.3591649E-22   0.3332998       0.1276116E-14   0.1291621E-16   0.7036080E-26   0.1886675E-16    0.000000    
   0.1364845E-12    595.5098       0.9969037E+10    24179.23      -0.1906174E-01   0.1099825E-40   0.7043847E-17   0.6667002       0.4951778E-22   0.3332998       0.1461998E-14   0.1780677E-16   0.1126443E-25   0.2483515E-16    0.000000    
   0.1611645E-12    595.5098       0.9969037E+10    24179.23      -0.1814999E-01   0.1995029E-40   0.8553135E-17   0.6667002       0.7236994E-22   0.3332998       0.1721134E-14   0.2602409E-16   0.1970408E-25   0.3455897E-16    0.000000    
   0.1858446E-12    595.5098       0.9969037E+10    24179.23      -0.1724345E-01   0.3279792E-40   0.1005399E-16   0.6667002       0.9963254E-22   0.3332998       0.1978691E-14   0.3582808E-16   0.3163456E-25   0.4586104E-16    0.000000    
   0.2105247E-12    595.5098       0.9969037E+10    24179.23      -0.1634239E-01   0.5021844E-40   0.1154578E-16   0.6667002       0.1312797E-21   0.3332998       0.2234680E-14   0.4720980E-16   0.4766892E-25   0.5873176E-16    0.000000    
   0.2352047E-12    595.5098       0.9969037E+10    24179.23      -0.1544670E-01   0.7287664E-40   0.1302876E-16   0.6667002       0.1672831E-21   0.3332998       0.2489110E-14   0.6015939E-16   0.6841668E-25   0.7316157E-16    0.000000    
   0.2845649E-12    595.5098       0.9969037E+10    24179.23      -0.1367128E-01   0.1364912E-39   0.1596848E-16   0.6667002       0.2522494E-21   0.3332998       0.2993329E-14   0.9072424E-16   0.1264654E-24   0.1066606E-15    0.000000    
   0.3339250E-12    595.5098       0.9969037E+10    24179.23      -0.1191715E-01   0.2286862E-39   0.1887310E-16   0.6667002       0.3543147E-21   0.3332998       0.3491426E-14   0.1274474E-15   0.2105833E-24   0.1462829E-15    0.000000    
   0.4326452E-12    595.5098       0.9969037E+10    24179.23      -0.8472475E-02   0.5178430E-39   0.2457709E-16   0.6667002       0.6088919E-21   0.3332998       0.4469545E-14   0.2190734E-15   0.4758536E-24   0.2436019E-15    0.000000    
   0.5313655E-12    595.5098       0.9969037E+10    24179.23      -0.5111082E-02   0.9764704E-39   0.3014311E-16   0.6667002       0.9293246E-21   0.3332998       0.5424051E-14   0.3344505E-15   0.9015176E-24   0.3645341E-15    0.000000    
   0.6300858E-12    595.5098       0.9969037E+10    24179.23      -0.1830867E-02   0.1637486E-38   0.3557468E-16   0.6667002       0.1313959E-20   0.3332998       0.6355514E-14   0.4730042E-15   0.1523983E-23   0.5085086E-15    0.000000    
   0.7288060E-12    595.5098       0.9969037E+10    24179.23       0.1370196E-02   0.2530868E-38   0.4087522E-16   0.6667002       0.1761183E-20   0.3332998       0.7264492E-14   0.6341746E-15   0.2378755E-23   0.6749687E-15    0.000000    
   0.8275263E-12    595.5098       0.9969037E+10    24179.23       0.4494004E-02   0.3683835E-38   0.4604783E-16   0.6667002       0.2269425E-20   0.3332998       0.8151528E-14   0.8174157E-15   0.3500464E-23   0.8633717E-15    0.000000    
   0.1024967E-11    595.5098       0.9969037E+10    24179.23       0.1051724E-01   0.6864616E-38   0.5602154E-16   0.6667002       0.3462850E-20   0.3332998       0.9861880E-14   0.1247987E-14   0.6679274E-23   0.1303896E-14    0.000000    
   0.1202663E-11    595.5098       0.9969037E+10    24179.23       0.1569210E-01   0.1083734E-37   0.6459042E-16   0.6667002       0.4730599E-20   0.3332998       0.1133134E-13   0.1705769E-14   0.1078382E-22   0.1770227E-14    0.000000    
   0.1380360E-11    595.5098       0.9969037E+10    24179.23       0.2064429E-01   0.1596524E-37   0.7279058E-16   0.6667002       0.6173282E-20   0.3332998       0.1273756E-13   0.2227152E-14   0.1625467E-22   0.2299792E-14    0.000000    
   0.1558056E-11    595.5098       0.9969037E+10    24179.23       0.2538338E-01   0.2232773E-37   0.8063789E-16   0.6667002       0.7783023E-20   0.3332998       0.1408327E-13   0.2809401E-14   0.2326530E-22   0.2889870E-14    0.000000    
   0.1735753E-11    595.5098       0.9969037E+10    24179.23       0.2991853E-01   0.2998666E-37   0.8814752E-16   0.6667002       0.9552285E-20   0.3332998       0.1537108E-13   0.3449897E-14   0.3198181E-22   0.3537857E-14    0.000000    
   0.1913449E-11    595.5098       0.9969037E+10    24179.23       0.3425853E-01   0.3898841E-37   0.9533398E-16   0.6667002       0.1147385E-19   0.3332998       0.1660346E-13   0.4146133E-14   0.4256317E-22   0.4241261E-14    0.000000    
   0.2091145E-11    595.5098       0.9969037E+10    24179.23       0.3841177E-01   0.4936581E-37   0.1022112E-15   0.6667002       0.1354082E-19   0.3332998       0.1778282E-13   0.4895710E-14   0.5516148E-22   0.4997697E-14    0.000000    
   0.2446538E-11    595.5098       0.9969037E+10    24179.23       0.4618978E-01   0.7432081E-37   0.1150906E-15   0.6667002       0.1808483E-19   0.3332998       0.1999146E-13   0.6545804E-14   0.8698488E-22   0.6660635E-14    0.000000    
   0.2801931E-11    595.5098       0.9969037E+10    24179.23       0.5331277E-01   0.1049024E-36   0.1268853E-15   0.6667002       0.2313482E-19   0.3332998       0.2201410E-13   0.8382980E-14   0.1285428E-21   0.8509570E-14    0.000000    
   0.3157324E-11    595.5098       0.9969037E+10    24179.23       0.5983592E-01   0.1410346E-36   0.1376868E-15   0.6667002       0.2864546E-19   0.3332998       0.2386642E-13   0.1039148E-13   0.1808342E-21   0.1052884E-13    0.000000    
   0.3512717E-11    595.5098       0.9969037E+10    24179.23       0.6580975E-01   0.1825493E-36   0.1475787E-15   0.6667002       0.3457527E-19   0.3332998       0.2556274E-13   0.1255688E-13   0.2447741E-21   0.1270409E-13    0.000000    
   0.3868110E-11    595.5098       0.9969037E+10    24179.23       0.7128050E-01   0.2292121E-36   0.1566375E-15   0.6667002       0.4088624E-19   0.3332998       0.2711622E-13   0.1486596E-13   0.3212004E-21   0.1502220E-13    0.000000    
   0.4223503E-11    595.5098       0.9969037E+10    24179.23       0.7629056E-01   0.2807426E-36   0.1649335E-15   0.6667002       0.4754360E-19   0.3332998       0.2853888E-13   0.1730662E-13   0.4108801E-21   0.1747113E-13    0.000000    
   0.4578896E-11    595.5098       0.9969037E+10    24179.23       0.8087870E-01   0.3368318E-36   0.1725309E-15   0.6667002       0.5451549E-19   0.3332998       0.2984172E-13   0.1986779E-13   0.5145159E-21   0.2003986E-13    0.000000    
   0.4934289E-11    595.5098       0.9969037E+10    24179.23       0.8508047E-01   0.3971566E-36   0.1794884E-15   0.6667002       0.6177276E-19   0.3332998       0.3103486E-13   0.2253932E-13   0.6327514E-21   0.2271831E-13    0.000000    
   0.5289682E-11    595.5098       0.9969037E+10    24179.23       0.8892840E-01   0.4613858E-36   0.1858601E-15   0.6667002       0.6928871E-19   0.3332998       0.3212752E-13   0.2531191E-13   0.7661756E-21   0.2549723E-13    0.000000    
   0.5645074E-11    595.5098       0.9969037E+10    24179.23       0.9245229E-01   0.5291902E-36   0.1916952E-15   0.6667002       0.7703891E-19   0.3332998       0.3312816E-13   0.2817704E-13   0.9153284E-21   0.2836817E-13    0.000000    
   0.6000467E-11    595.5098       0.9969037E+10    24179.23       0.9567942E-01   0.6002504E-36   0.1970389E-15   0.6667002       0.8500098E-19   0.3332998       0.3404454E-13   0.3112694E-13   0.1080704E-20   0.3132338E-13    0.000000    
   0.6355860E-11    595.5098       0.9969037E+10    24179.23       0.9863479E-01   0.6742560E-36   0.2019326E-15   0.6667002       0.9315445E-19   0.3332998       0.3488374E-13   0.3415446E-13   0.1262755E-20   0.3435576E-13    0.000000    
   0.6711253E-11    595.5098       0.9969037E+10    24179.23       0.1013413       0.7509101E-36   0.2064142E-15   0.6667002       0.1014806E-18   0.3332998       0.3565228E-13   0.3725306E-13   0.1461895E-20   0.3745881E-13    0.000000    
   0.7066646E-11    595.5098       0.9969037E+10    24179.23       0.1038199       0.8299358E-36   0.2105184E-15   0.6667002       0.1099622E-18   0.3332998       0.3635609E-13   0.4041675E-13   0.1678505E-20   0.4062658E-13    0.000000    
   0.7422039E-11    595.5098       0.9969037E+10    24179.23       0.1060897       0.9110710E-36   0.2142770E-15   0.6667002       0.1185836E-18   0.3332998       0.3700064E-13   0.4364006E-13   0.1912931E-20   0.4385362E-13    0.000000    
   0.7777432E-11    595.5098       0.9969037E+10    24179.23       0.1081684       0.9940693E-36   0.2177190E-15   0.6667002       0.1273303E-18   0.3332998       0.3759091E-13   0.4691797E-13   0.2165493E-20   0.4713493E-13    0.000000    
   0.8132825E-11    595.5098       0.9969037E+10    24179.23       0.1100721       0.1078708E-35   0.2208712E-15   0.6667002       0.1361894E-18   0.3332998       0.3813147E-13   0.5024588E-13   0.2436482E-20   0.5046596E-13    0.000000    
   0.8488218E-11    595.5098       0.9969037E+10    24179.23       0.1118154       0.1164778E-35   0.2237580E-15   0.6667002       0.1451486E-18   0.3332998       0.3862650E-13   0.5361957E-13   0.2726164E-20   0.5384251E-13    0.000000    
   0.8843611E-11    595.5098       0.9969037E+10    24179.23       0.1134119       0.1252085E-35   0.2264016E-15   0.6667002       0.1541970E-18   0.3332998       0.3907985E-13   0.5703519E-13   0.3034784E-20   0.5726074E-13    0.000000    
   0.9199004E-11    595.5098       0.9969037E+10    24179.23       0.1148740       0.1340459E-35   0.2288226E-15   0.6667002       0.1633246E-18   0.3332998       0.3949503E-13   0.6048922E-13   0.3362566E-20   0.6071716E-13    0.000000    
   0.9554396E-11    595.5098       0.9969037E+10    24179.23       0.1162130       0.1429740E-35   0.2310398E-15   0.6667002       0.1725220E-18   0.3332998       0.3987524E-13   0.6397841E-13   0.3709716E-20   0.6420853E-13    0.000000    
   0.9909789E-11    595.5098       0.9969037E+10    24179.23       0.1174392       0.1519782E-35   0.2330702E-15   0.6667002       0.1817808E-18   0.3332998       0.4022343E-13   0.6749980E-13   0.4076420E-20   0.6773193E-13    0.000000    
   0.1026518E-10    595.5098       0.9969037E+10    24179.23       0.1185621       0.1610455E-35   0.2349296E-15   0.6667002       0.1910933E-18   0.3332998       0.4054230E-13   0.7105069E-13   0.4462852E-20   0.7128464E-13    0.000000    
   0.1062058E-10    595.5098       0.9969037E+10    24179.23       0.1195905       0.1701646E-35   0.2366325E-15   0.6667002       0.2004525E-18   0.3332998       0.4083431E-13   0.7462859E-13   0.4869167E-20   0.7486421E-13    0.000000    
   0.1097597E-10    595.5098       0.9969037E+10    24179.23       0.1205322       0.1793243E-35   0.2381919E-15   0.6667002       0.2098519E-18   0.3332998       0.4110174E-13   0.7823122E-13   0.5295511E-20   0.7846837E-13    0.000000    
   0.1133136E-10    595.5098       0.9969037E+10    24179.23       0.1213947       0.1885154E-35   0.2396201E-15   0.6667002       0.2192855E-18   0.3332998       0.4134665E-13   0.8185650E-13   0.5742016E-20   0.8209505E-13    0.000000    
   0.1168675E-10    595.5098       0.9969037E+10    24179.23       0.1221845       0.1977300E-35   0.2409279E-15   0.6667002       0.2287480E-18   0.3332998       0.4157093E-13   0.8550253E-13   0.6208803E-20   0.8574236E-13    0.000000    
   0.1204215E-10    595.5098       0.9969037E+10    24179.23       0.1229079       0.2069599E-35   0.2421257E-15   0.6667002       0.2382344E-18   0.3332998       0.4177632E-13   0.8916756E-13   0.6695981E-20   0.8940855E-13    0.000000    
   0.1239754E-10    595.5098       0.9969037E+10    24179.23       0.1235703       0.2161985E-35   0.2432225E-15   0.6667002       0.2477403E-18   0.3332998       0.4196442E-13   0.9284998E-13   0.7203654E-20   0.9309204E-13    0.000000    
   0.1275293E-10    595.5098       0.9969037E+10    24179.23       0.1241769       0.2254406E-35   0.2442270E-15   0.6667002       0.2572613E-18   0.3332998       0.4213668E-13   0.9654833E-13   0.7731913E-20   0.9679137E-13    0.000000    
   0.1310833E-10    595.5098       0.9969037E+10    24179.23       0.1247324       0.2346804E-35   0.2451469E-15   0.6667002       0.2667939E-18   0.3332998       0.4229443E-13   0.1002613E-12   0.8280844E-20   0.1005052E-12    0.000000    
   0.1346372E-10    595.5098       0.9969037E+10    24179.23       0.1252412       0.2439130E-35   0.2459894E-15   0.6667002       0.2763346E-18   0.3332998       0.4243889E-13   0.1039876E-12   0.8850525E-20   0.1042323E-12    0.000000    
   0.1381911E-10    595.5098       0.9969037E+10    24179.23       0.1257071       0.2531356E-35   0.2467609E-15   0.6667002       0.2858801E-18   0.3332998       0.4257119E-13   0.1077261E-12   0.9441027E-20   0.1079716E-12    0.000000    
   0.1417450E-10    595.5098       0.9969037E+10    24179.23       0.1261338       0.2623439E-35   0.2474674E-15   0.6667002       0.2954277E-18   0.3332998       0.4269235E-13   0.1114759E-12   0.1005242E-19   0.1117220E-12    0.000000    
   0.1452990E-10    595.5098       0.9969037E+10    24179.23       0.1265245       0.2715343E-35   0.2481144E-15   0.6667002       0.3049747E-18   0.3332998       0.4280331E-13   0.1152359E-12   0.1068475E-19   0.1154827E-12    0.000000    
   0.1488529E-10    595.5098       0.9969037E+10    24179.23       0.1268824       0.2807057E-35   0.2487070E-15   0.6667002       0.3145186E-18   0.3332998       0.4290492E-13   0.1190053E-12   0.1133809E-19   0.1192526E-12    0.000000    
   0.1524068E-10    595.5098       0.9969037E+10    24179.23       0.1272101       0.2898550E-35   0.2492496E-15   0.6667002       0.3240574E-18   0.3332998       0.4299798E-13   0.1227833E-12   0.1201247E-19   0.1230312E-12    0.000000    
   0.1559608E-10    595.5098       0.9969037E+10    24179.23       0.1275102       0.2989794E-35   0.2497466E-15   0.6667002       0.3335889E-18   0.3332998       0.4308320E-13   0.1265692E-12   0.1270796E-19   0.1268175E-12    0.000000    
   0.1630686E-10    595.5098       0.9969037E+10    24179.23       0.1280367       0.3171514E-35   0.2506184E-15   0.6667002       0.3526233E-18   0.3332998       0.4323271E-13   0.1341621E-12   0.1416238E-19   0.1344112E-12    0.000000    
   0.1694657E-10    595.5098       0.9969037E+10    24179.23       0.1284376       0.3334120E-35   0.2512821E-15   0.6667002       0.3697130E-18   0.3332998       0.4334653E-13   0.1410165E-12   0.1554390E-19   0.1412662E-12    0.000000    
   0.1754113E-10    595.5098       0.9969037E+10    24179.23       0.1287573       0.3484356E-35   0.2518116E-15   0.6667002       0.3855546E-18   0.3332998       0.4343732E-13   0.1474023E-12   0.1688972E-19   0.1476525E-12    0.000000    
   0.1813570E-10    595.5098       0.9969037E+10    24179.23       0.1290333       0.3633749E-35   0.2522686E-15   0.6667002       0.4013500E-18   0.3332998       0.4351569E-13   0.1538007E-12   0.1829519E-19   0.1540513E-12    0.000000    
   0.1873026E-10    595.5098       0.9969037E+10    24179.23       0.1292715       0.3782267E-35   0.2526630E-15   0.6667002       0.4170949E-18   0.3332998       0.4358333E-13   0.1602098E-12   0.1976043E-19   0.1604607E-12    0.000000    
   0.1932483E-10    595.5098       0.9969037E+10    24179.23       0.1294771       0.3929896E-35   0.2530035E-15   0.6667002       0.4327854E-18   0.3332998       0.4364171E-13   0.1666282E-12   0.2128552E-19   0.1668794E-12    0.000000    
   0.1991940E-10    595.5098       0.9969037E+10    24179.23       0.1296546       0.4076634E-35   0.2532973E-15   0.6667002       0.4484182E-18   0.3332998       0.4369210E-13   0.1730546E-12   0.2287055E-19   0.1733061E-12    0.000000    
   0.2051396E-10    595.5098       0.9969037E+10    24179.23       0.1298077       0.4222482E-35   0.2535510E-15   0.6667002       0.4639905E-18   0.3332998       0.4373560E-13   0.1794880E-12   0.2451559E-19   0.1797397E-12    0.000000    
   0.2110853E-10    595.5098       0.9969037E+10    24179.23       0.1299400       0.4367444E-35   0.2537699E-15   0.6667002       0.4795001E-18   0.3332998       0.4377315E-13   0.1859274E-12   0.2622069E-19   0.1861793E-12    0.000000    
   0.2170309E-10    595.5098       0.9969037E+10    24179.23       0.1300541       0.4511528E-35   0.2539589E-15   0.6667002       0.4949449E-18   0.3332998       0.4380555E-13   0.1923720E-12   0.2798592E-19   0.1926239E-12    0.000000    
   0.2229766E-10    595.5098       0.9969037E+10    24179.23       0.1301526       0.4654741E-35   0.2541220E-15   0.6667002       0.5103234E-18   0.3332998       0.4383352E-13   0.1988210E-12   0.2981131E-19   0.1990731E-12    0.000000    
   0.2289222E-10    595.5098       0.9969037E+10    24179.23       0.1302376       0.4797095E-35   0.2542628E-15   0.6667002       0.5256342E-18   0.3332998       0.4385767E-13   0.2052738E-12   0.3169691E-19   0.2055260E-12    0.000000    
   0.2348679E-10    595.5098       0.9969037E+10    24179.23       0.1303110       0.4938601E-35   0.2543843E-15   0.6667002       0.5408761E-18   0.3332998       0.4387851E-13   0.2117300E-12   0.3364274E-19   0.2119823E-12    0.000000    
   0.2408135E-10    595.5098       0.9969037E+10    24179.23       0.1303744       0.5079270E-35   0.2544892E-15   0.6667002       0.5560483E-18   0.3332998       0.4389650E-13   0.2181891E-12   0.3564883E-19   0.2184414E-12    0.000000    
   0.2467592E-10    595.5098       0.9969037E+10    24179.23       0.1304290       0.5219115E-35   0.2545798E-15   0.6667002       0.5711501E-18   0.3332998       0.4391202E-13   0.2246506E-12   0.3771522E-19   0.2249029E-12    0.000000    
   0.2527048E-10    595.5098       0.9969037E+10    24179.23       0.1304762       0.5358148E-35   0.2546579E-15   0.6667002       0.5861807E-18   0.3332998       0.4392542E-13   0.2311142E-12   0.3984192E-19   0.2313666E-12    0.000000    
   0.2586505E-10    595.5098       0.9969037E+10    24179.23       0.1305170       0.5496380E-35   0.2547254E-15   0.6667002       0.6011399E-18   0.3332998       0.4393699E-13   0.2375798E-12   0.4202895E-19   0.2378321E-12    0.000000    
   0.2645962E-10    595.5098       0.9969037E+10    24179.23       0.1305521       0.5633823E-35   0.2547836E-15   0.6667002       0.6160272E-18   0.3332998       0.4394698E-13   0.2440469E-12   0.4427633E-19   0.2442992E-12    0.000000    
   0.2705418E-10    595.5098       0.9969037E+10    24179.23       0.1305825       0.5770488E-35   0.2548339E-15   0.6667002       0.6308424E-18   0.3332998       0.4395559E-13   0.2505153E-12   0.4658407E-19   0.2507677E-12    0.000000    
   0.2764875E-10    595.5098       0.9969037E+10    24179.23       0.1306087       0.5906386E-35   0.2548773E-15   0.6667002       0.6455854E-18   0.3332998       0.4396303E-13   0.2569850E-12   0.4895218E-19   0.2572374E-12    0.000000    
   0.2824331E-10    595.5098       0.9969037E+10    24179.23       0.1306313       0.6041528E-35   0.2549147E-15   0.6667002       0.6602560E-18   0.3332998       0.4396945E-13   0.2634557E-12   0.5138068E-19   0.2637080E-12    0.000000    
   0.2943244E-10    595.5098       0.9969037E+10    24179.23       0.1306677       0.6309579E-35   0.2549749E-15   0.6667002       0.6893804E-18   0.3332998       0.4397978E-13   0.2763996E-12   0.5641885E-19   0.2766519E-12    0.000000    
   0.3050266E-10    595.5098       0.9969037E+10    24179.23       0.1306924       0.6548330E-35   0.2550159E-15   0.6667002       0.7153453E-18   0.3332998       0.4398680E-13   0.2880514E-12   0.6115979E-19   0.2883037E-12    0.000000    
   0.3153430E-10    595.5098       0.9969037E+10    24179.23       0.1307108       0.6776285E-35   0.2550463E-15   0.6667002       0.7401534E-18   0.3332998       0.4399201E-13   0.2992847E-12   0.6591513E-19   0.2995369E-12    0.000000    
   0.3256594E-10    595.5098       0.9969037E+10    24179.23       0.1307250       0.7002130E-35   0.2550699E-15   0.6667002       0.7647458E-18   0.3332998       0.4399606E-13   0.3105193E-12   0.7085238E-19   0.3107714E-12    0.000000    
   0.3359758E-10    595.5098       0.9969037E+10    24179.23       0.1307360       0.7225901E-35   0.2550882E-15   0.6667002       0.7891235E-18   0.3332998       0.4399919E-13   0.3217547E-12   0.7597156E-19   0.3220067E-12    0.000000    
   0.3462922E-10    595.5098       0.9969037E+10    24179.23       0.1307446       0.7447630E-35   0.2551023E-15   0.6667002       0.8132880E-18   0.3332998       0.4400161E-13   0.3329908E-12   0.8127268E-19   0.3332428E-12    0.000000    
   0.3566085E-10    595.5098       0.9969037E+10    24179.23       0.1307512       0.7667347E-35   0.2551133E-15   0.6667002       0.8372407E-18   0.3332998       0.4400349E-13   0.3442275E-12   0.8675576E-19   0.3444794E-12    0.000000    
   0.3669249E-10    595.5098       0.9969037E+10    24179.23       0.1307563       0.7885081E-35   0.2551218E-15   0.6667002       0.8609830E-18   0.3332998       0.4400495E-13   0.3554647E-12   0.9242079E-19   0.3557165E-12    0.000000    
   0.3772413E-10    595.5098       0.9969037E+10    24179.23       0.1307603       0.8100856E-35   0.2551284E-15   0.6667002       0.8845167E-18   0.3332998       0.4400608E-13   0.3667021E-12   0.9826780E-19   0.3669538E-12    0.000000    
   0.3875577E-10    595.5098       0.9969037E+10    24179.23       0.1307634       0.8314698E-35   0.2551335E-15   0.6667002       0.9078432E-18   0.3332998       0.4400695E-13   0.3779398E-12   0.1042968E-18   0.3781915E-12    0.000000    
   0.3978741E-10    595.5098       0.9969037E+10    24179.23       0.1307658       0.8526627E-35   0.2551374E-15   0.6667002       0.9309644E-18   0.3332998       0.4400763E-13   0.3891777E-12   0.1105077E-18   0.3894293E-12    0.000000    
   0.4081905E-10    595.5098       0.9969037E+10    24179.23       0.1307676       0.8736667E-35   0.2551405E-15   0.6667002       0.9538818E-18   0.3332998       0.4400815E-13   0.4004158E-12   0.1169007E-18   0.4006673E-12    0.000000    
   0.4185069E-10    595.5098       0.9969037E+10    24179.23       0.1307691       0.8944837E-35   0.2551429E-15   0.6667002       0.9765972E-18   0.3332998       0.4400856E-13   0.4116540E-12   0.1234756E-18   0.4119053E-12    0.000000    
   0.4288233E-10    595.5098       0.9969037E+10    24179.23       0.1307702       0.9151157E-35   0.2551447E-15   0.6667002       0.9991123E-18   0.3332998       0.4400888E-13   0.4228923E-12   0.1302325E-18   0.4231435E-12    0.000000    
   0.4494561E-10    595.5098       0.9969037E+10    24179.23       0.1307717       0.9558320E-35   0.2551473E-15   0.6667002       0.1043548E-17   0.3332998       0.4400931E-13   0.4453690E-12   0.1442923E-18   0.4456201E-12    0.000000    
   0.4700888E-10    595.5098       0.9969037E+10    24179.23       0.1307726       0.9958299E-35   0.2551488E-15   0.6667002       0.1087204E-17   0.3332998       0.4400957E-13   0.4678459E-12   0.1590800E-18   0.4680968E-12    0.000000    
   0.4907216E-10    595.5098       0.9969037E+10    24179.23       0.1307732       0.1035123E-34   0.2551497E-15   0.6667002       0.1130092E-17   0.3332998       0.4400973E-13   0.4903230E-12   0.1745957E-18   0.4905737E-12    0.000000    
   0.5113544E-10    595.5098       0.9969037E+10    24179.23       0.1307735       0.1073724E-34   0.2551503E-15   0.6667002       0.1172226E-17   0.3332998       0.4400982E-13   0.5128001E-12   0.1908393E-18   0.5130506E-12    0.000000    
   0.5319872E-10    595.5098       0.9969037E+10    24179.23       0.1307738       0.1111646E-34   0.2551507E-15   0.6667002       0.1213620E-17   0.3332998       0.4400988E-13   0.5352772E-12   0.2078109E-18   0.5355275E-12    0.000000    
   0.5526199E-10    595.5098       0.9969037E+10    24179.23       0.1307739       0.1148901E-34   0.2551509E-15   0.6667002       0.1254286E-17   0.3332998       0.4400992E-13   0.5577544E-12   0.2255105E-18   0.5580045E-12    0.000000    
   0.5732527E-10    595.5098       0.9969037E+10    24179.23       0.1307740       0.1185501E-34   0.2551510E-15   0.6667002       0.1294237E-17   0.3332998       0.4400994E-13   0.5802315E-12   0.2439381E-18   0.5804815E-12    0.000000    
   0.5938855E-10    595.5098       0.9969037E+10    24179.23       0.1307740       0.1221457E-34   0.2551511E-15   0.6667002       0.1333486E-17   0.3332998       0.4400995E-13   0.6027087E-12   0.2630936E-18   0.6029584E-12    0.000000    
   0.6145183E-10    595.5098       0.9969037E+10    24179.23       0.1307741       0.1256781E-34   0.2551512E-15   0.6667002       0.1372045E-17   0.3332998       0.4400996E-13   0.6251859E-12   0.2829771E-18   0.6254354E-12    0.000000    
   0.6351511E-10    595.5098       0.9969037E+10    24179.23       0.1307741       0.1291484E-34   0.2551513E-15   0.6667002       0.1409926E-17   0.3332998       0.4400997E-13   0.6476631E-12   0.3035886E-18   0.6479124E-12    0.000000    
   0.6764166E-10    595.5098       0.9969037E+10    24179.23       0.1307741       0.1359070E-34   0.2551513E-15   0.6667002       0.1483701E-17   0.3332998       0.4400997E-13   0.6926175E-12   0.3469956E-18   0.6928664E-12    0.000000    
   0.7176822E-10    595.5098       0.9969037E+10    24179.23       0.1307741       0.1424300E-34   0.2551514E-15   0.6667002       0.1554906E-17   0.3332998       0.4400998E-13   0.7375719E-12   0.3933145E-18   0.7378204E-12    0.000000    
   0.7589477E-10    595.5098       0.9969037E+10    24179.23       0.1307742       0.1487257E-34   0.2551514E-15   0.6667002       0.1623628E-17   0.3332998       0.4400998E-13   0.7825263E-12   0.4425454E-18   0.7827745E-12    0.000000    
   0.8414789E-10    595.5098       0.9969037E+10    24179.23       0.1307742       0.1606660E-34   0.2551515E-15   0.6667002       0.1753966E-17   0.3332998       0.4400998E-13   0.8724351E-12   0.5497433E-18   0.8726825E-12    0.000000    
   0.1006541E-09    595.5098       0.9969037E+10    24179.23       0.1307743       0.1822379E-34   0.2551517E-15   0.6667002       0.1989441E-17   0.3332998       0.4400999E-13   0.1052253E-11   0.7990837E-18   0.1052499E-11    0.000000    
   0.1171603E-09    595.5098       0.9969037E+10    24179.23       0.1307743       0.2009781E-34   0.2551518E-15   0.6667002       0.2194006E-17   0.3332998       0.4401000E-13   0.1232071E-11   0.1095018E-17   0.1232315E-11    0.000000    
   0.1336666E-09    595.5098       0.9969037E+10    24179.23       0.1307744       0.2172365E-34   0.2551520E-15   0.6667002       0.2371478E-17   0.3332998       0.4401001E-13   0.1411888E-11   0.1437547E-17   0.1412131E-11    0.000000    
   0.1501728E-09    595.5098       0.9969037E+10    24179.23       0.1307745       0.2313340E-34   0.2551521E-15   0.6667002       0.2525363E-17   0.3332998       0.4401001E-13   0.1591706E-11   0.1826672E-17   0.1591947E-11    0.000000    
   0.1831852E-09    595.5098       0.9969037E+10    24179.23       0.1307745       0.2540290E-34   0.2551523E-15   0.6667002       0.2773095E-17   0.3332998       0.4401002E-13   0.1951342E-11   0.2744715E-17   0.1951579E-11    0.000000    
   0.2161977E-09    595.5098       0.9969037E+10    24179.23       0.1307746       0.2710114E-34   0.2551526E-15   0.6667002       0.2958470E-17   0.3332998       0.4401003E-13   0.2310978E-11   0.3849154E-17   0.2311212E-11    0.000000    
   0.2631362E-09    595.5098       0.9969037E+10    24179.23       0.1307747       0.2880354E-34   0.2551528E-15   0.6667002       0.3144298E-17   0.3332998       0.4401004E-13   0.2822324E-11   0.5740441E-17   0.2822553E-11    0.000000    
   0.3100747E-09    595.5098       0.9969037E+10    24179.23       0.1307748       0.2994002E-34   0.2551531E-15   0.6667002       0.3268351E-17   0.3332998       0.4401004E-13   0.3333671E-11   0.8008602E-17   0.3333894E-11    0.000000    
   0.3570132E-09    595.5098       0.9969037E+10    24179.23       0.1307749       0.3070694E-34   0.2551533E-15   0.6667002       0.3352063E-17   0.3332998       0.4401004E-13   0.3845017E-11   0.1065366E-16   0.3845235E-11    0.000000    
   0.4039517E-09    595.5098       0.9969037E+10    24179.23       0.1307749       0.3122687E-34   0.2551535E-15   0.6667002       0.3408814E-17   0.3332998       0.4401005E-13   0.4356363E-11   0.1367565E-16   0.4356576E-11    0.000000    
   0.4508902E-09    595.5098       0.9969037E+10    24179.23       0.1307750       0.3157901E-34   0.2551537E-15   0.6667002       0.3447251E-17   0.3332998       0.4401005E-13   0.4867710E-11   0.1707459E-16   0.4867917E-11    0.000000    
   0.4978288E-09    595.5098       0.9969037E+10    24179.23       0.1307751       0.3181891E-34   0.2551539E-15   0.6667002       0.3473436E-17   0.3332998       0.4401005E-13   0.5379056E-11   0.2085051E-16   0.5379258E-11    0.000000    
   0.5447673E-09    595.5098       0.9969037E+10    24179.23       0.1307751       0.3198189E-34   0.2551541E-15   0.6667002       0.3491223E-17   0.3332998       0.4401005E-13   0.5890403E-11   0.2500344E-16   0.5890599E-11    0.000000    
   0.6386443E-09    595.5098       0.9969037E+10    24179.23       0.1307752       0.3217435E-34   0.2551545E-15   0.6667002       0.3512226E-17   0.3332998       0.4401005E-13   0.6913096E-11   0.3444041E-16   0.6913282E-11    0.000000    
   0.7325213E-09    595.5098       0.9969037E+10    24179.23       0.1307753       0.3225012E-34   0.2551549E-15   0.6667002       0.3520492E-17   0.3332998       0.4401005E-13   0.7935789E-11   0.4538572E-16   0.7935964E-11    0.000000    
   0.8263984E-09    595.5098       0.9969037E+10    24179.23       0.1307754       0.3227697E-34   0.2551552E-15   0.6667002       0.3523417E-17   0.3332998       0.4401005E-13   0.8958482E-11   0.5783957E-16   0.8958646E-11    0.000000    
   0.1014152E-08    595.5098       0.9969037E+10    24179.23       0.1307757       0.3227114E-34   0.2551560E-15   0.6667002       0.3522771E-17   0.3332998       0.4401005E-13   0.1100387E-10   0.8727377E-16   0.1100401E-10    0.000000    
   0.1183131E-08    595.5098       0.9969037E+10    24179.23       0.1307759       0.3227817E-34   0.2551567E-15   0.6667002       0.3523529E-17   0.3332998       0.4401005E-13   0.1284471E-10   0.1189259E-15   0.1284484E-10    0.000000    
   0.1352110E-08    595.5098       0.9969037E+10    24179.23       0.1307761       0.3229477E-34   0.2551573E-15   0.6667002       0.3525331E-17   0.3332998       0.4401005E-13   0.1468556E-10   0.1554690E-15   0.1468567E-10    0.000000    
   0.1521088E-08    595.5098       0.9969037E+10    24179.23       0.1307762       0.3230600E-34   0.2551580E-15   0.6667002       0.3526548E-17   0.3332998       0.4401005E-13   0.1652641E-10   0.1969042E-15   0.1652650E-10    0.000000    
   0.1859046E-08    595.5098       0.9969037E+10    24179.23       0.1307766       0.3231532E-34   0.2551594E-15   0.6667002       0.3527546E-17   0.3332998       0.4401005E-13   0.2020810E-10   0.2944563E-15   0.2020815E-10    0.000000    
   0.2197003E-08    595.5098       0.9969037E+10    24179.23       0.1307770       0.3231189E-34   0.2551607E-15   0.6667002       0.3527153E-17   0.3332998       0.4401005E-13   0.2388980E-10   0.4115918E-15   0.2388981E-10    0.000000    
   0.2872918E-08    595.5098       0.9969037E+10    24179.23       0.1307778       0.3230778E-34   0.2551634E-15   0.6667002       0.3526668E-17   0.3332998       0.4401005E-13   0.3125319E-10   0.7046524E-15   0.3125312E-10    0.000000    
   0.3548832E-08    595.5098       0.9969037E+10    24179.23       0.1307786       0.3230904E-34   0.2551661E-15   0.6667002       0.3526768E-17   0.3332998       0.4401005E-13   0.3861657E-10   0.1076165E-14   0.3861643E-10    0.000000    
   0.4224747E-08    595.5098       0.9969037E+10    24179.23       0.1307794       0.3231114E-34   0.2551688E-15   0.6667002       0.3526959E-17   0.3332998       0.4401005E-13   0.4597996E-10   0.1526207E-14   0.4597975E-10    0.000000    
   0.5576576E-08    595.5098       0.9969037E+10    24179.23       0.1307809       0.3231326E-34   0.2551743E-15   0.6667002       0.3527116E-17   0.3332998       0.4401005E-13   0.6070673E-10   0.2662196E-14   0.6070637E-10    0.000000    
   0.6928405E-08    595.5098       0.9969037E+10    24179.23       0.1307825       0.3231414E-34   0.2551797E-15   0.6667002       0.3527137E-17   0.3332998       0.4401005E-13   0.7543350E-10   0.4113246E-14   0.7543300E-10    0.000000    
   0.9632064E-08    595.5098       0.9969037E+10    24179.23       0.1307857       0.3231674E-34   0.2551905E-15   0.6667002       0.3527271E-17   0.3332998       0.4401005E-13   0.1048870E-09   0.7963043E-14   0.1048862E-09    0.000000    
   0.1503938E-07    595.5098       0.9969037E+10    24179.23       0.1307921       0.3232232E-34   0.2552122E-15   0.6667002       0.3527580E-17   0.3332998       0.4401005E-13   0.1637939E-09   0.1947100E-13   0.1637928E-09    0.000000    
   0.2044670E-07    595.5098       0.9969037E+10    24179.23       0.1307985       0.3232828E-34   0.2552338E-15   0.6667002       0.3527932E-17   0.3332998       0.4401005E-13   0.2227006E-09   0.3609023E-13   0.2226993E-09    0.000000    
   0.2585401E-07    595.5098       0.9969037E+10    24179.23       0.1308050       0.3233399E-34   0.2552555E-15   0.6667002       0.3528256E-17   0.3332998       0.4401005E-13   0.2816070E-09   0.5786089E-13   0.2816058E-09    0.000000    
   0.3126133E-07    595.5098       0.9969037E+10    24179.23       0.1308116       0.3233968E-34   0.2552771E-15   0.6667002       0.3528577E-17   0.3332998       0.4401005E-13   0.3405129E-09   0.8482314E-13   0.3405123E-09    0.000000    
   0.3666865E-07    595.5098       0.9969037E+10    24179.23       0.1308182       0.3234538E-34   0.2552988E-15   0.6667002       0.3528900E-17   0.3332998       0.4401005E-13   0.3994185E-09   0.1170171E-12   0.3994188E-09    0.000000    
   0.4748328E-07    595.5098       0.9969037E+10    24179.23       0.1308317       0.3235679E-34   0.2553421E-15   0.6667002       0.3529545E-17   0.3332998       0.4401005E-13   0.5172278E-09   0.1972608E-12   0.5172318E-09    0.000000    
   0.5829792E-07    595.5098       0.9969037E+10    24179.23       0.1308454       0.3236819E-34   0.2553854E-15   0.6667002       0.3530190E-17   0.3332998       0.4401005E-13   0.6350343E-09   0.2989128E-12   0.6350449E-09    0.000000    
   0.6911255E-07    595.5098       0.9969037E+10    24179.23       0.1308594       0.3237959E-34   0.2554287E-15   0.6667002       0.3530835E-17   0.3332998       0.4401006E-13   0.7528373E-09   0.4222940E-12   0.7528579E-09    0.000000    
   0.8346721E-07    595.5098       0.9969037E+10    24179.23       0.1308784       0.3239474E-34   0.2554862E-15   0.6667002       0.3531691E-17   0.3332998       0.4401006E-13   0.9091952E-09   0.6201743E-12   0.9092355E-09    0.000000    
   0.9782187E-07    595.5098       0.9969037E+10    24179.23       0.1308979       0.3240988E-34   0.2555437E-15   0.6667002       0.3532547E-17   0.3332998       0.4401006E-13   0.1065544E-08   0.8576519E-12   0.1065613E-08    0.000000    
   0.1121765E-06    595.5098       0.9969037E+10    24179.23       0.1309178       0.3242502E-34   0.2556012E-15   0.6667002       0.3533403E-17   0.3332998       0.4401006E-13   0.1221883E-08   0.1135476E-11   0.1221991E-08    0.000000    
   0.1265312E-06    595.5098       0.9969037E+10    24179.23       0.1309382       0.3244017E-34   0.2556587E-15   0.6667002       0.3534259E-17   0.3332998       0.4401006E-13   0.1378210E-08   0.1454395E-11   0.1378368E-08    0.000000    
   0.1408858E-06    595.5098       0.9969037E+10    24179.23       0.1309591       0.3245532E-34   0.2557161E-15   0.6667002       0.3535115E-17   0.3332998       0.4401006E-13   0.1534524E-08   0.1815156E-11   0.1534746E-08    0.000000    
   0.1552405E-06    595.5098       0.9969037E+10    24179.23       0.1309804       0.3247048E-34   0.2557736E-15   0.6667002       0.3535971E-17   0.3332998       0.4401006E-13   0.1690823E-08   0.2218508E-11   0.1691124E-08    0.000000    
   0.1839498E-06    595.5098       0.9969037E+10    24179.23       0.1310244       0.3250079E-34   0.2558885E-15   0.6667002       0.3537683E-17   0.3332998       0.4401006E-13   0.2003371E-08   0.3155967E-11   0.2003879E-08    0.000000    
   0.2126591E-06    595.5098       0.9969037E+10    24179.23       0.1310703       0.3253111E-34   0.2560034E-15   0.6667002       0.3539394E-17   0.3332998       0.4401007E-13   0.2315842E-08   0.4272737E-11   0.2316634E-08    0.000000    
   0.2413685E-06    595.5098       0.9969037E+10    24179.23       0.1311180       0.3256144E-34   0.2561183E-15   0.6667002       0.3541105E-17   0.3332998       0.4401007E-13   0.2628224E-08   0.5574773E-11   0.2629390E-08    0.000000    
   0.2700778E-06    595.5098       0.9969037E+10    24179.23       0.1311676       0.3259177E-34   0.2562331E-15   0.6667002       0.3542814E-17   0.3332998       0.4401007E-13   0.2940505E-08   0.7068016E-11   0.2942146E-08    0.000000    
   0.3274964E-06    595.5098       0.9969037E+10    24179.23       0.1312722       0.3265246E-34   0.2564626E-15   0.6667002       0.3546235E-17   0.3332998       0.4401007E-13   0.3564717E-08   0.1065182E-10   0.3567657E-08    0.000000    
   0.3849151E-06    595.5098       0.9969037E+10    24179.23       0.1313841       0.3271314E-34   0.2566919E-15   0.6667002       0.3549651E-17   0.3332998       0.4401008E-13   0.4188381E-08   0.1507141E-10   0.4193168E-08    0.000000    
   0.4423337E-06    595.5099       0.9969037E+10    24179.23       0.1315033       0.3277383E-34   0.2569210E-15   0.6667002       0.3553065E-17   0.3332998       0.4401008E-13   0.4811404E-08   0.2037379E-10   0.4818680E-08    0.000000    
   0.4997523E-06    595.5099       0.9969037E+10    24179.23       0.1316298       0.3283450E-34   0.2571498E-15   0.6667002       0.3556475E-17   0.3332998       0.4401009E-13   0.5433690E-08   0.2660567E-10   0.5444192E-08    0.000000    
   0.5571710E-06    595.5099       0.9969038E+10    24179.23       0.1317634       0.3289515E-34   0.2573783E-15   0.6667002       0.3559881E-17   0.3332998       0.4401009E-13   0.6055144E-08   0.3381346E-10   0.6069704E-08    0.000000    
   0.6145896E-06    595.5099       0.9969038E+10    24179.23       0.1319042       0.3295577E-34   0.2576064E-15   0.6667002       0.3563283E-17   0.3332998       0.4401010E-13   0.6675674E-08   0.4204324E-10   0.6695217E-08    0.000000    
   0.6720083E-06    595.5099       0.9969038E+10    24179.23       0.1320521       0.3301635E-34   0.2578342E-15   0.6667002       0.3566679E-17   0.3332998       0.4401010E-13   0.7295187E-08   0.5134071E-10   0.7320729E-08    0.000000    
   0.7294269E-06    595.5099       0.9969038E+10    24179.23       0.1322070       0.3307688E-34   0.2580616E-15   0.6667002       0.3570070E-17   0.3332998       0.4401011E-13   0.7913589E-08   0.6175119E-10   0.7946242E-08    0.000000    
   0.7868455E-06    595.5099       0.9969038E+10    24179.23       0.1323689       0.3313736E-34   0.2582885E-15   0.6667002       0.3573454E-17   0.3332998       0.4401011E-13   0.8530788E-08   0.7331956E-10   0.8571755E-08    0.000000    
   0.8442642E-06    595.5099       0.9969038E+10    24179.23       0.1325376       0.3319776E-34   0.2585150E-15   0.6667002       0.3576832E-17   0.3332998       0.4401011E-13   0.9146695E-08   0.8609028E-10   0.9197269E-08    0.000000    
   0.9016828E-06    595.5099       0.9969038E+10    24179.23       0.1327132       0.3325809E-34   0.2587409E-15   0.6667002       0.3580202E-17   0.3332998       0.4401012E-13   0.9761217E-08   0.1001073E-09   0.9822782E-08    0.000000    
   0.9591015E-06    595.5099       0.9969038E+10    24179.23       0.1328955       0.3331834E-34   0.2589663E-15   0.6667002       0.3583565E-17   0.3332998       0.4401012E-13   0.1037427E-07   0.1154142E-09   0.1044830E-07    0.000000    
   0.1016520E-05    595.5099       0.9969038E+10    24179.23       0.1330845       0.3337849E-34   0.2591912E-15   0.6667002       0.3586920E-17   0.3332998       0.4401013E-13   0.1098575E-07   0.1320538E-09   0.1107381E-07    0.000000    
   0.1073939E-05    595.5099       0.9969039E+10    24179.23       0.1332800       0.3343853E-34   0.2594154E-15   0.6667002       0.3590267E-17   0.3332998       0.4401013E-13   0.1159559E-07   0.1500686E-09   0.1169932E-07    0.000000    
   0.1131357E-05    595.5099       0.9969039E+10    24179.23       0.1334821       0.3349846E-34   0.2596390E-15   0.6667002       0.3593604E-17   0.3332998       0.4401014E-13   0.1220369E-07   0.1695004E-09   0.1232484E-07    0.000000    
   0.1188776E-05    595.5099       0.9969039E+10    24179.23       0.1336905       0.3355827E-34   0.2598619E-15   0.6667002       0.3596931E-17   0.3332998       0.4401014E-13   0.1280997E-07   0.1903905E-09   0.1295035E-07    0.000000    
   0.1246195E-05    595.5099       0.9969039E+10    24179.23       0.1339053       0.3361795E-34   0.2600841E-15   0.6667002       0.3600249E-17   0.3332998       0.4401015E-13   0.1341434E-07   0.2127796E-09   0.1357587E-07    0.000000    
   0.1303613E-05    595.5100       0.9969039E+10    24179.23       0.1341263       0.3367748E-34   0.2603056E-15   0.6667002       0.3603556E-17   0.3332998       0.4401015E-13   0.1401672E-07   0.2367076E-09   0.1420138E-07    0.000000    
   0.1361032E-05    595.5100       0.9969039E+10    24179.23       0.1343534       0.3373687E-34   0.2605264E-15   0.6667002       0.3606852E-17   0.3332998       0.4401016E-13   0.1461703E-07   0.2622138E-09   0.1482690E-07    0.000000    
   0.1418451E-05    595.5100       0.9969039E+10    24179.23       0.1345865       0.3379610E-34   0.2607463E-15   0.6667002       0.3610136E-17   0.3332998       0.4401016E-13   0.1521519E-07   0.2893371E-09   0.1545241E-07    0.000000    
   0.1475869E-05    595.5100       0.9969039E+10    24179.23       0.1348255       0.3385517E-34   0.2609654E-15   0.6667002       0.3613409E-17   0.3332998       0.4401017E-13   0.1581111E-07   0.3181153E-09   0.1607793E-07    0.000000    
   0.1533288E-05    595.5100       0.9969039E+10    24179.23       0.1350703       0.3391406E-34   0.2611837E-15   0.6667002       0.3616670E-17   0.3332998       0.4401017E-13   0.1640472E-07   0.3485858E-09   0.1670345E-07    0.000000    
   0.1590706E-05    595.5100       0.9969039E+10    24179.23       0.1353208       0.3397277E-34   0.2614011E-15   0.6667002       0.3619917E-17   0.3332998       0.4401018E-13   0.1699594E-07   0.3807851E-09   0.1732896E-07    0.000000    
   0.1648125E-05    595.5100       0.9969040E+10    24179.23       0.1355769       0.3403129E-34   0.2616176E-15   0.6667002       0.3623152E-17   0.3332998       0.4401018E-13   0.1758469E-07   0.4147489E-09   0.1795448E-07    0.000000    
   0.1705544E-05    595.5100       0.9969040E+10    24179.23       0.1358384       0.3408961E-34   0.2618331E-15   0.6667002       0.3626373E-17   0.3332998       0.4401019E-13   0.1817091E-07   0.4505124E-09   0.1858000E-07    0.000000    
   0.1762962E-05    595.5100       0.9969040E+10    24179.23       0.1361053       0.3414772E-34   0.2620477E-15   0.6667002       0.3629580E-17   0.3332998       0.4401019E-13   0.1875450E-07   0.4881098E-09   0.1920551E-07    0.000000    
   0.1820381E-05    595.5100       0.9969040E+10    24179.23       0.1363773       0.3420562E-34   0.2622613E-15   0.6667002       0.3632773E-17   0.3332998       0.4401020E-13   0.1933542E-07   0.5275746E-09   0.1983103E-07    0.000000    
   0.1877800E-05    595.5100       0.9969040E+10    24179.23       0.1366545       0.3426330E-34   0.2624739E-15   0.6667001       0.3635951E-17   0.3332998       0.4401020E-13   0.1991358E-07   0.5689394E-09   0.2045655E-07    0.000000    
   0.1935218E-05    595.5100       0.9969040E+10    24179.23       0.1369366       0.3432075E-34   0.2626854E-15   0.6667001       0.3639114E-17   0.3332998       0.4401021E-13   0.2048891E-07   0.6122360E-09   0.2108207E-07    0.000000    
   0.2050056E-05    595.5100       0.9969040E+10    24179.23       0.1375152       0.3443492E-34   0.2631053E-15   0.6667001       0.3645392E-17   0.3332998       0.4401022E-13   0.2163084E-07   0.7047483E-09   0.2233310E-07    0.000000    
   0.2153409E-05    595.5101       0.9969041E+10    24179.23       0.1380517       0.3453682E-34   0.2634794E-15   0.6667001       0.3650988E-17   0.3332998       0.4401023E-13   0.2264826E-07   0.7949189E-09   0.2345904E-07    0.000000    
   0.2256763E-05    595.5101       0.9969041E+10    24179.23       0.1386022       0.3463786E-34   0.2638498E-15   0.6667001       0.3656529E-17   0.3332998       0.4401024E-13   0.2365553E-07   0.8918056E-09   0.2458497E-07    0.000000    
   0.2360116E-05    595.5101       0.9969041E+10    24179.23       0.1391660       0.3473801E-34   0.2642164E-15   0.6667001       0.3662013E-17   0.3332998       0.4401025E-13   0.2465232E-07   0.9955635E-09   0.2571091E-07    0.000000    
   0.2463470E-05    595.5101       0.9969041E+10    24179.23       0.1397423       0.3483722E-34   0.2645789E-15   0.6667001       0.3667439E-17   0.3332998       0.4401027E-13   0.2563828E-07   0.1106338E-08   0.2683684E-07    0.000000    
   0.2566823E-05    595.5101       0.9969041E+10    24179.23       0.1403303       0.3493546E-34   0.2649374E-15   0.6667001       0.3672805E-17   0.3332998       0.4401028E-13   0.2661312E-07   0.1224266E-08   0.2796278E-07    0.000000    
   0.2670177E-05    595.5101       0.9969042E+10    24179.23       0.1409293       0.3503270E-34   0.2652916E-15   0.6667001       0.3678109E-17   0.3332998       0.4401029E-13   0.2757654E-07   0.1349473E-08   0.2908872E-07    0.000000    
   0.2773530E-05    595.5101       0.9969042E+10    24179.23       0.1415382       0.3512890E-34   0.2656416E-15   0.6667001       0.3683350E-17   0.3332998       0.4401030E-13   0.2852828E-07   0.1482078E-08   0.3021465E-07    0.000000    
   0.2876884E-05    595.5101       0.9969042E+10    24179.23       0.1421565       0.3522404E-34   0.2659872E-15   0.6667001       0.3688526E-17   0.3332998       0.4401031E-13   0.2946807E-07   0.1622187E-08   0.3134059E-07    0.000000    
   0.2980238E-05    595.5102       0.9969042E+10    24179.23       0.1427833       0.3531808E-34   0.2663283E-15   0.6667001       0.3693636E-17   0.3332998       0.4401033E-13   0.3039569E-07   0.1769901E-08   0.3246653E-07    0.000000    
   0.3083591E-05    595.5102       0.9969042E+10    24179.23       0.1434177       0.3541099E-34   0.2666649E-15   0.6667001       0.3698679E-17   0.3332998       0.4401034E-13   0.3131091E-07   0.1925307E-08   0.3359247E-07    0.000000    
   0.3186945E-05    595.5102       0.9969043E+10    24179.23       0.1440591       0.3550276E-34   0.2669968E-15   0.6667001       0.3703653E-17   0.3332998       0.4401035E-13   0.3221354E-07   0.2088485E-08   0.3471842E-07    0.000000    
   0.3290298E-05    595.5102       0.9969043E+10    24179.23       0.1447065       0.3559335E-34   0.2673241E-15   0.6667001       0.3708558E-17   0.3332998       0.4401037E-13   0.3310339E-07   0.2259507E-08   0.3584436E-07    0.000000    
   0.3393652E-05    595.5102       0.9969043E+10    24179.23       0.1453593       0.3568275E-34   0.2676465E-15   0.6667001       0.3713392E-17   0.3332998       0.4401038E-13   0.3398029E-07   0.2438433E-08   0.3697030E-07    0.000000    
   0.3497005E-05    595.5102       0.9969043E+10    24179.23       0.1460167       0.3577093E-34   0.2679642E-15   0.6667001       0.3718156E-17   0.3332998       0.4401039E-13   0.3484411E-07   0.2625316E-08   0.3809625E-07    0.000000    
   0.3600359E-05    595.5102       0.9969043E+10    24179.23       0.1466778       0.3585788E-34   0.2682770E-15   0.6667001       0.3722847E-17   0.3332998       0.4401041E-13   0.3569470E-07   0.2820199E-08   0.3922219E-07    0.000000    
   0.3703712E-05    595.5102       0.9969044E+10    24179.23       0.1473421       0.3594358E-34   0.2685849E-15   0.6667001       0.3727466E-17   0.3332998       0.4401042E-13   0.3653197E-07   0.3023118E-08   0.4034814E-07    0.000000    
   0.3807066E-05    595.5103       0.9969044E+10    24179.23       0.1480088       0.3602801E-34   0.2688879E-15   0.6667001       0.3732011E-17   0.3332998       0.4401044E-13   0.3735580E-07   0.3234099E-08   0.4147408E-07    0.000000    
   0.3910419E-05    595.5103       0.9969044E+10    24179.23       0.1486771       0.3611116E-34   0.2691859E-15   0.6667001       0.3736482E-17   0.3332998       0.4401045E-13   0.3816613E-07   0.3453160E-08   0.4260003E-07    0.000000    
   0.4013773E-05    595.5103       0.9969044E+10    24179.23       0.1493464       0.3619302E-34   0.2694790E-15   0.6667001       0.3740880E-17   0.3332998       0.4401047E-13   0.3896288E-07   0.3680311E-08   0.4372598E-07    0.000000    
   0.4117127E-05    595.5103       0.9969044E+10    24179.23       0.1500161       0.3627358E-34   0.2697670E-15   0.6667001       0.3745203E-17   0.3332998       0.4401049E-13   0.3974601E-07   0.3915555E-08   0.4485193E-07    0.000000    
   0.4220480E-05    595.5103       0.9969045E+10    24179.23       0.1506855       0.3635282E-34   0.2700500E-15   0.6667001       0.3749451E-17   0.3332998       0.4401050E-13   0.4051548E-07   0.4158886E-08   0.4597788E-07    0.000000    
   0.4323834E-05    595.5103       0.9969045E+10    24179.23       0.1513539       0.3643076E-34   0.2703280E-15   0.6667001       0.3753625E-17   0.3332998       0.4401052E-13   0.4127128E-07   0.4410292E-08   0.4710383E-07    0.000000    
   0.4427187E-05    595.5103       0.9969045E+10    24179.23       0.1520209       0.3650737E-34   0.2706009E-15   0.6667001       0.3757724E-17   0.3332998       0.4401054E-13   0.4201340E-07   0.4669754E-08   0.4822978E-07    0.000000    
   0.4530541E-05    595.5104       0.9969045E+10    24179.23       0.1526857       0.3658265E-34   0.2708688E-15   0.6667001       0.3761748E-17   0.3332998       0.4401055E-13   0.4274184E-07   0.4937245E-08   0.4935573E-07    0.000000    
   0.4633894E-05    595.5104       0.9969045E+10    24179.23       0.1533479       0.3665661E-34   0.2711318E-15   0.6667001       0.3765697E-17   0.3332998       0.4401057E-13   0.4345664E-07   0.5212732E-08   0.5048168E-07    0.000000    
   0.4840601E-05    595.5104       0.9969046E+10    24179.23       0.1546624       0.3680053E-34   0.2716426E-15   0.6667001       0.3773372E-17   0.3332998       0.4401061E-13   0.4484543E-07   0.5787532E-08   0.5273359E-07    0.000000    
   0.5047308E-05    595.5104       0.9969046E+10    24179.23       0.1559603       0.3693914E-34   0.2721336E-15   0.6667001       0.3780751E-17   0.3332998       0.4401065E-13   0.4618017E-07   0.6393773E-08   0.5498551E-07    0.000000    
   0.5254016E-05    595.5104       0.9969047E+10    24179.23       0.1572382       0.3707248E-34   0.2726049E-15   0.6667001       0.3787836E-17   0.3332998       0.4401069E-13   0.4746146E-07   0.7030985E-08   0.5723742E-07    0.000000    
   0.5460723E-05    595.5105       0.9969047E+10    24179.23       0.1584928       0.3720057E-34   0.2730568E-15   0.6667001       0.3794632E-17   0.3332998       0.4401073E-13   0.4869004E-07   0.7698624E-08   0.5948934E-07    0.000000    
   0.5667430E-05    595.5105       0.9969048E+10    24179.23       0.1597215       0.3732350E-34   0.2734898E-15   0.6667001       0.3801143E-17   0.3332998       0.4401077E-13   0.4986680E-07   0.8396075E-08   0.6174126E-07    0.000000    
   0.5874137E-05    595.5105       0.9969048E+10    24179.23       0.1609219       0.3744132E-34   0.2739040E-15   0.6667001       0.3807375E-17   0.3332998       0.4401081E-13   0.5099275E-07   0.9122668E-08   0.6399319E-07    0.000000    
   0.6080844E-05    595.5106       0.9969049E+10    24179.23       0.1620918       0.3755414E-34   0.2743000E-15   0.6667001       0.3813333E-17   0.3332998       0.4401086E-13   0.5206901E-07   0.9877677E-08   0.6624512E-07    0.000000    
   0.6287551E-05    595.5106       0.9969049E+10    24179.23       0.1632297       0.3766206E-34   0.2746782E-15   0.6667001       0.3819025E-17   0.3332998       0.4401090E-13   0.5309680E-07   0.1066034E-07   0.6849705E-07    0.000000    
   0.6494258E-05    595.5106       0.9969050E+10    24179.23       0.1643341       0.3776518E-34   0.2750390E-15   0.6667001       0.3824457E-17   0.3332998       0.4401095E-13   0.5407741E-07   0.1146985E-07   0.7074899E-07    0.000000    
   0.6700965E-05    595.5106       0.9969050E+10    24179.23       0.1654039       0.3786364E-34   0.2753830E-15   0.6667001       0.3829636E-17   0.3332998       0.4401099E-13   0.5501218E-07   0.1230538E-07   0.7300093E-07    0.000000    
   0.6907672E-05    595.5107       0.9969051E+10    24179.23       0.1664384       0.3795755E-34   0.2757107E-15   0.6667001       0.3834571E-17   0.3332998       0.4401104E-13   0.5590253E-07   0.1316609E-07   0.7525288E-07    0.000000    
   0.7114379E-05    595.5107       0.9969051E+10    24179.23       0.1674369       0.3804705E-34   0.2760225E-15   0.6667001       0.3839269E-17   0.3332998       0.4401109E-13   0.5674990E-07   0.1405111E-07   0.7750483E-07    0.000000    
   0.7321087E-05    595.5107       0.9969051E+10    24179.23       0.1683993       0.3813228E-34   0.2763192E-15   0.6667001       0.3843737E-17   0.3332997       0.4401114E-13   0.5755576E-07   0.1495957E-07   0.7975678E-07    0.000000    
   0.7527794E-05    595.5108       0.9969052E+10    24179.23       0.1693253       0.3821337E-34   0.2766011E-15   0.6667001       0.3847985E-17   0.3332997       0.4401119E-13   0.5832159E-07   0.1589059E-07   0.8200874E-07    0.000000    
   0.7734501E-05    595.5108       0.9969052E+10    24179.23       0.1702151       0.3829049E-34   0.2768688E-15   0.6667001       0.3852020E-17   0.3332997       0.4401125E-13   0.5904889E-07   0.1684330E-07   0.8426070E-07    0.000000    
   0.7941208E-05    595.5108       0.9969053E+10    24179.23       0.1710689       0.3836376E-34   0.2771230E-15   0.6667001       0.3855850E-17   0.3332997       0.4401130E-13   0.5973916E-07   0.1781683E-07   0.8651266E-07    0.000000    
   0.8147915E-05    595.5109       0.9969053E+10    24179.23       0.1718871       0.3843333E-34   0.2773641E-15   0.6667001       0.3859484E-17   0.3332997       0.4401135E-13   0.6039388E-07   0.1881032E-07   0.8876463E-07    0.000000    
   0.8354622E-05    595.5109       0.9969054E+10    24179.23       0.1726703       0.3849936E-34   0.2775926E-15   0.6667001       0.3862930E-17   0.3332997       0.4401141E-13   0.6101452E-07   0.1982291E-07   0.9101660E-07    0.000000    
   0.8561329E-05    595.5109       0.9969054E+10    24179.23       0.1734190       0.3856197E-34   0.2778092E-15   0.6667001       0.3866196E-17   0.3332997       0.4401146E-13   0.6160253E-07   0.2085379E-07   0.9326857E-07    0.000000    
   0.8768036E-05    595.5110       0.9969055E+10    24179.23       0.1741342       0.3862133E-34   0.2780143E-15   0.6667001       0.3869289E-17   0.3332997       0.4401152E-13   0.6215933E-07   0.2190212E-07   0.9552055E-07    0.000000    
   0.8974743E-05    595.5110       0.9969055E+10    24179.23       0.1748165       0.3867756E-34   0.2782085E-15   0.6667001       0.3872217E-17   0.3332997       0.4401158E-13   0.6268633E-07   0.2296711E-07   0.9777253E-07    0.000000    
   0.9181450E-05    595.5110       0.9969056E+10    24179.23       0.1754668       0.3873080E-34   0.2783922E-15   0.6667001       0.3874988E-17   0.3332997       0.4401163E-13   0.6318489E-07   0.2404799E-07   0.1000245E-06    0.000000    
   0.9388158E-05    595.5110       0.9969056E+10    24179.23       0.1760862       0.3878120E-34   0.2785659E-15   0.6667001       0.3877609E-17   0.3332997       0.4401169E-13   0.6365633E-07   0.2514401E-07   0.1022765E-06    0.000000    
   0.9594865E-05    595.5111       0.9969057E+10    24179.23       0.1766755       0.3882887E-34   0.2787301E-15   0.6667001       0.3880087E-17   0.3332997       0.4401175E-13   0.6410195E-07   0.2625443E-07   0.1045285E-06    0.000000    
   0.9801572E-05    595.5111       0.9969057E+10    24179.23       0.1772358       0.3887395E-34   0.2788853E-15   0.6667001       0.3882429E-17   0.3332997       0.4401181E-13   0.6452298E-07   0.2737854E-07   0.1067805E-06    0.000000    
   0.1000828E-04    595.5111       0.9969058E+10    24179.23       0.1777681       0.3891657E-34   0.2790320E-15   0.6667001       0.3884641E-17   0.3332997       0.4401187E-13   0.6492065E-07   0.2851567E-07   0.1090325E-06    0.000000    
   0.1021499E-04    595.5112       0.9969058E+10    24179.23       0.1782735       0.3895684E-34   0.2791704E-15   0.6667001       0.3886731E-17   0.3332997       0.4401193E-13   0.6529611E-07   0.2966516E-07   0.1112845E-06    0.000000    
   0.1042169E-04    595.5112       0.9969059E+10    24179.23       0.1787530       0.3899487E-34   0.2793011E-15   0.6667001       0.3888704E-17   0.3332997       0.4401199E-13   0.6565048E-07   0.3082637E-07   0.1135365E-06    0.000000    
   0.1062840E-04    595.5112       0.9969059E+10    24179.23       0.1792076       0.3903079E-34   0.2794245E-15   0.6667001       0.3890566E-17   0.3332997       0.4401205E-13   0.6598485E-07   0.3199871E-07   0.1157885E-06    0.000000    
   0.1083511E-04    595.5113       0.9969060E+10    24179.23       0.1796383       0.3906469E-34   0.2795409E-15   0.6667001       0.3892323E-17   0.3332997       0.4401211E-13   0.6630026E-07   0.3318158E-07   0.1180406E-06    0.000000    
   0.1104181E-04    595.5113       0.9969060E+10    24179.23       0.1800463       0.3909669E-34   0.2796507E-15   0.6667001       0.3893980E-17   0.3332997       0.4401218E-13   0.6659769E-07   0.3437444E-07   0.1202926E-06    0.000000    
   0.1124852E-04    595.5113       0.9969061E+10    24179.23       0.1804325       0.3912687E-34   0.2797542E-15   0.6667001       0.3895543E-17   0.3332997       0.4401224E-13   0.6687809E-07   0.3557675E-07   0.1225446E-06    0.000000    
   0.1145523E-04    595.5114       0.9969061E+10    24179.23       0.1807979       0.3915534E-34   0.2798518E-15   0.6667001       0.3897017E-17   0.3332997       0.4401230E-13   0.6714238E-07   0.3678801E-07   0.1247966E-06    0.000000    
   0.1166194E-04    595.5114       0.9969062E+10    24179.23       0.1811434       0.3918219E-34   0.2799438E-15   0.6667001       0.3898406E-17   0.3332997       0.4401237E-13   0.6739142E-07   0.3800772E-07   0.1270487E-06    0.000000    
   0.1186864E-04    595.5114       0.9969062E+10    24179.23       0.1814700       0.3920750E-34   0.2800305E-15   0.6667001       0.3899716E-17   0.3332997       0.4401243E-13   0.6762605E-07   0.3923543E-07   0.1293007E-06    0.000000    
   0.1207535E-04    595.5115       0.9969063E+10    24179.23       0.1817786       0.3923136E-34   0.2801122E-15   0.6667001       0.3900949E-17   0.3332997       0.4401249E-13   0.6784704E-07   0.4047069E-07   0.1315527E-06    0.000000    
   0.1228206E-04    595.5115       0.9969063E+10    24179.23       0.1820701       0.3925385E-34   0.2801892E-15   0.6667001       0.3902112E-17   0.3332997       0.4401256E-13   0.6805515E-07   0.4171309E-07   0.1338048E-06    0.000000    
   0.1269547E-04    595.5116       0.9969065E+10    24179.23       0.1826051       0.3929500E-34   0.2803300E-15   0.6667000       0.3904238E-17   0.3332997       0.4401269E-13   0.6843557E-07   0.4421773E-07   0.1383089E-06    0.000000    
   0.1310889E-04    595.5116       0.9969066E+10    24179.23       0.1830814       0.3933151E-34   0.2804548E-15   0.6667000       0.3906124E-17   0.3332997       0.4401282E-13   0.6877260E-07   0.4674640E-07   0.1428130E-06    0.000000    
   0.1352230E-04    595.5117       0.9969067E+10    24179.23       0.1835050       0.3936388E-34   0.2805654E-15   0.6667000       0.3907796E-17   0.3332997       0.4401295E-13   0.6907100E-07   0.4929645E-07   0.1473172E-06    0.000000    
   0.1393571E-04    595.5118       0.9969068E+10    24179.23       0.1838814       0.3939259E-34   0.2806635E-15   0.6667000       0.3909277E-17   0.3332997       0.4401308E-13   0.6933508E-07   0.5186550E-07   0.1518213E-06    0.000000    
   0.1434913E-04    595.5118       0.9969069E+10    24179.23       0.1842154       0.3941802E-34   0.2807503E-15   0.6667000       0.3910589E-17   0.3332997       0.4401322E-13   0.6956866E-07   0.5445141E-07   0.1563255E-06    0.000000    
   0.1476254E-04    595.5119       0.9969070E+10    24179.23       0.1845117       0.3944055E-34   0.2808271E-15   0.6667000       0.3911751E-17   0.3332997       0.4401335E-13   0.6977519E-07   0.5705228E-07   0.1608297E-06    0.000000    
   0.1517596E-04    595.5120       0.9969071E+10    24179.23       0.1847743       0.3946051E-34   0.2808952E-15   0.6667000       0.3912780E-17   0.3332997       0.4401348E-13   0.6995774E-07   0.5966642E-07   0.1653339E-06    0.000000    
   0.1558937E-04    595.5120       0.9969072E+10    24179.23       0.1850069       0.3947819E-34   0.2809555E-15   0.6667000       0.3913691E-17   0.3332997       0.4401362E-13   0.7011904E-07   0.6229230E-07   0.1698381E-06    0.000000    
   0.1600278E-04    595.5121       0.9969073E+10    24179.23       0.1852128       0.3949385E-34   0.2810088E-15   0.6667000       0.3914497E-17   0.3332997       0.4401375E-13   0.7026152E-07   0.6492859E-07   0.1743423E-06    0.000000    
   0.1641620E-04    595.5121       0.9969074E+10    24179.23       0.1853951       0.3950772E-34   0.2810560E-15   0.6667000       0.3915211E-17   0.3332997       0.4401389E-13   0.7038735E-07   0.6757408E-07   0.1788466E-06    0.000000    
   0.1682961E-04    595.5122       0.9969075E+10    24179.23       0.1855563       0.3952000E-34   0.2810978E-15   0.6667000       0.3915844E-17   0.3332997       0.4401402E-13   0.7049845E-07   0.7022771E-07   0.1833508E-06    0.000000    
   0.1724303E-04    595.5123       0.9969076E+10    24179.23       0.1856989       0.3953088E-34   0.2811348E-15   0.6667000       0.3916404E-17   0.3332997       0.4401416E-13   0.7059653E-07   0.7288853E-07   0.1878551E-06    0.000000    
   0.1765644E-04    595.5123       0.9969077E+10    24179.23       0.1858250       0.3954053E-34   0.2811676E-15   0.6667000       0.3916900E-17   0.3332997       0.4401430E-13   0.7068311E-07   0.7555572E-07   0.1923594E-06    0.000000    
   0.1806986E-04    595.5124       0.9969078E+10    24179.23       0.1859364       0.3954908E-34   0.2811967E-15   0.6667000       0.3917340E-17   0.3332997       0.4401443E-13   0.7075951E-07   0.7822853E-07   0.1968637E-06    0.000000    
   0.1848327E-04    595.5125       0.9969079E+10    24179.23       0.1860349       0.3955667E-34   0.2812224E-15   0.6667000       0.3917730E-17   0.3332997       0.4401457E-13   0.7082694E-07   0.8090630E-07   0.2013681E-06    0.000000    
   0.1889668E-04    595.5125       0.9969080E+10    24179.23       0.1861219       0.3956340E-34   0.2812453E-15   0.6667000       0.3918077E-17   0.3332996       0.4401471E-13   0.7088643E-07   0.8358846E-07   0.2058724E-06    0.000000    
   0.1931010E-04    595.5126       0.9969081E+10    24179.23       0.1861988       0.3956938E-34   0.2812655E-15   0.6667000       0.3918384E-17   0.3332996       0.4401485E-13   0.7093892E-07   0.8627450E-07   0.2103768E-06    0.000000    
   0.1972351E-04    595.5127       0.9969082E+10    24179.23       0.1862667       0.3957469E-34   0.2812835E-15   0.6667000       0.3918657E-17   0.3332996       0.4401498E-13   0.7098524E-07   0.8896395E-07   0.2148812E-06    0.000000    
   0.2013693E-04    595.5127       0.9969083E+10    24179.23       0.1863267       0.3957941E-34   0.2812995E-15   0.6667000       0.3918899E-17   0.3332996       0.4401512E-13   0.7102610E-07   0.9165642E-07   0.2193856E-06    0.000000    
   0.2055034E-04    595.5128       0.9969085E+10    24179.23       0.1863798       0.3958362E-34   0.2813137E-15   0.6667000       0.3919115E-17   0.3332996       0.4401526E-13   0.7106214E-07   0.9435155E-07   0.2238900E-06    0.000000    
   0.2096375E-04    595.5129       0.9969086E+10    24179.23       0.1864266       0.3958737E-34   0.2813264E-15   0.6667000       0.3919307E-17   0.3332996       0.4401540E-13   0.7109395E-07   0.9704904E-07   0.2283944E-06    0.000000    
   0.2137717E-04    595.5129       0.9969087E+10    24179.23       0.1864680       0.3959071E-34   0.2813377E-15   0.6667000       0.3919479E-17   0.3332996       0.4401553E-13   0.7112200E-07   0.9974860E-07   0.2328989E-06    0.000000    
   0.2179058E-04    595.5130       0.9969088E+10    24179.23       0.1865046       0.3959370E-34   0.2813477E-15   0.6667000       0.3919632E-17   0.3332996       0.4401567E-13   0.7114675E-07   0.1024500E-06   0.2374033E-06    0.000000    
   0.2220400E-04    595.5131       0.9969089E+10    24179.23       0.1865370       0.3959638E-34   0.2813567E-15   0.6667000       0.3919769E-17   0.3332996       0.4401581E-13   0.7116859E-07   0.1051530E-06   0.2419078E-06    0.000000    
   0.2261741E-04    595.5131       0.9969090E+10    24179.23       0.1865656       0.3959878E-34   0.2813648E-15   0.6667000       0.3919892E-17   0.3332996       0.4401595E-13   0.7118786E-07   0.1078574E-06   0.2464123E-06    0.000000    
   0.2303083E-04    595.5132       0.9969091E+10    24179.23       0.1865909       0.3960093E-34   0.2813720E-15   0.6667000       0.3920002E-17   0.3332996       0.4401609E-13   0.7120487E-07   0.1105631E-06   0.2509168E-06    0.000000    
   0.2344424E-04    595.5133       0.9969092E+10    24179.23       0.1866133       0.3960287E-34   0.2813785E-15   0.6666999       0.3920101E-17   0.3332996       0.4401622E-13   0.7121987E-07   0.1132700E-06   0.2554213E-06    0.000000    
   0.2385765E-04    595.5133       0.9969093E+10    24179.23       0.1866331       0.3960462E-34   0.2813843E-15   0.6666999       0.3920191E-17   0.3332996       0.4401636E-13   0.7123311E-07   0.1159777E-06   0.2599259E-06    0.000000    
   0.2427107E-04    595.5134       0.9969094E+10    24179.23       0.1866507       0.3960620E-34   0.2813896E-15   0.6666999       0.3920271E-17   0.3332996       0.4401650E-13   0.7124480E-07   0.1186864E-06   0.2644305E-06    0.000000    
   0.2468448E-04    595.5135       0.9969095E+10    24179.23       0.1866663       0.3960764E-34   0.2813944E-15   0.6666999       0.3920344E-17   0.3332996       0.4401664E-13   0.7125513E-07   0.1213958E-06   0.2689350E-06    0.000000    
   0.2509790E-04    595.5135       0.9969096E+10    24179.23       0.1866800       0.3960894E-34   0.2813987E-15   0.6666999       0.3920411E-17   0.3332996       0.4401678E-13   0.7126424E-07   0.1241059E-06   0.2734396E-06    0.000000    
   0.2551131E-04    595.5136       0.9969097E+10    24179.23       0.1866923       0.3961013E-34   0.2814026E-15   0.6666999       0.3920471E-17   0.3332996       0.4401691E-13   0.7127229E-07   0.1268166E-06   0.2779442E-06    0.000000    
   0.2592473E-04    595.5137       0.9969098E+10    24179.23       0.1867031       0.3961122E-34   0.2814062E-15   0.6666999       0.3920527E-17   0.3332996       0.4401705E-13   0.7127940E-07   0.1295279E-06   0.2824489E-06    0.000000    
   0.2633814E-04    595.5137       0.9969099E+10    24179.23       0.1867128       0.3961222E-34   0.2814095E-15   0.6666999       0.3920577E-17   0.3332996       0.4401719E-13   0.7128568E-07   0.1322395E-06   0.2869535E-06    0.000000    
   0.2675155E-04    595.5138       0.9969100E+10    24179.23       0.1867214       0.3961314E-34   0.2814125E-15   0.6666999       0.3920624E-17   0.3332996       0.4401733E-13   0.7129124E-07   0.1349516E-06   0.2914582E-06    0.000000    
   0.2716497E-04    595.5139       0.9969102E+10    24179.23       0.1867290       0.3961399E-34   0.2814153E-15   0.6666999       0.3920667E-17   0.3332996       0.4401747E-13   0.7129615E-07   0.1376641E-06   0.2959629E-06    0.000000    
   0.2757838E-04    595.5139       0.9969103E+10    24179.23       0.1867359       0.3961478E-34   0.2814179E-15   0.6666999       0.3920707E-17   0.3332996       0.4401761E-13   0.7130050E-07   0.1403769E-06   0.3004675E-06    0.000000    
   0.2799180E-04    595.5140       0.9969104E+10    24179.23       0.1867420       0.3961552E-34   0.2814203E-15   0.6666999       0.3920744E-17   0.3332996       0.4401774E-13   0.7130434E-07   0.1430900E-06   0.3049723E-06    0.000000    
   0.2840521E-04    595.5141       0.9969105E+10    24179.23       0.1867474       0.3961620E-34   0.2814225E-15   0.6666999       0.3920779E-17   0.3332996       0.4401788E-13   0.7130775E-07   0.1458033E-06   0.3094770E-06    0.000000    
   0.2881862E-04    595.5141       0.9969106E+10    24179.23       0.1867523       0.3961685E-34   0.2814246E-15   0.6666999       0.3920811E-17   0.3332996       0.4401802E-13   0.7131077E-07   0.1485168E-06   0.3139817E-06    0.000000    
   0.2923204E-04    595.5142       0.9969107E+10    24179.23       0.1867567       0.3961746E-34   0.2814265E-15   0.6666999       0.3920842E-17   0.3332996       0.4401816E-13   0.7131344E-07   0.1512306E-06   0.3184865E-06    0.000000    
   0.2964545E-04    595.5143       0.9969108E+10    24179.23       0.1867606       0.3961804E-34   0.2814284E-15   0.6666999       0.3920871E-17   0.3332996       0.4401830E-13   0.7131582E-07   0.1539445E-06   0.3229913E-06    0.000000    
   0.3047228E-04    595.5144       0.9969110E+10    24179.23       0.1867674       0.3961911E-34   0.2814318E-15   0.6666999       0.3920925E-17   0.3332996       0.4401858E-13   0.7131980E-07   0.1593728E-06   0.3320009E-06    0.000000    
   0.3121643E-04    595.5145       0.9969112E+10    24179.23       0.1867724       0.3962000E-34   0.2814346E-15   0.6666999       0.3920969E-17   0.3332996       0.4401882E-13   0.7132267E-07   0.1642587E-06   0.3401096E-06    0.000000    
   0.3193167E-04    595.5146       0.9969114E+10    24179.23       0.1867765       0.3962080E-34   0.2814371E-15   0.6666999       0.3921009E-17   0.3332995       0.4401906E-13   0.7132493E-07   0.1689552E-06   0.3479034E-06    0.000000    
   0.3264692E-04    595.5147       0.9969116E+10    24179.23       0.1867800       0.3962156E-34   0.2814395E-15   0.6666999       0.3921046E-17   0.3332995       0.4401930E-13   0.7132678E-07   0.1736519E-06   0.3556973E-06    0.000000    
   0.3336216E-04    595.5149       0.9969117E+10    24179.23       0.1867831       0.3962228E-34   0.2814417E-15   0.6666999       0.3921082E-17   0.3332995       0.4401954E-13   0.7132832E-07   0.1783488E-06   0.3634912E-06    0.000000    
   0.3407741E-04    595.5150       0.9969119E+10    24179.23       0.1867858       0.3962297E-34   0.2814439E-15   0.6666998       0.3921117E-17   0.3332995       0.4401978E-13   0.7132961E-07   0.1830459E-06   0.3712852E-06    0.000000    
   0.3479265E-04    595.5151       0.9969121E+10    24179.23       0.1867881       0.3962365E-34   0.2814460E-15   0.6666998       0.3921150E-17   0.3332995       0.4402002E-13   0.7133068E-07   0.1877431E-06   0.3790792E-06    0.000000    
   0.3550790E-04    595.5152       0.9969123E+10    24179.23       0.1867903       0.3962430E-34   0.2814480E-15   0.6666998       0.3921182E-17   0.3332995       0.4402026E-13   0.7133159E-07   0.1924405E-06   0.3868733E-06    0.000000    
   0.3622314E-04    595.5153       0.9969125E+10    24179.23       0.1867922       0.3962494E-34   0.2814500E-15   0.6666998       0.3921214E-17   0.3332995       0.4402050E-13   0.7133237E-07   0.1971379E-06   0.3946674E-06    0.000000    
   0.3693839E-04    595.5154       0.9969127E+10    24179.23       0.1867940       0.3962557E-34   0.2814519E-15   0.6666998       0.3921245E-17   0.3332995       0.4402074E-13   0.7133304E-07   0.2018355E-06   0.4024616E-06    0.000000    
   0.3765363E-04    595.5156       0.9969128E+10    24179.23       0.1867956       0.3962619E-34   0.2814538E-15   0.6666998       0.3921276E-17   0.3332995       0.4402098E-13   0.7133363E-07   0.2065331E-06   0.4102558E-06    0.000000    
   0.3836888E-04    595.5157       0.9969130E+10    24179.23       0.1867972       0.3962680E-34   0.2814557E-15   0.6666998       0.3921306E-17   0.3332995       0.4402122E-13   0.7133415E-07   0.2112308E-06   0.4180501E-06    0.000000    
   0.3908412E-04    595.5158       0.9969132E+10    24179.23       0.1867987       0.3962741E-34   0.2814575E-15   0.6666998       0.3921336E-17   0.3332995       0.4402146E-13   0.7133461E-07   0.2159285E-06   0.4258444E-06    0.000000    
   0.3979937E-04    595.5159       0.9969134E+10    24179.23       0.1868001       0.3962801E-34   0.2814594E-15   0.6666998       0.3921365E-17   0.3332995       0.4402170E-13   0.7133502E-07   0.2206263E-06   0.4336388E-06    0.000000    
   0.4051461E-04    595.5160       0.9969136E+10    24179.23       0.1868015       0.3962861E-34   0.2814612E-15   0.6666998       0.3921395E-17   0.3332995       0.4402194E-13   0.7133540E-07   0.2253242E-06   0.4414332E-06    0.000000    
   0.4122986E-04    595.5161       0.9969138E+10    24179.23       0.1868028       0.3962920E-34   0.2814630E-15   0.6666998       0.3921424E-17   0.3332995       0.4402218E-13   0.7133576E-07   0.2300221E-06   0.4492277E-06    0.000000    
   0.4266035E-04    595.5164       0.9969141E+10    24179.23       0.1868053       0.3963038E-34   0.2814666E-15   0.6666998       0.3921482E-17   0.3332995       0.4402266E-13   0.7133639E-07   0.2394180E-06   0.4648168E-06    0.000000    
   0.4394779E-04    595.5166       0.9969145E+10    24179.23       0.1868075       0.3963144E-34   0.2814698E-15   0.6666998       0.3921534E-17   0.3332994       0.4402309E-13   0.7133692E-07   0.2478744E-06   0.4788471E-06    0.000000    
   0.4523523E-04    595.5168       0.9969148E+10    24179.23       0.1868097       0.3963250E-34   0.2814730E-15   0.6666997       0.3921586E-17   0.3332994       0.4402352E-13   0.7133740E-07   0.2563310E-06   0.4928777E-06    0.000000    
   0.4652267E-04    595.5170       0.9969151E+10    24179.23       0.1868118       0.3963355E-34   0.2814762E-15   0.6666997       0.3921638E-17   0.3332994       0.4402395E-13   0.7133787E-07   0.2647877E-06   0.5069083E-06    0.000000    
   0.4781011E-04    595.5172       0.9969155E+10    24179.23       0.1868139       0.3963460E-34   0.2814794E-15   0.6666997       0.3921690E-17   0.3332994       0.4402438E-13   0.7133832E-07   0.2732445E-06   0.5209392E-06    0.000000    
   0.4909755E-04    595.5174       0.9969158E+10    24179.23       0.1868160       0.3963565E-34   0.2814826E-15   0.6666997       0.3921742E-17   0.3332994       0.4402482E-13   0.7133876E-07   0.2817014E-06   0.5349701E-06    0.000000    
   0.5038499E-04    595.5176       0.9969161E+10    24179.23       0.1868181       0.3963670E-34   0.2814858E-15   0.6666997       0.3921793E-17   0.3332994       0.4402525E-13   0.7133920E-07   0.2901584E-06   0.5490013E-06    0.000000    
   0.5108681E-04    595.5177       0.9969164E+10    24179.24       0.1868192       0.3963727E-34   0.2814876E-15   0.6666997       0.3921821E-17   0.3332994       0.4402548E-13   0.7133943E-07   0.2947686E-06   0.5566501E-06    0.000000    
