-1.2644E-09   7.54824
-2.5289E-09   7.54810
-3.7932E-09   7.54797
-5.0576E-09   7.54783
-6.3219E-09   7.54769
-7.5862E-09   7.54755
-8.8505E-09   7.54742
-1.0115E-08   7.54728
-1.1379E-08   7.54714
-1.2643E-08   7.54701
-1.3907E-08   7.54687
-1.5171E-08   7.54673
-1.6436E-08   7.54659
-1.7700E-08   7.54646
-1.8964E-08   7.54632
-2.0228E-08   7.54618
-2.1492E-08   7.54605
-2.2756E-08   7.54591
-2.4020E-08   7.54577
-2.5284E-08   7.54563
-2.6548E-08   7.54550
-2.7811E-08   7.54536
-2.9075E-08   7.54522
-3.0339E-08   7.54509
-3.1603E-08   7.54495
-3.2867E-08   7.54481
-3.4130E-08   7.54467
-3.5394E-08   7.54454
-3.6658E-08   7.54440
-3.7921E-08   7.54426
-3.9185E-08   7.54413
-4.0449E-08   7.54399
-4.1712E-08   7.54385
-4.2976E-08   7.54371
-4.4239E-08   7.54358
-4.5503E-08   7.54344
-4.6766E-08   7.54330
-4.8030E-08   7.54317
-4.9293E-08   7.54303
-5.0556E-08   7.54289
-5.1820E-08   7.54275
-5.3083E-08   7.54262
-5.4346E-08   7.54248
-5.5610E-08   7.54234
-5.6873E-08   7.54221
-5.8136E-08   7.54207
-5.9399E-08   7.54193
-6.0663E-08   7.54179
-6.1926E-08   7.54166
-6.3189E-08   7.54152
-6.4452E-08   7.54138
-6.5715E-08   7.54125
-6.6978E-08   7.54111
-6.8241E-08   7.54097
-6.9504E-08   7.54083
-7.0767E-08   7.54070
-7.2030E-08   7.54056
-7.3293E-08   7.54042
-7.4556E-08   7.54029
-7.5818E-08   7.54015
-7.7081E-08   7.54001
-7.8344E-08   7.53988
-7.9607E-08   7.53974
-8.0869E-08   7.53960
-8.2132E-08   7.53946
-8.3395E-08   7.53933
-8.4657E-08   7.53919
-8.5920E-08   7.53905
-8.7183E-08   7.53892
-8.8445E-08   7.53878
-8.9708E-08   7.53864
-9.0970E-08   7.53851
-9.2233E-08   7.53837
-9.3495E-08   7.53823
-9.4758E-08   7.53809
-9.6020E-08   7.53796
-9.7282E-08   7.53782
-9.8545E-08   7.53768
-9.9807E-08   7.53755
-1.0107E-07   7.53741
-1.0233E-07   7.53727
-1.0359E-07   7.53714
-1.0486E-07   7.53700
-1.0612E-07   7.53686
-1.0738E-07   7.53672
-1.0864E-07   7.53659
-1.0990E-07   7.53645
-1.1117E-07   7.53631
-1.1243E-07   7.53618
-1.1369E-07   7.53604
-1.1495E-07   7.53590
-1.1621E-07   7.53577
-1.1748E-07   7.53563
-1.1874E-07   7.53549
-1.2000E-07   7.53536
-1.2126E-07   7.53522
-1.2252E-07   7.53508
-1.2379E-07   7.53494
-1.2505E-07   7.53481
-1.2631E-07   7.53467
-1.2757E-07   7.53453
-1.2883E-07   7.53440
-1.3009E-07   7.53426
-1.3136E-07   7.53412
-1.3262E-07   7.53399
-1.3388E-07   7.53385
-1.3514E-07   7.53371
-1.3640E-07   7.53358
-1.3766E-07   7.53344
-1.3893E-07   7.53330
-1.4019E-07   7.53316
-1.4145E-07   7.53303
-1.4271E-07   7.53289
-1.4397E-07   7.53275
-1.4523E-07   7.53262
-1.4649E-07   7.53248
-1.4776E-07   7.53234
-1.4902E-07   7.53221
-1.5028E-07   7.53207
-1.5154E-07   7.53193
-1.5280E-07   7.53180
-1.5406E-07   7.53166
-1.5532E-07   7.53152
-1.5658E-07   7.53139
-1.5784E-07   7.53125
-1.5911E-07   7.53111
-1.6037E-07   7.53097
-1.6163E-07   7.53084
-1.6289E-07   7.53070
-1.6415E-07   7.53056
-1.6541E-07   7.53043
-1.6667E-07   7.53029
-1.6793E-07   7.53015
-1.6919E-07   7.53002
-1.7045E-07   7.52988
-1.7171E-07   7.52974
-1.7298E-07   7.52961
-1.7424E-07   7.52947
-1.7550E-07   7.52933
-1.7676E-07   7.52920
-1.7802E-07   7.52906
-1.7928E-07   7.52892
-1.8054E-07   7.52879
-1.8180E-07   7.52865
-1.8306E-07   7.52851
-1.8432E-07   7.52838
-1.8558E-07   7.52824
-1.8684E-07   7.52810
-1.8810E-07   7.52796
-1.8936E-07   7.52783
-1.9062E-07   7.52769
-1.9188E-07   7.52755
-1.9314E-07   7.52742
-1.9440E-07   7.52728
-1.9566E-07   7.52714
-1.9692E-07   7.52701
-1.9818E-07   7.52687
-1.9944E-07   7.52673
-2.0070E-07   7.52660
-2.0197E-07   7.52646
-2.0323E-07   7.52632
-2.0449E-07   7.52619
-2.0575E-07   7.52605
-2.0701E-07   7.52591
-2.0827E-07   7.52578
-2.0953E-07   7.52564
-2.1079E-07   7.52550
-2.1204E-07   7.52537
-2.1330E-07   7.52523
-2.1456E-07   7.52509
-2.1582E-07   7.52496
-2.1708E-07   7.52482
-2.1834E-07   7.52468
-2.1960E-07   7.52455
-2.2086E-07   7.52441
-2.2212E-07   7.52427
-2.2338E-07   7.52414
-2.2464E-07   7.52400
-2.2590E-07   7.52386
-2.2716E-07   7.52373
-2.2842E-07   7.52359
-2.2968E-07   7.52345
-2.3094E-07   7.52332
-2.3220E-07   7.52318
-2.3346E-07   7.52304
-2.3472E-07   7.52291
-2.3598E-07   7.52277
-2.3724E-07   7.52263
-2.3850E-07   7.52250
-2.3976E-07   7.52236
-2.4102E-07   7.52222
-2.4227E-07   7.52209
-2.4353E-07   7.52195
-2.4479E-07   7.52181
-2.4605E-07   7.52168
-2.4731E-07   7.52154
-2.4857E-07   7.52140
-2.4983E-07   7.52127
-2.5109E-07   7.52113
-2.5235E-07   7.52099
-2.5361E-07   7.52086
-2.5487E-07   7.52072
-2.5612E-07   7.52058
-2.5738E-07   7.52045
-2.5864E-07   7.52031
-2.5990E-07   7.52017
-2.6116E-07   7.52004
-2.6242E-07   7.51990
-2.6368E-07   7.51976
-2.6494E-07   7.51963
-2.6620E-07   7.51949
-2.6745E-07   7.51935
-2.6871E-07   7.51922
-2.6997E-07   7.51908
-2.7123E-07   7.51894
-2.7249E-07   7.51881
-2.7375E-07   7.51867
-2.7501E-07   7.51854
-2.7626E-07   7.51840
-2.7752E-07   7.51826
-2.7878E-07   7.51813
-2.8004E-07   7.51799
-2.8130E-07   7.51785
-2.8256E-07   7.51772
-2.8381E-07   7.51758
-2.8507E-07   7.51744
-2.8633E-07   7.51731
-2.8759E-07   7.51717
-2.8885E-07   7.51703
-2.9011E-07   7.51690
-2.9136E-07   7.51676
-2.9262E-07   7.51662
-2.9388E-07   7.51649
-2.9514E-07   7.51635
-2.9640E-07   7.51621
-2.9765E-07   7.51608
-2.9891E-07   7.51594
-3.0017E-07   7.51580
-3.0143E-07   7.51567
-3.0269E-07   7.51553
-3.0394E-07   7.51540
-3.0520E-07   7.51526
-3.0646E-07   7.51512
-3.0772E-07   7.51499
-3.0898E-07   7.51485
-3.1023E-07   7.51471
-3.1149E-07   7.51458
-3.1275E-07   7.51444
-3.1401E-07   7.51430
-3.1526E-07   7.51417
-3.1652E-07   7.51403
-3.1778E-07   7.51389
-3.1904E-07   7.51376
-3.2029E-07   7.51362
-3.2155E-07   7.51348
-3.2281E-07   7.51335
-3.2407E-07   7.51321
-3.2532E-07   7.51308
-3.2658E-07   7.51294
-3.2784E-07   7.51280
-3.2910E-07   7.51267
-3.3035E-07   7.51253
-3.3161E-07   7.51239
-3.3287E-07   7.51226
-3.3413E-07   7.51212
-3.3538E-07   7.51198
-3.3664E-07   7.51185
-3.3790E-07   7.51171
-3.3916E-07   7.51157
-3.4041E-07   7.51144
-3.4167E-07   7.51130
-3.4293E-07   7.51117
-3.4418E-07   7.51103
-3.4544E-07   7.51089
-3.4670E-07   7.51076
-3.4795E-07   7.51062
-3.4921E-07   7.51048
-3.5047E-07   7.51035
-3.5173E-07   7.51021
-3.5298E-07   7.51007
-3.5424E-07   7.50994
-3.5550E-07   7.50980
-3.5675E-07   7.50967
-3.5801E-07   7.50953
-3.5927E-07   7.50939
-3.6052E-07   7.50926
-3.6178E-07   7.50912
-3.6304E-07   7.50898
-3.6429E-07   7.50885
-3.6555E-07   7.50871
-3.6681E-07   7.50857
-3.6806E-07   7.50844
-3.6932E-07   7.50830
-3.7058E-07   7.50817
-3.7183E-07   7.50803
-3.7309E-07   7.50789
-3.7434E-07   7.50776
-3.7560E-07   7.50762
-3.7686E-07   7.50748
-3.7811E-07   7.50735
-3.7937E-07   7.50721
-3.8063E-07   7.50707
-3.8188E-07   7.50694
-3.8314E-07   7.50680
-3.8439E-07   7.50667
-3.8565E-07   7.50653
-3.8691E-07   7.50639
-3.8816E-07   7.50626
-3.8942E-07   7.50612
-3.9068E-07   7.50598
-3.9193E-07   7.50585
-3.9319E-07   7.50571
-3.9444E-07   7.50558
-3.9570E-07   7.50544
-3.9695E-07   7.50530
-3.9821E-07   7.50517
-3.9947E-07   7.50503
-4.0072E-07   7.50489
-4.0198E-07   7.50476
-4.0323E-07   7.50462
-4.0449E-07   7.50449
-4.0575E-07   7.50435
-4.0700E-07   7.50421
-4.0826E-07   7.50408
-4.0951E-07   7.50394
-4.1077E-07   7.50380
-4.1202E-07   7.50367
-4.1328E-07   7.50353
-4.1453E-07   7.50340
-4.1579E-07   7.50326
-4.1705E-07   7.50312
-4.1830E-07   7.50299
-4.1956E-07   7.50285
-4.2081E-07   7.50271
-4.2207E-07   7.50258
-4.2332E-07   7.50244
-4.2458E-07   7.50231
-4.2583E-07   7.50217
-4.2709E-07   7.50203
-4.2834E-07   7.50190
-4.2960E-07   7.50176
-4.3085E-07   7.50163
-4.3211E-07   7.50149
-4.3336E-07   7.50135
-4.3462E-07   7.50122
-4.3587E-07   7.50108
-4.3713E-07   7.50094
-4.3838E-07   7.50081
-4.3964E-07   7.50067
-4.4089E-07   7.50054
-4.4215E-07   7.50040
-4.4340E-07   7.50026
-4.4466E-07   7.50013
-4.4591E-07   7.49999
-4.4717E-07   7.49986
-4.4842E-07   7.49972
-4.4968E-07   7.49958
-4.5093E-07   7.49945
-4.5219E-07   7.49931
-4.5344E-07   7.49917
-4.5470E-07   7.49904
-4.5595E-07   7.49890
-4.5721E-07   7.49877
-4.5846E-07   7.49863
-4.5972E-07   7.49849
-4.6097E-07   7.49836
-4.6222E-07   7.49822
-4.6348E-07   7.49809
-4.6473E-07   7.49795
-4.6599E-07   7.49781
-4.6724E-07   7.49768
-4.6850E-07   7.49754
-4.6975E-07   7.49741
-4.7100E-07   7.49727
-4.7226E-07   7.49713
-4.7351E-07   7.49700
-4.7477E-07   7.49686
-4.7602E-07   7.49672
-4.7728E-07   7.49659
-4.7853E-07   7.49645
-4.7978E-07   7.49632
-4.8104E-07   7.49618
-4.8229E-07   7.49604
-4.8355E-07   7.49591
-4.8480E-07   7.49577
-4.8605E-07   7.49564
-4.8731E-07   7.49550
-4.8856E-07   7.49536
-4.8982E-07   7.49523
-4.9107E-07   7.49509
-4.9232E-07   7.49496
-4.9358E-07   7.49482
-4.9483E-07   7.49468
-4.9608E-07   7.49455
-4.9734E-07   7.49441
-4.9859E-07   7.49428
-4.9985E-07   7.49414
-5.0110E-07   7.49400
-5.0235E-07   7.49387
-5.0361E-07   7.49373
-5.0486E-07   7.49360
-5.0611E-07   7.49346
-5.0737E-07   7.49332
-5.0862E-07   7.49319
-5.0987E-07   7.49305
-5.1113E-07   7.49292
-5.1238E-07   7.49278
-5.1363E-07   7.49264
-5.1489E-07   7.49251
-5.1614E-07   7.49237
-5.1739E-07   7.49224
-5.1865E-07   7.49210
-5.1990E-07   7.49196
-5.2115E-07   7.49183
-5.2241E-07   7.49169
-5.2366E-07   7.49156
-5.2491E-07   7.49142
-5.2617E-07   7.49128
-5.2742E-07   7.49115
-5.2867E-07   7.49101
-5.2993E-07   7.49088
-5.3118E-07   7.49074
-5.3243E-07   7.49060
-5.3368E-07   7.49047
-5.3494E-07   7.49033
-5.3619E-07   7.49020
-5.3744E-07   7.49006
-5.3870E-07   7.48993
-5.3995E-07   7.48979
-5.4120E-07   7.48965
-5.4245E-07   7.48952
-5.4371E-07   7.48938
-5.4496E-07   7.48925
-5.4621E-07   7.48911
-5.4747E-07   7.48897
-5.4872E-07   7.48884
-5.4997E-07   7.48870
-5.5122E-07   7.48857
-5.5248E-07   7.48843
-5.5373E-07   7.48829
-5.5498E-07   7.48816
-5.5623E-07   7.48802
-5.5749E-07   7.48789
-5.5874E-07   7.48775
-5.5999E-07   7.48761
-5.6124E-07   7.48748
-5.6249E-07   7.48734
-5.6375E-07   7.48721
-5.6500E-07   7.48707
-5.6625E-07   7.48694
-5.6750E-07   7.48680
-5.6876E-07   7.48666
-5.7001E-07   7.48653
-5.7126E-07   7.48639
-5.7251E-07   7.48626
-5.7376E-07   7.48612
-5.7502E-07   7.48598
-5.7627E-07   7.48585
-5.7752E-07   7.48571
-5.7877E-07   7.48558
-5.8002E-07   7.48544
-5.8128E-07   7.48531
-5.8253E-07   7.48517
-5.8378E-07   7.48503
-5.8503E-07   7.48490
-5.8628E-07   7.48476
-5.8754E-07   7.48463
-5.8879E-07   7.48449
-5.9004E-07   7.48436
-5.9129E-07   7.48422
-5.9254E-07   7.48408
-5.9379E-07   7.48395
-5.9505E-07   7.48381
-5.9630E-07   7.48368
-5.9755E-07   7.48354
-5.9880E-07   7.48340
-6.0005E-07   7.48327
-6.0130E-07   7.48313
-6.0255E-07   7.48300
-6.0381E-07   7.48286
-6.0506E-07   7.48273
-6.0631E-07   7.48259
-6.0756E-07   7.48245
-6.0881E-07   7.48232
-6.1006E-07   7.48218
-6.1131E-07   7.48205
-6.1256E-07   7.48191
-6.1382E-07   7.48178
-6.1507E-07   7.48164
-6.1632E-07   7.48150
-6.1757E-07   7.48137
-6.1882E-07   7.48123
-6.2007E-07   7.48110
-6.2132E-07   7.48096
-6.2257E-07   7.48083
-6.2382E-07   7.48069
-6.2508E-07   7.48055
-6.2633E-07   7.48042
-6.2758E-07   7.48028
-6.2883E-07   7.48015
-6.3008E-07   7.48001
-6.3133E-07   7.47988
-6.3258E-07   7.47974
-6.3383E-07   7.47960
-6.3508E-07   7.47947
-6.3633E-07   7.47933
-6.3758E-07   7.47920
-6.3883E-07   7.47906
-6.4008E-07   7.47893
-6.4133E-07   7.47879
-6.4259E-07   7.47865
-6.4384E-07   7.47852
-6.4509E-07   7.47838
-6.4634E-07   7.47825
-6.4759E-07   7.47811
-6.4884E-07   7.47798
-6.5009E-07   7.47784
-6.5134E-07   7.47770
-6.5259E-07   7.47757
-6.5384E-07   7.47743
-6.5509E-07   7.47730
-6.5634E-07   7.47716
-6.5759E-07   7.47703
-6.5884E-07   7.47689
-6.6009E-07   7.47676
-6.6134E-07   7.47662
-6.6259E-07   7.47648
-6.6384E-07   7.47635
-6.6509E-07   7.47621
-6.6634E-07   7.47608
-6.6759E-07   7.47594
-6.6884E-07   7.47581
-6.7009E-07   7.47567
-6.7134E-07   7.47553
-6.7259E-07   7.47540
-6.7384E-07   7.47526
-6.7509E-07   7.47513
-6.7634E-07   7.47499
-6.7759E-07   7.47486
-6.7884E-07   7.47472
-6.8009E-07   7.47459
-6.8134E-07   7.47445
-6.8259E-07   7.47431
-6.8384E-07   7.47418
-6.8509E-07   7.47404
-6.8634E-07   7.47391
-6.8759E-07   7.47377
-6.8884E-07   7.47364
-6.9009E-07   7.47350
-6.9134E-07   7.47337
-6.9259E-07   7.47323
-6.9383E-07   7.47309
-6.9508E-07   7.47296
-6.9633E-07   7.47282
-6.9758E-07   7.47269
-6.9883E-07   7.47255
-7.0008E-07   7.47242
-7.0133E-07   7.47228
-7.0258E-07   7.47215
-7.0383E-07   7.47201
-7.0508E-07   7.47187
-7.0633E-07   7.47174
-7.0758E-07   7.47160
-7.0883E-07   7.47147
-7.1008E-07   7.47133
-7.1132E-07   7.47120
-7.1257E-07   7.47106
-7.1382E-07   7.47093
-7.1507E-07   7.47079
-7.1632E-07   7.47066
-7.1757E-07   7.47052
-7.1882E-07   7.47038
-7.2007E-07   7.47025
-7.2132E-07   7.47011
-7.2256E-07   7.46998
-7.2381E-07   7.46984
-7.2506E-07   7.46971
-7.2631E-07   7.46957
-7.2756E-07   7.46944
-7.2881E-07   7.46930
-7.3006E-07   7.46917
-7.3131E-07   7.46903
-7.3255E-07   7.46889
-7.3380E-07   7.46876
-7.3505E-07   7.46862
-7.3630E-07   7.46849
-7.3755E-07   7.46835
-7.3880E-07   7.46822
-7.4004E-07   7.46808
-7.4129E-07   7.46795
-7.4254E-07   7.46781
-7.4379E-07   7.46768
-7.4504E-07   7.46754
-7.4629E-07   7.46740
-7.4753E-07   7.46727
-7.4878E-07   7.46713
-7.5003E-07   7.46700
-7.5128E-07   7.46686
-7.5253E-07   7.46673
-7.5378E-07   7.46659
-7.5502E-07   7.46646
-7.5627E-07   7.46632
-7.5752E-07   7.46619
-7.5877E-07   7.46605
-7.6002E-07   7.46592
-7.6126E-07   7.46578
-7.6251E-07   7.46564
-7.6376E-07   7.46551
-7.6501E-07   7.46537
-7.6626E-07   7.46524
-7.6750E-07   7.46510
-7.6875E-07   7.46497
-7.7000E-07   7.46483
-7.7125E-07   7.46470
-7.7249E-07   7.46456
-7.7374E-07   7.46443
-7.7499E-07   7.46429
-7.7624E-07   7.46416
-7.7748E-07   7.46402
-7.7873E-07   7.46388
-7.7998E-07   7.46375
-7.8123E-07   7.46361
-7.8248E-07   7.46348
-7.8372E-07   7.46334
-7.8497E-07   7.46321
-7.8622E-07   7.46307
-7.8746E-07   7.46294
-7.8871E-07   7.46280
-7.8996E-07   7.46267
-7.9121E-07   7.46253
-7.9245E-07   7.46240
-7.9370E-07   7.46226
-7.9495E-07   7.46213
-7.9620E-07   7.46199
-7.9744E-07   7.46186
-7.9869E-07   7.46172
-7.9994E-07   7.46158
-8.0118E-07   7.46145
-8.0243E-07   7.46131
-8.0368E-07   7.46118
-8.0493E-07   7.46104
-8.0617E-07   7.46091
-8.0742E-07   7.46077
-8.0867E-07   7.46064
-8.0991E-07   7.46050
-8.1116E-07   7.46037
-8.1241E-07   7.46023
-8.1365E-07   7.46010
-8.1490E-07   7.45996
-8.1615E-07   7.45983
-8.1739E-07   7.45969
-8.1864E-07   7.45956
-8.1989E-07   7.45942
-8.2113E-07   7.45929
-8.2238E-07   7.45915
-8.2363E-07   7.45901
-8.2487E-07   7.45888
-8.2612E-07   7.45874
-8.2737E-07   7.45861
-8.2861E-07   7.45847
-8.2986E-07   7.45834
-8.3111E-07   7.45820
-8.3235E-07   7.45807
-8.3360E-07   7.45793
-8.3485E-07   7.45780
-8.3609E-07   7.45766
-8.3734E-07   7.45753
-8.3858E-07   7.45739
-8.3983E-07   7.45726
-8.4108E-07   7.45712
-8.4232E-07   7.45699
-8.4357E-07   7.45685
-8.4482E-07   7.45672
-8.4606E-07   7.45658
-8.4731E-07   7.45645
-8.4855E-07   7.45631
-8.4980E-07   7.45618
-8.5105E-07   7.45604
-8.5229E-07   7.45591
-8.5354E-07   7.45577
-8.5478E-07   7.45564
-8.5603E-07   7.45550
-8.5727E-07   7.45536
-8.5852E-07   7.45523
-8.5977E-07   7.45509
-8.6101E-07   7.45496
-8.6226E-07   7.45482
-8.6350E-07   7.45469
-8.6475E-07   7.45455
-8.6600E-07   7.45442
-8.6724E-07   7.45428
-8.6849E-07   7.45415
-8.6973E-07   7.45401
-8.7098E-07   7.45388
-8.7222E-07   7.45374
-8.7347E-07   7.45361
-8.7471E-07   7.45347
-8.7596E-07   7.45334
-8.7721E-07   7.45320
-8.7845E-07   7.45307
-8.7970E-07   7.45293
-8.8094E-07   7.45280
-8.8219E-07   7.45266
-8.8343E-07   7.45253
-8.8468E-07   7.45239
-8.8592E-07   7.45226
-8.8717E-07   7.45212
-8.8841E-07   7.45199
-8.8966E-07   7.45185
-8.9090E-07   7.45172
-8.9215E-07   7.45158
-8.9339E-07   7.45145
-8.9464E-07   7.45131
-8.9588E-07   7.45118
-8.9713E-07   7.45104
-8.9837E-07   7.45091
-8.9962E-07   7.45077
-9.0086E-07   7.45064
-9.0211E-07   7.45050
-9.0335E-07   7.45037
-9.0460E-07   7.45023
-9.0584E-07   7.45010
-9.0709E-07   7.44996
-9.0833E-07   7.44983
-9.0958E-07   7.44969
-9.1082E-07   7.44956
-9.1207E-07   7.44942
-9.1331E-07   7.44929
-9.1455E-07   7.44915
-9.1580E-07   7.44902
-9.1704E-07   7.44888
-9.1829E-07   7.44875
-9.1953E-07   7.44861
-9.2078E-07   7.44848
-9.2202E-07   7.44834
-9.2327E-07   7.44821
-9.2451E-07   7.44807
-9.2576E-07   7.44794
-9.2700E-07   7.44780
-9.2824E-07   7.44767
-9.2949E-07   7.44753
-9.3073E-07   7.44740
-9.3198E-07   7.44726
-9.3322E-07   7.44713
-9.3446E-07   7.44699
-9.3571E-07   7.44686
-9.3695E-07   7.44672
-9.3820E-07   7.44659
-9.3944E-07   7.44645
-9.4069E-07   7.44632
-9.4193E-07   7.44618
-9.4317E-07   7.44605
-9.4442E-07   7.44591
-9.4566E-07   7.44578
-9.4690E-07   7.44564
-9.4815E-07   7.44551
-9.4939E-07   7.44537
-9.5064E-07   7.44524
-9.5188E-07   7.44510
-9.5312E-07   7.44497
-9.5437E-07   7.44483
-9.5561E-07   7.44470
-9.5686E-07   7.44456
-9.5810E-07   7.44443
-9.5934E-07   7.44429
-9.6059E-07   7.44416
-9.6183E-07   7.44402
-9.6307E-07   7.44389
-9.6432E-07   7.44375
-9.6556E-07   7.44362
-9.6680E-07   7.44348
-9.6805E-07   7.44335
-9.6929E-07   7.44321
-9.7053E-07   7.44308
-9.7178E-07   7.44294
-9.7302E-07   7.44281
-9.7426E-07   7.44267
-9.7551E-07   7.44254
-9.7675E-07   7.44240
-9.7799E-07   7.44227
-9.7924E-07   7.44214
-9.8048E-07   7.44200
-9.8172E-07   7.44187
-9.8297E-07   7.44173
-9.8421E-07   7.44160
-9.8545E-07   7.44146
-9.8669E-07   7.44133
-9.8794E-07   7.44119
-9.8918E-07   7.44106
-9.9042E-07   7.44092
-9.9167E-07   7.44079
-9.9291E-07   7.44065
-9.9415E-07   7.44052
-9.9540E-07   7.44038
-9.9664E-07   7.44025
-9.9788E-07   7.44011
-9.9912E-07   7.43998
-1.0004E-06   7.43984
-1.0016E-06   7.43971
-1.0029E-06   7.43957
-1.0041E-06   7.43944
-1.0053E-06   7.43930
-1.0066E-06   7.43917
-1.0078E-06   7.43903
-1.0091E-06   7.43890
-1.0103E-06   7.43877
-1.0115E-06   7.43863
-1.0128E-06   7.43850
-1.0140E-06   7.43836
-1.0153E-06   7.43823
-1.0165E-06   7.43809
-1.0178E-06   7.43796
-1.0190E-06   7.43782
-1.0202E-06   7.43769
-1.0215E-06   7.43755
-1.0227E-06   7.43742
-1.0240E-06   7.43728
-1.0252E-06   7.43715
-1.0265E-06   7.43701
-1.0277E-06   7.43688
-1.0289E-06   7.43674
-1.0302E-06   7.43661
-1.0314E-06   7.43647
-1.0327E-06   7.43634
-1.0339E-06   7.43620
-1.0352E-06   7.43607
-1.0364E-06   7.43594
-1.0376E-06   7.43580
-1.0389E-06   7.43567
-1.0401E-06   7.43553
-1.0414E-06   7.43540
-1.0426E-06   7.43526
-1.0438E-06   7.43513
-1.0451E-06   7.43499
-1.0463E-06   7.43486
-1.0476E-06   7.43472
-1.0488E-06   7.43459
-1.0501E-06   7.43445
-1.0513E-06   7.43432
-1.0525E-06   7.43418
-1.0538E-06   7.43405
-1.0550E-06   7.43392
-1.0563E-06   7.43378
-1.0575E-06   7.43365
-1.0587E-06   7.43351
-1.0600E-06   7.43338
-1.0612E-06   7.43324
-1.0625E-06   7.43311
-1.0637E-06   7.43297
-1.0649E-06   7.43284
-1.0662E-06   7.43270
-1.0674E-06   7.43257
-1.0687E-06   7.43243
-1.0699E-06   7.43230
-1.0712E-06   7.43216
-1.0724E-06   7.43203
-1.0736E-06   7.43190
-1.0749E-06   7.43176
-1.0761E-06   7.43163
-1.0774E-06   7.43149
-1.0786E-06   7.43136
-1.0798E-06   7.43122
-1.0811E-06   7.43109
-1.0823E-06   7.43095
-1.0836E-06   7.43082
-1.0848E-06   7.43068
-1.0860E-06   7.43055
-1.0873E-06   7.43041
-1.0885E-06   7.43028
-1.0898E-06   7.43015
-1.0910E-06   7.43001
-1.0923E-06   7.42988
-1.0935E-06   7.42974
-1.0947E-06   7.42961
-1.0960E-06   7.42947
-1.0972E-06   7.42934
-1.0985E-06   7.42920
-1.0997E-06   7.42907
-1.1009E-06   7.42893
-1.1022E-06   7.42880
-1.1034E-06   7.42867
-1.1047E-06   7.42853
-1.1059E-06   7.42840
-1.1071E-06   7.42826
-1.1084E-06   7.42813
-1.1096E-06   7.42799
-1.1109E-06   7.42786
-1.1121E-06   7.42772
-1.1133E-06   7.42759
-1.1146E-06   7.42745
-1.1158E-06   7.42732
-1.1171E-06   7.42719
-1.1183E-06   7.42705
-1.1195E-06   7.42692
-1.1208E-06   7.42678
-1.1220E-06   7.42665
-1.1233E-06   7.42651
-1.1245E-06   7.42638
-1.1257E-06   7.42624
-1.1270E-06   7.42611
-1.1282E-06   7.42598
-1.1295E-06   7.42584
-1.1307E-06   7.42571
-1.1319E-06   7.42557
-1.1332E-06   7.42544
-1.1344E-06   7.42530
-1.1357E-06   7.42517
-1.1369E-06   7.42503
-1.1381E-06   7.42490
-1.1394E-06   7.42477
-1.1406E-06   7.42463
-1.1419E-06   7.42450
-1.1431E-06   7.42436
-1.1443E-06   7.42423
-1.1456E-06   7.42409
-1.1468E-06   7.42396
-1.1481E-06   7.42382
-1.1493E-06   7.42369
-1.1505E-06   7.42355
-1.1518E-06   7.42342
-1.1530E-06   7.42329
-1.1543E-06   7.42315
-1.1555E-06   7.42302
-1.1567E-06   7.42288
-1.1580E-06   7.42275
-1.1592E-06   7.42261
-1.1604E-06   7.42248
-1.1617E-06   7.42235
-1.1629E-06   7.42221
-1.1642E-06   7.42208
-1.1654E-06   7.42194
-1.1666E-06   7.42181
-1.1679E-06   7.42167
-1.1691E-06   7.42154
-1.1704E-06   7.42140
-1.1716E-06   7.42127
-1.1728E-06   7.42114
-1.1741E-06   7.42100
-1.1753E-06   7.42087
-1.1766E-06   7.42073
-1.1778E-06   7.42060
-1.1790E-06   7.42046
-1.1803E-06   7.42033
-1.1815E-06   7.42020
-1.1827E-06   7.42006
-1.1840E-06   7.41993
-1.1852E-06   7.41979
-1.1865E-06   7.41966
-1.1877E-06   7.41952
-1.1889E-06   7.41939
-1.1902E-06   7.41925
-1.1914E-06   7.41912
-1.1927E-06   7.41899
-1.1939E-06   7.41885
-1.1951E-06   7.41872
-1.1964E-06   7.41858
-1.1976E-06   7.41845
-1.1988E-06   7.41831
-1.2001E-06   7.41818
-1.2013E-06   7.41805
-1.2026E-06   7.41791
-1.2038E-06   7.41778
-1.2050E-06   7.41764
-1.2063E-06   7.41751
-1.2075E-06   7.41737
-1.2088E-06   7.41724
-1.2100E-06   7.41711
-1.2112E-06   7.41697
-1.2125E-06   7.41684
-1.2137E-06   7.41670
-1.2149E-06   7.41657
-1.2162E-06   7.41643
-1.2174E-06   7.41630
-1.2187E-06   7.41617
-1.2199E-06   7.41603
-1.2211E-06   7.41590
-1.2224E-06   7.41576
-1.2236E-06   7.41563
-1.2248E-06   7.41549
-1.2261E-06   7.41536
-1.2273E-06   7.41523
-1.2286E-06   7.41509
-1.2298E-06   7.41496
-1.2310E-06   7.41482
-1.2323E-06   7.41469
-1.2335E-06   7.41455
-1.2347E-06   7.41442
-1.2360E-06   7.41429
-1.2372E-06   7.41415
-1.2385E-06   7.41402
-1.2397E-06   7.41388
-1.2409E-06   7.41375
-1.2422E-06   7.41362
-1.2434E-06   7.41348
-1.2446E-06   7.41335
-1.2459E-06   7.41321
-1.2471E-06   7.41308
-1.2484E-06   7.41294
-1.2496E-06   7.41281
-1.2508E-06   7.41268
