  "Time"          "Temp"          "Pres"          "Dens"          "Th_MIX"        "X_OH*"         "X_H"           "X_H2"          "X_O"           "X_O2"          "X_OH"          "X_HO2"         "X_H2O2"        "X_H2O"         "X_AR"         
  "s"             "K"             "Pa"            "kg/m3"         "s"             "none"          "none"          "none"          "none"          "none"          "none"          "none"          "none"          "none"          "none"         
    0.000000        702.7152        172612.6       0.3547902      -0.4394468E-04    0.000000        0.000000       0.6667000        0.000000       0.3333000        0.000000        0.000000        0.000000        0.000000        0.000000    
   0.4801098E-15    702.7152        172612.6       0.3547902      -0.4394468E-04   0.3356372E-54   0.5391576E-24   0.6667000       0.3757153E-35   0.3333000       0.1170966E-19   0.5391168E-24   0.1453368E-38   0.4079748E-28    0.000000    
   0.1440329E-14    702.7152        172612.6       0.3547902      -0.4394468E-04   0.1822029E-53   0.1617572E-23   0.6667000       0.2039675E-34   0.3333000       0.3512898E-19   0.1617350E-23   0.7889710E-38   0.2214720E-27    0.000000    
   0.3360769E-14    702.7152        172612.6       0.3547902      -0.4394468E-04   0.8892184E-53   0.3774899E-23   0.6667000       0.9955257E-34   0.3333000       0.8196761E-19   0.3773818E-23   0.3850481E-37   0.1080868E-26    0.000000    
   0.7201647E-14    702.7152        172612.6       0.3547902      -0.4394468E-04   0.3863529E-52   0.8091448E-23   0.6667000       0.4326565E-33   0.3333000       0.1756449E-18   0.8086752E-23   0.1672988E-36   0.4696243E-26    0.000000    
   0.1488340E-13    702.7152        172612.6       0.3547902      -0.4394468E-04   0.1625112E-51   0.1673237E-22   0.6667000       0.1820776E-32   0.3333000       0.3629994E-18   0.1671262E-22   0.7037134E-36   0.1975393E-25    0.000000    
   0.3024692E-13    702.7152        172612.6       0.3547902      -0.4394467E-04   0.6675547E-51   0.3404550E-22   0.6667000       0.7486615E-32   0.3333000       0.7377084E-18   0.3396436E-22   0.2890727E-35   0.8114556E-25    0.000000    
   0.6097394E-13    702.7152        172612.6       0.3547902      -0.4394465E-04   0.2708446E-50   0.6879707E-22   0.6667000       0.3043461E-31   0.3333000       0.1487126E-17   0.6846784E-22   0.1172886E-34   0.3292406E-24    0.000000    
   0.1224280E-12    702.7152        172612.6       0.3547902      -0.4394462E-04   0.1091308E-49   0.1388015E-21   0.6667000       0.1231085E-30   0.3333000       0.2985962E-17   0.1374748E-21   0.4726220E-34   0.1326696E-23    0.000000    
   0.2453361E-12    702.7152        172612.6       0.3547902      -0.4394456E-04   0.4381123E-49   0.2808155E-21   0.6667000       0.4980739E-30   0.3333000       0.5983630E-17   0.2754888E-21   0.1897639E-33   0.5326854E-23    0.000000    
   0.4911523E-12    702.7152        172612.6       0.3547902      -0.4394443E-04   0.1755308E-48   0.5728643E-21   0.6667000       0.2026388E-29   0.3333000       0.1197896E-16   0.5515169E-21   0.7605098E-33   0.2134821E-22    0.000000    
   0.9827847E-12    702.7152        172612.6       0.3547902      -0.4394417E-04   0.7024034E-48   0.1189046E-20   0.6667000       0.8355828E-29   0.3333000       0.2396959E-16   0.1103574E-20   0.3044981E-32   0.8547516E-22    0.000000    
   0.1966050E-11    702.7152        172612.6       0.3547902      -0.4394365E-04   0.2807797E-47   0.2549743E-20   0.6667000       0.3538007E-28   0.3333000       0.4795071E-16   0.2207690E-20   0.1218587E-31   0.3420655E-21    0.000000    
   0.3932579E-11    702.7152        172612.6       0.3547902      -0.4394262E-04   0.1120855E-46   0.5784465E-20   0.6667000       0.1570827E-27   0.3333000       0.9591245E-16   0.4415933E-20   0.4875563E-31   0.1368587E-20    0.000000    
   0.7865639E-11    702.7152        172612.6       0.3547902      -0.4394055E-04   0.4463796E-46   0.1430717E-19   0.6667000       0.7526435E-27   0.3333000       0.1918339E-15   0.8832483E-20   0.1950490E-30   0.5474953E-20    0.000000    
   0.1573176E-10    702.7152        172612.6       0.3547902      -0.4393641E-04   0.1769686E-45   0.3956518E-19   0.6667000       0.4004665E-26   0.3333000       0.3836685E-15   0.1766594E-19   0.7802693E-30   0.2190065E-19    0.000000    
   0.3146399E-10    702.7152        172612.6       0.3547902      -0.4392813E-04   0.6954483E-45   0.1229281E-18   0.6667000       0.2396995E-25   0.3333000       0.7673049E-15   0.3533523E-19   0.3121445E-29   0.8760129E-19    0.000000    
   0.6292847E-10    702.7152        172612.6       0.3547902      -0.4391158E-04   0.2686892E-44   0.4210131E-18   0.6667000       0.1594776E-24   0.3333000       0.1534446E-14   0.7069058E-19   0.1248923E-28   0.3503787E-18    0.000000    
   0.1258574E-09    702.7152        172612.6       0.3547902      -0.4387848E-04   0.1005516E-43   0.1542394E-17   0.6667000       0.1146511E-23   0.3333000       0.3068204E-14   0.1415270E-18   0.5000047E-28   0.1401271E-17    0.000000    
   0.2517153E-09    702.7152        172612.6       0.3547902      -0.4381228E-04   0.3557051E-43   0.5884197E-17   0.6667000       0.8651992E-23   0.3333000       0.6133619E-14   0.2841710E-18   0.2006217E-27   0.5603073E-17    0.000000    
   0.3775732E-09    702.7152        172612.6       0.3547902      -0.4374607E-04   0.7262406E-43   0.1302236E-16   0.6667000       0.2701197E-22   0.3333000       0.9196235E-14   0.4287209E-18   0.4529851E-27   0.1260315E-16    0.000000    
   0.6292890E-09    702.7152        172612.6       0.3547902      -0.4361366E-04   0.1680116E-42   0.3567004E-16   0.6667000       0.1225055E-21   0.3333000       0.1531309E-13   0.7281406E-18   0.1274370E-26   0.3498504E-16    0.000000    
   0.8558332E-09    702.7152        172612.6       0.3547902      -0.4349447E-04   0.2751626E-42   0.6558234E-16   0.6667000       0.2960163E-21   0.3333000       0.2080871E-13   0.1012995E-17   0.2387700E-26   0.6467360E-16    0.000000    
   0.1082377E-08    702.7152        172612.6       0.3547902      -0.4337529E-04   0.4047129E-42   0.1045019E-15   0.6667000       0.5828106E-21   0.3333000       0.2629530E-13   0.1317742E-17   0.3878737E-26   0.1033895E-15    0.000000    
   0.1308922E-08    702.7152        172612.6       0.3547902      -0.4325609E-04   0.5701803E-42   0.1524089E-15   0.6667000       0.1012357E-20   0.3333000       0.3177289E-13   0.1647558E-17   0.5776525E-26   0.1511178E-15    0.000000    
   0.1535466E-08    702.7152        172612.6       0.3547902      -0.4313689E-04   0.7981869E-42   0.2092831E-15   0.6667000       0.1614122E-20   0.3333000       0.3724147E-13   0.2007619E-17   0.8116613E-26   0.2078440E-15    0.000000    
   0.1988554E-08    702.7152        172612.6       0.3547902      -0.4289847E-04   0.1630419E-41   0.3498606E-15   0.6667000       0.3441721E-20   0.3333000       0.4815170E-13   0.2837349E-17   0.1428935E-25   0.3482355E-15    0.000000    
   0.2441643E-08    702.7152        172612.6       0.3547902      -0.4266003E-04   0.3461601E-41   0.5260734E-15   0.6667000       0.6302770E-20   0.3333000       0.5902611E-13   0.3848600E-17   0.2280528E-25   0.5244448E-15    0.000000    
   0.2894731E-08    702.7152        172612.6       0.3547902      -0.4242156E-04   0.7245290E-41   0.7377587E-15   0.6667000       0.1043651E-19   0.3333000       0.6986483E-13   0.5083416E-17   0.3418226E-25   0.7363516E-15    0.000000    
   0.3800908E-08    702.7152        172612.6       0.3547902      -0.4194457E-04   0.2742386E-40   0.1266914E-14   0.6667000       0.2345151E-19   0.3333000       0.9143565E-13   0.8387145E-17   0.6830684E-25   0.1266788E-14    0.000000    
   0.4616467E-08    702.7152        172612.6       0.3547902      -0.4151521E-04   0.7324165E-40   0.1862882E-14   0.6667000       0.4184688E-19   0.3333000       0.1107285E-12   0.1253462E-16   0.1162191E-24   0.1865091E-14    0.000000    
   0.5595216E-08    702.7152        172612.6       0.3547902      -0.4099986E-04   0.1963789E-39   0.2726514E-14   0.6667000       0.7422473E-19   0.3333000       0.1337315E-12   0.1932252E-16   0.2035119E-24   0.2733345E-14    0.000000    
   0.6573964E-08    702.7152        172612.6       0.3547902      -0.4048444E-04   0.4495435E-39   0.3750580E-14   0.6667000       0.1199974E-18   0.3333000       0.1565717E-12   0.2846506E-16   0.3345235E-24   0.3764401E-14    0.000000    
   0.7552712E-08    702.7152        172612.6       0.3547902      -0.3996897E-04   0.9162270E-39   0.4933528E-14   0.6667000       0.1814259E-18   0.3333000       0.1792503E-12   0.4036029E-16   0.5232876E-24   0.4957108E-14    0.000000    
   0.8531461E-08    702.7152        172612.6       0.3547902      -0.3945344E-04   0.1709344E-38   0.6273819E-14   0.6667000       0.2607485E-18   0.3333000       0.2017684E-12   0.5540250E-16   0.7860537E-24   0.6310322E-14    0.000000    
   0.9510209E-08    702.7152        172612.6       0.3547902      -0.3893787E-04   0.2975004E-38   0.7769923E-14   0.6667000       0.3601814E-18   0.3333000       0.2241271E-12   0.7398216E-16   0.1141234E-23   0.7822907E-14    0.000000    
   0.1146771E-07    702.7152        172612.6       0.3547902      -0.3790664E-04   0.7697809E-38   0.1122352E-13   0.6667000       0.6281323E-18   0.3333000       0.2683710E-12   0.1232975E-15   0.2212765E-23   0.1132169E-13    0.000000    
   0.1342520E-07    702.7152        172612.6       0.3547902      -0.3687535E-04   0.1706179E-37   0.1528231E-13   0.6667000       0.1002559E-17   0.3333000       0.3119910E-12   0.1913550E-15   0.3927419E-23   0.1544452E-13    0.000000    
   0.1538270E-07    702.7152        172612.6       0.3547902      -0.3584408E-04   0.3380904E-37   0.1993451E-13   0.6667000       0.1500388E-17   0.3333000       0.3549959E-12   0.2811439E-15   0.6508022E-23   0.2018261E-13    0.000000    
   0.1734020E-07    702.7152        172612.6       0.3547902      -0.3481291E-04   0.6155119E-37   0.2516849E-13   0.6667000       0.2138197E-17   0.3333000       0.3973943E-12   0.3955948E-15   0.1020986E-22   0.2552728E-13    0.000000    
   0.1929769E-07    702.7152        172612.6       0.3547902      -0.3378189E-04   0.1048641E-36   0.3097279E-13   0.6667000       0.2932225E-17   0.3333000       0.4391949E-12   0.5375811E-15   0.1532002E-22   0.3146997E-13    0.000000    
   0.2125519E-07    702.7152        172612.6       0.3547902      -0.3275111E-04   0.1693748E-36   0.3733617E-13   0.6667000       0.3898374E-17   0.3333000       0.4804060E-12   0.7099196E-15   0.2215681E-22   0.3800225E-13    0.000000    
   0.2517018E-07    702.7152        172612.6       0.3547902      -0.3069050E-04   0.3902222E-36   0.5169593E-13   0.6667000       0.6408993E-17   0.3333000       0.5610932E-12   0.1156642E-14   0.4243625E-22   0.5280246E-13    0.000000    
   0.2908518E-07    702.7152        172612.6       0.3547902      -0.2863162E-04   0.7930067E-36   0.6816112E-13   0.6667000       0.9790737E-17   0.3333000       0.6395212E-12   0.1757198E-14   0.7419684E-22   0.6986279E-13    0.000000    
   0.3300017E-07    702.7152        172612.6       0.3547902      -0.2657496E-04   0.1467855E-35   0.8664774E-13   0.6667000       0.1415924E-16   0.3333000       0.7157534E-12   0.2532170E-14   0.1210490E-21   0.8911996E-13    0.000000    
   0.3691516E-07    702.7152        172612.6       0.3547902      -0.2452102E-04   0.2527718E-35   0.1070744E-12   0.6667000       0.1962525E-16   0.3333000       0.7898513E-12   0.3501316E-14   0.1870463E-21   0.1105125E-12    0.000000    
   0.4083016E-07    702.7152        172612.6       0.3547902      -0.2247026E-04   0.4109632E-35   0.1293623E-12   0.6667000       0.2629475E-16   0.3333000       0.8618749E-12   0.4683598E-14   0.2766679E-21   0.1339805E-12    0.000000    
   0.4474515E-07    702.7152        172612.6       0.3547902      -0.2042314E-04   0.6375644E-35   0.1534351E-12   0.6667000       0.3426917E-16   0.3333000       0.9318823E-12   0.6097199E-14   0.3948008E-21   0.1594660E-12    0.000000    
   0.4866014E-07    702.7152        172612.6       0.3547902      -0.1838008E-04   0.9513445E-35   0.1792186E-12   0.6667000       0.4364547E-16   0.3333000       0.9999303E-12   0.7759555E-14   0.5467238E-21   0.1869125E-12    0.000000    
   0.5257514E-07    702.7152        172612.6       0.3547902      -0.1634151E-04   0.1373675E-34   0.2066413E-12   0.6667000       0.5451631E-16   0.3333000       0.1066074E-11   0.9687375E-14   0.7380907E-21   0.2162651E-12    0.000000    
   0.5649013E-07    702.7152        172612.6       0.3547902      -0.1430781E-04   0.1928544E-34   0.2356337E-12   0.6667000       0.6697020E-16   0.3333000       0.1130366E-11   0.1189666E-13   0.9749148E-21   0.2474705E-12    0.000000    
   0.6040512E-07    702.7152        172612.6       0.3547902      -0.1227938E-04   0.2642549E-34   0.2661285E-12   0.6667000       0.8109159E-16   0.3333000       0.1192859E-11   0.1440274E-13   0.1263554E-20   0.2804767E-12    0.000000    
   0.6432012E-07    702.7152        172612.6       0.3547902      -0.1025657E-04   0.3544873E-34   0.2980607E-12   0.6667000       0.9696105E-16   0.3333000       0.1253603E-11   0.1722027E-13   0.1610694E-20   0.3152335E-12    0.000000    
   0.6823511E-07    702.7152        172612.6       0.3547902      -0.8239733E-05   0.4667244E-34   0.3313670E-12   0.6667000       0.1146554E-15   0.3333000       0.1312648E-11   0.2036328E-13   0.2023338E-20   0.3516917E-12    0.000000    
   0.7215010E-07    702.7152        172612.6       0.3547902      -0.6229209E-05   0.6043877E-34   0.3659865E-12   0.6667000       0.1342477E-15   0.3333000       0.1370041E-11   0.2384517E-13   0.2508790E-20   0.3898039E-12    0.000000    
   0.7606510E-07    702.7152        172612.6       0.3547902      -0.4225318E-05   0.7711409E-34   0.4018600E-12   0.6667000       0.1558075E-15   0.3333000       0.1425828E-11   0.2767874E-13   0.3074641E-20   0.4295237E-12    0.000000    
   0.7998009E-07    702.7152        172612.6       0.3547902      -0.2228365E-05   0.9708820E-34   0.4389302E-12   0.6667000       0.1794011E-15   0.3333000       0.1480054E-11   0.3187622E-13   0.3728758E-20   0.4708062E-12    0.000000    
   0.8389508E-07    702.7152        172612.6       0.3547902      -0.2386442E-06   0.1207735E-33   0.4771417E-12   0.6667000       0.2050913E-15   0.3333000       0.1532764E-11   0.3644926E-13   0.4479269E-20   0.5136077E-12    0.000000    
   0.8781008E-07    702.7152        172612.6       0.3547902       0.1743564E-05   0.1486038E-33   0.5164408E-12   0.6667000       0.2329377E-15   0.3333000       0.1584000E-11   0.4140899E-13   0.5334554E-20   0.5578856E-12    0.000000    
   0.9172507E-07    702.7152        172612.6       0.3547902       0.3717992E-05   0.1810337E-33   0.5567757E-12   0.6667000       0.2629968E-15   0.3333000       0.1633802E-11   0.4676600E-13   0.6303230E-20   0.6035987E-12    0.000000    
   0.9564006E-07    702.7152        172612.6       0.3547902       0.5684385E-05   0.2185373E-33   0.5980959E-12   0.6667000       0.2953223E-15   0.3333000       0.1682213E-11   0.5253036E-13   0.7394144E-20   0.6507068E-12    0.000000    
   0.1034700E-06    702.7152        172612.6       0.3547902       0.9592103E-05   0.3107521E-33   0.6834997E-12   0.6667000       0.3669718E-15   0.3333000       0.1775010E-11   0.6531901E-13   0.9979131E-20   0.7489533E-12    0.000000    
   0.1105170E-06    702.7152        172612.6       0.3547902       0.1307924E-04   0.4162119E-33   0.7632615E-12   0.6667000       0.4396864E-15   0.3333000       0.1854145E-11   0.7831322E-13   0.1281667E-19   0.8417662E-12    0.000000    
   0.1175640E-06    702.7152        172612.6       0.3547902       0.1653690E-04   0.5462528E-33   0.8455056E-12   0.6667000       0.5204497E-15   0.3333000       0.1929343E-11   0.9276241E-13   0.1619707E-19   0.9385244E-12    0.000000    
   0.1246110E-06    702.7152        172612.6       0.3547902       0.1996397E-04   0.7041916E-33   0.9299931E-12   0.6667000       0.6094777E-15   0.3333000       0.2000801E-11   0.1087090E-12   0.2017875E-19   0.1039032E-11    0.000000    
   0.1316580E-06    702.7152        172612.6       0.3547902       0.2335947E-04   0.8934562E-33   0.1016499E-11   0.6667000       0.7069623E-15   0.3333000       0.2068706E-11   0.1261912E-12   0.2482173E-19   0.1143102E-11    0.000000    
   0.1387050E-06    702.7152        172612.6       0.3547902       0.2672250E-04   0.1117563E-32   0.1104812E-11   0.6667000       0.8130726E-15   0.3333000       0.2133234E-11   0.1452434E-12   0.3018746E-19   0.1250557E-11    0.000000    
   0.1457520E-06    702.7152        172612.6       0.3547902       0.3005224E-04   0.1380094E-32   0.1194733E-11   0.6667000       0.9279559E-15   0.3333000       0.2194554E-11   0.1658963E-12   0.3633870E-19   0.1361230E-11    0.000000    
   0.1527990E-06    702.7152        172612.6       0.3547902       0.3334797E-04   0.1684680E-32   0.1286074E-11   0.6667000       0.1051739E-14   0.3333000       0.2252827E-11   0.1881769E-12   0.4333931E-19   0.1474960E-11    0.000000    
   0.1598460E-06    702.7152        172612.6       0.3547902       0.3660904E-04   0.2034974E-32   0.1378660E-11   0.6667000       0.1184532E-14   0.3333000       0.2308204E-11   0.2121092E-12   0.5125419E-19   0.1591595E-11    0.000000    
   0.1668929E-06    702.7152        172612.6       0.3547902       0.3983487E-04   0.2434639E-32   0.1472326E-11   0.6667000       0.1326423E-14   0.3333000       0.2360831E-11   0.2377141E-12   0.6014913E-19   0.1710991E-11    0.000000    
   0.1739399E-06    702.7152        172612.6       0.3547902       0.4302497E-04   0.2887326E-32   0.1566915E-11   0.6667000       0.1477488E-14   0.3333000       0.2410843E-11   0.2650095E-12   0.7009066E-19   0.1833011E-11    0.000000    
   0.1809869E-06    702.7152        172612.6       0.3547902       0.4617889E-04   0.3396657E-32   0.1662283E-11   0.6667000       0.1637784E-14   0.3333000       0.2458372E-11   0.2940107E-12   0.8114598E-19   0.1957525E-11    0.000000    
   0.1880339E-06    702.7152        172612.6       0.3547902       0.4929626E-04   0.3966214E-32   0.1758293E-11   0.6667000       0.1807356E-14   0.3333000       0.2503542E-11   0.3247304E-12   0.9338286E-19   0.2084409E-11    0.000000    
   0.1950809E-06    702.7152        172612.6       0.3547902       0.5237676E-04   0.4599520E-32   0.1854817E-11   0.6667000       0.1986233E-14   0.3333000       0.2546470E-11   0.3571791E-12   0.1068695E-18   0.2213544E-11    0.000000    
   0.2021279E-06    702.7152        172612.6       0.3547902       0.5542011E-04   0.5300027E-32   0.1951735E-11   0.6667000       0.2174433E-14   0.3333000       0.2587268E-11   0.3913648E-12   0.1216745E-18   0.2344820E-11    0.000000    
   0.2091749E-06    702.7152        172612.6       0.3547902       0.5842612E-04   0.6071109E-32   0.2048934E-11   0.6667000       0.2371961E-14   0.3333000       0.2626042E-11   0.4272936E-12   0.1378667E-18   0.2478130E-11    0.000000    
   0.2162219E-06    702.7152        172612.6       0.3547902       0.6139460E-04   0.6916043E-32   0.2146311E-11   0.6667000       0.2578812E-14   0.3333000       0.2662894E-11   0.4649696E-12   0.1555152E-18   0.2613373E-11    0.000000    
   0.2232688E-06    702.7152        172612.6       0.3547902       0.6432545E-04   0.7838008E-32   0.2243766E-11   0.6667000       0.2794969E-14   0.3333000       0.2697919E-11   0.5043951E-12   0.1746891E-18   0.2750454E-11    0.000000    
   0.2303158E-06    702.7152        172612.6       0.3547902       0.6721857E-04   0.8840071E-32   0.2341208E-11   0.6667000       0.3020408E-14   0.3333000       0.2731208E-11   0.5455707E-12   0.1954577E-18   0.2889282E-11    0.000000    
   0.2373628E-06    702.7152        172612.6       0.3547902       0.7007393E-04   0.9925182E-32   0.2438551E-11   0.6667000       0.3255093E-14   0.3333000       0.2762848E-11   0.5884953E-12   0.2178902E-18   0.3029769E-11    0.000000    
   0.2444098E-06    702.7152        172612.6       0.3547902       0.7289151E-04   0.1109617E-31   0.2535717E-11   0.6667000       0.3498982E-14   0.3333000       0.2792921E-11   0.6331666E-12   0.2420558E-18   0.3171833E-11    0.000000    
   0.2514568E-06    702.7152        172612.6       0.3547902       0.7567136E-04   0.1235573E-31   0.2632630E-11   0.6667000       0.3752024E-14   0.3333000       0.2821505E-11   0.6795805E-12   0.2680235E-18   0.3315397E-11    0.000000    
   0.2585038E-06    702.7152        172612.6       0.3547902       0.7841352E-04   0.1370643E-31   0.2729221E-11   0.6667000       0.4014161E-14   0.3333000       0.2848675E-11   0.7277320E-12   0.2958622E-18   0.3460387E-11    0.000000    
   0.2655508E-06    702.7152        172612.6       0.3547902       0.8111810E-04   0.1515069E-31   0.2825428E-11   0.6667000       0.4285328E-14   0.3333000       0.2874500E-11   0.7776146E-12   0.3256406E-18   0.3606731E-11    0.000000    
   0.2725978E-06    702.7152        172612.6       0.3547902       0.8378519E-04   0.1669081E-31   0.2921189E-11   0.6667000       0.4565457E-14   0.3333000       0.2899049E-11   0.8292210E-12   0.3574269E-18   0.3754363E-11    0.000000    
   0.2796447E-06    702.7152        172612.6       0.3547902       0.8641496E-04   0.1832894E-31   0.3016450E-11   0.6667000       0.4854469E-14   0.3333000       0.2922384E-11   0.8825426E-12   0.3912892E-18   0.3903219E-11    0.000000    
   0.2866917E-06    702.7152        172612.6       0.3547902       0.8900756E-04   0.2006708E-31   0.3111161E-11   0.6667000       0.5152284E-14   0.3333000       0.2944566E-11   0.9375700E-12   0.4272952E-18   0.4053239E-11    0.000000    
   0.2937387E-06    702.7152        172612.6       0.3547902       0.9156318E-04   0.2190709E-31   0.3205273E-11   0.6667000       0.5458816E-14   0.3333000       0.2965653E-11   0.9942929E-12   0.4655122E-18   0.4204365E-11    0.000000    
   0.3007857E-06    702.7152        172612.6       0.3547902       0.9408204E-04   0.2385070E-31   0.3298744E-11   0.6667000       0.5773975E-14   0.3333000       0.2985698E-11   0.1052700E-11   0.5060071E-18   0.4356542E-11    0.000000    
   0.3078327E-06    702.7152        172612.6       0.3547902       0.9656435E-04   0.2589948E-31   0.3391533E-11   0.6667000       0.6097665E-14   0.3333000       0.3004755E-11   0.1112780E-11   0.5488462E-18   0.4509719E-11    0.000000    
   0.3148797E-06    702.7152        172612.6       0.3547902       0.9901036E-04   0.2805487E-31   0.3483604E-11   0.6667000       0.6429790E-14   0.3333000       0.3022871E-11   0.1174519E-11   0.5940956E-18   0.4663846E-11    0.000000    
   0.3219267E-06    702.7152        172612.6       0.3547902       0.1014203E-03   0.3031816E-31   0.3574924E-11   0.6667000       0.6770248E-14   0.3333000       0.3040095E-11   0.1237905E-11   0.6418206E-18   0.4818877E-11    0.000000    
   0.3289737E-06    702.7152        172612.6       0.3547902       0.1037946E-03   0.3269050E-31   0.3665462E-11   0.6667000       0.7118934E-14   0.3333000       0.3056470E-11   0.1302925E-11   0.6920861E-18   0.4974767E-11    0.000000    
   0.3360206E-06    702.7152        172612.6       0.3547902       0.1061333E-03   0.3517294E-31   0.3755189E-11   0.6667000       0.7475742E-14   0.3333000       0.3072039E-11   0.1369562E-11   0.7449565E-18   0.5131473E-11    0.000000    
   0.3430676E-06    702.7152        172612.6       0.3547902       0.1084369E-03   0.3776633E-31   0.3844081E-11   0.6667000       0.7840562E-14   0.3333000       0.3086842E-11   0.1437804E-11   0.8004954E-18   0.5288955E-11    0.000000    
   0.3501146E-06    702.7152        172612.6       0.3547902       0.1107056E-03   0.4047146E-31   0.3932115E-11   0.6667000       0.8213283E-14   0.3333000       0.3100916E-11   0.1507634E-11   0.8587662E-18   0.5447176E-11    0.000000    
   0.3571616E-06    702.7152        172612.6       0.3547902       0.1129397E-03   0.4328894E-31   0.4019270E-11   0.6667000       0.8593792E-14   0.3333000       0.3114299E-11   0.1579037E-11   0.9198312E-18   0.5606099E-11    0.000000    
   0.3642086E-06    702.7152        172612.6       0.3547902       0.1151397E-03   0.4621927E-31   0.4105528E-11   0.6667000       0.8981974E-14   0.3333000       0.3127025E-11   0.1651997E-11   0.9837526E-18   0.5765689E-11    0.000000    
   0.3712556E-06    702.7152        172612.6       0.3547902       0.1173058E-03   0.4926284E-31   0.4190872E-11   0.6667000       0.9377712E-14   0.3333000       0.3139125E-11   0.1726498E-11   0.1050591E-17   0.5925914E-11    0.000000    
   0.3783026E-06    702.7152        172612.6       0.3547902       0.1194383E-03   0.5241992E-31   0.4275287E-11   0.6667000       0.9780889E-14   0.3333000       0.3150633E-11   0.1802524E-11   0.1120408E-17   0.6086742E-11    0.000000    
   0.3853496E-06    702.7152        172612.6       0.3547902       0.1215377E-03   0.5569065E-31   0.4358762E-11   0.6667000       0.1019139E-13   0.3333000       0.3161576E-11   0.1880056E-11   0.1193264E-17   0.6248145E-11    0.000000    
   0.3923966E-06    702.7152        172612.6       0.3547902       0.1236043E-03   0.5907508E-31   0.4441285E-11   0.6667000       0.1060909E-13   0.3333000       0.3171983E-11   0.1959080E-11   0.1269216E-17   0.6410093E-11    0.000000    
   0.3994435E-06    702.7152        172612.6       0.3547902       0.1256385E-03   0.6257313E-31   0.4522847E-11   0.6667000       0.1103386E-13   0.3333000       0.3181881E-11   0.2039576E-11   0.1348325E-17   0.6572560E-11    0.000000    
   0.4135375E-06    702.7152        172612.6       0.3547902       0.1296109E-03   0.6990934E-31   0.4683056E-11   0.6667000       0.1190418E-13   0.3333000       0.3200248E-11   0.2204920E-11   0.1516242E-17   0.6898951E-11    0.000000    
   0.4262221E-06    702.7152        172612.6       0.3547902       0.1330788E-03   0.7689782E-31   0.4823891E-11   0.6667000       0.1271048E-13   0.3333000       0.3215278E-11   0.2358592E-11   0.1678736E-17   0.7194237E-11    0.000000    
   0.4389067E-06    702.7152        172612.6       0.3547902       0.1364475E-03   0.8424896E-31   0.4961528E-11   0.6667000       0.1353783E-13   0.3333000       0.3229015E-11   0.2516766E-11   0.1852336E-17   0.7490845E-11    0.000000    
   0.4515912E-06    702.7152        172612.6       0.3547902       0.1397191E-03   0.9195904E-31   0.5095956E-11   0.6667000       0.1438553E-13   0.3333000       0.3241572E-11   0.2679336E-11   0.2037359E-17   0.7788663E-11    0.000000    
   0.4642758E-06    702.7152        172612.6       0.3547902       0.1428959E-03   0.1000236E-30   0.5227177E-11   0.6667000       0.1525289E-13   0.3333000       0.3253053E-11   0.2846200E-11   0.2234114E-17   0.8087587E-11    0.000000    
   0.4769604E-06    702.7152        172612.6       0.3547902       0.1459801E-03   0.1084372E-30   0.5355200E-11   0.6667000       0.1613920E-13   0.3333000       0.3263552E-11   0.3017253E-11   0.2442905E-17   0.8387521E-11    0.000000    
   0.4896450E-06    702.7152        172612.6       0.3547902       0.1489740E-03   0.1171942E-30   0.5480043E-11   0.6667000       0.1704377E-13   0.3333000       0.3273154E-11   0.3192393E-11   0.2664025E-17   0.8688380E-11    0.000000    
   0.5023296E-06    702.7152        172612.6       0.3547902       0.1518798E-03   0.1262878E-30   0.5601729E-11   0.6667000       0.1796592E-13   0.3333000       0.3281939E-11   0.3371518E-11   0.2897762E-17   0.8990085E-11    0.000000    
   0.5150141E-06    702.7152        172612.6       0.3547902       0.1546997E-03   0.1357112E-30   0.5720290E-11   0.6667000       0.1890497E-13   0.3333000       0.3289977E-11   0.3554525E-11   0.3144396E-17   0.9292563E-11    0.000000    
   0.5276987E-06    702.7152        172612.6       0.3547902       0.1574359E-03   0.1454568E-30   0.5835760E-11   0.6667000       0.1986026E-13   0.3333000       0.3297334E-11   0.3741315E-11   0.3404200E-17   0.9595750E-11    0.000000    
   0.5403833E-06    702.7152        172612.6       0.3547902       0.1600906E-03   0.1555168E-30   0.5948180E-11   0.6667000       0.2083113E-13   0.3333000       0.3304069E-11   0.3931787E-11   0.3677440E-17   0.9899584E-11    0.000000    
   0.5530679E-06    702.7152        172612.6       0.3547902       0.1626660E-03   0.1658828E-30   0.6057593E-11   0.6667000       0.2181695E-13   0.3333000       0.3310237E-11   0.4125845E-11   0.3964375E-17   0.1020401E-10    0.000000    
   0.5657524E-06    702.7152        172612.6       0.3547902       0.1651641E-03   0.1765463E-30   0.6164047E-11   0.6667000       0.2281707E-13   0.3333000       0.3315886E-11   0.4323391E-11   0.4265257E-17   0.1050898E-10    0.000000    
   0.5784370E-06    702.7152        172612.6       0.3547902       0.1675871E-03   0.1874986E-30   0.6267591E-11   0.6667000       0.2383089E-13   0.3333000       0.3321063E-11   0.4524331E-11   0.4580330E-17   0.1081445E-10    0.000000    
   0.5911216E-06    702.7152        172612.6       0.3547902       0.1699369E-03   0.1987306E-30   0.6368278E-11   0.6667000       0.2485778E-13   0.3333000       0.3325807E-11   0.4728572E-11   0.4909834E-17   0.1112038E-10    0.000000    
   0.6038062E-06    702.7152        172612.6       0.3547902       0.1722157E-03   0.2102332E-30   0.6466161E-11   0.6667000       0.2589718E-13   0.3333000       0.3330158E-11   0.4936022E-11   0.5254000E-17   0.1142672E-10    0.000000    
   0.6164908E-06    702.7152        172612.6       0.3547902       0.1744254E-03   0.2219972E-30   0.6561297E-11   0.6667000       0.2694848E-13   0.3333000       0.3334148E-11   0.5146591E-11   0.5613053E-17   0.1173345E-10    0.000000    
   0.6291753E-06    702.7152        172612.6       0.3547902       0.1765679E-03   0.2340130E-30   0.6653742E-11   0.6667000       0.2801113E-13   0.3333000       0.3337810E-11   0.5360191E-11   0.5987213E-17   0.1204053E-10    0.000000    
   0.6418599E-06    702.7152        172612.6       0.3547902       0.1786451E-03   0.2462715E-30   0.6743554E-11   0.6667000       0.2908457E-13   0.3333000       0.3341171E-11   0.5576737E-11   0.6376692E-17   0.1234793E-10    0.000000    
   0.6545445E-06    702.7152        172612.6       0.3547902       0.1806590E-03   0.2587631E-30   0.6830791E-11   0.6667000       0.3016828E-13   0.3333000       0.3344259E-11   0.5796145E-11   0.6781698E-17   0.1265563E-10    0.000000    
   0.6672291E-06    702.7152        172612.6       0.3547902       0.1826112E-03   0.2714784E-30   0.6915511E-11   0.6667000       0.3126171E-13   0.3333000       0.3347095E-11   0.6018331E-11   0.7202430E-17   0.1296361E-10    0.000000    
   0.6799137E-06    702.7152        172612.6       0.3547902       0.1845037E-03   0.2844081E-30   0.6997775E-11   0.6667000       0.3236436E-13   0.3333000       0.3349703E-11   0.6243216E-11   0.7639085E-17   0.1327183E-10    0.000000    
   0.6925982E-06    702.7152        172612.6       0.3547902       0.1863382E-03   0.2975428E-30   0.7077639E-11   0.6667000       0.3347574E-13   0.3333000       0.3352101E-11   0.6470721E-11   0.8091851E-17   0.1358028E-10    0.000000    
   0.7052828E-06    702.7152        172612.6       0.3547902       0.1881162E-03   0.3108734E-30   0.7155164E-11   0.6667000       0.3459536E-13   0.3333000       0.3354309E-11   0.6700770E-11   0.8560913E-17   0.1388895E-10    0.000000    
   0.7179674E-06    702.7152        172612.6       0.3547902       0.1898396E-03   0.3243907E-30   0.7230407E-11   0.6667000       0.3572274E-13   0.3333000       0.3356342E-11   0.6933287E-11   0.9046448E-17   0.1419780E-10    0.000000    
   0.7306520E-06    702.7152        172612.6       0.3547902       0.1915099E-03   0.3380857E-30   0.7303427E-11   0.6667000       0.3685744E-13   0.3333000       0.3358215E-11   0.7168201E-11   0.9548631E-17   0.1450684E-10    0.000000    
   0.7433365E-06    702.7152        172612.6       0.3547902       0.1931286E-03   0.3519494E-30   0.7374280E-11   0.6667000       0.3799901E-13   0.3333000       0.3359942E-11   0.7405439E-11   0.1006763E-16   0.1481605E-10    0.000000    
   0.7560211E-06    702.7152        172612.6       0.3547902       0.1946974E-03   0.3659732E-30   0.7443023E-11   0.6667000       0.3914702E-13   0.3333000       0.3361535E-11   0.7644934E-11   0.1060361E-16   0.1512541E-10    0.000000    
   0.7687057E-06    702.7152        172612.6       0.3547902       0.1962177E-03   0.3801485E-30   0.7509713E-11   0.6667000       0.4030104E-13   0.3333000       0.3363007E-11   0.7886617E-11   0.1115672E-16   0.1543490E-10    0.000000    
   0.7813903E-06    702.7152        172612.6       0.3547902       0.1976910E-03   0.3944669E-30   0.7574404E-11   0.6667000       0.4146069E-13   0.3333000       0.3364367E-11   0.8130423E-11   0.1172712E-16   0.1574453E-10    0.000000    
   0.7940749E-06    702.7152        172612.6       0.3547902       0.1991187E-03   0.4089200E-30   0.7637151E-11   0.6667000       0.4262555E-13   0.3333000       0.3365625E-11   0.8376289E-11   0.1231497E-16   0.1605428E-10    0.000000    
   0.8067594E-06    702.7152        172612.6       0.3547902       0.2005021E-03   0.4234999E-30   0.7698007E-11   0.6667000       0.4379525E-13   0.3333000       0.3366789E-11   0.8624152E-11   0.1292039E-16   0.1636414E-10    0.000000    
   0.8194440E-06    702.7152        172612.6       0.3547902       0.2018427E-03   0.4381987E-30   0.7757025E-11   0.6667000       0.4496942E-13   0.3333000       0.3367867E-11   0.8873953E-11   0.1354355E-16   0.1667411E-10    0.000000    
   0.8321286E-06    702.7152        172612.6       0.3547902       0.2031417E-03   0.4530087E-30   0.7814255E-11   0.6667000       0.4614770E-13   0.3333000       0.3368868E-11   0.9125632E-11   0.1418456E-16   0.1698417E-10    0.000000    
   0.8448132E-06    702.7152        172612.6       0.3547902       0.2044003E-03   0.4679224E-30   0.7869749E-11   0.6667000       0.4732975E-13   0.3333000       0.3369796E-11   0.9379133E-11   0.1484356E-16   0.1729431E-10    0.000000    
   0.8701823E-06    702.7152        172612.6       0.3547902       0.2068016E-03   0.4980319E-30   0.7975722E-11   0.6667000       0.4970382E-13   0.3333000       0.3371462E-11   0.9891380E-11   0.1621605E-16   0.1791485E-10    0.000000    
   0.8930146E-06    702.7152        172612.6       0.3547902       0.2088368E-03   0.5254140E-30   0.8065643E-11   0.6667000       0.5185011E-13   0.3333000       0.3372771E-11   0.1035809E-10   0.1751406E-16   0.1847358E-10    0.000000    
   0.9143699E-06    702.7152        172612.6       0.3547902       0.2106385E-03   0.5512326E-30   0.8145315E-11   0.6667000       0.5386421E-13   0.3333000       0.3373856E-11   0.1079923E-10   0.1878256E-16   0.1899635E-10    0.000000    
   0.9357252E-06    702.7152        172612.6       0.3547902       0.2123468E-03   0.5772214E-30   0.8220916E-11   0.6667000       0.5588336E-13   0.3333000       0.3374825E-11   0.1124459E-10   0.2010421E-16   0.1951929E-10    0.000000    
   0.9570806E-06    702.7152        172612.6       0.3547902       0.2139665E-03   0.6033521E-30   0.8292649E-11   0.6667000       0.5790628E-13   0.3333000       0.3375694E-11   0.1169395E-10   0.2147951E-16   0.2004236E-10    0.000000    
   0.9784359E-06    702.7152        172612.6       0.3547902       0.2155023E-03   0.6295981E-30   0.8360703E-11   0.6667000       0.5993177E-13   0.3333000       0.3376475E-11   0.1214712E-10   0.2290892E-16   0.2056556E-10    0.000000    
   0.9997913E-06    702.7152        172612.6       0.3547902       0.2169584E-03   0.6559342E-30   0.8425264E-11   0.6667000       0.6195870E-13   0.3333000       0.3377182E-11   0.1260390E-10   0.2439290E-16   0.2108888E-10    0.000000    
   0.1021147E-05    702.7152        172612.6       0.3547902       0.2183390E-03   0.6823368E-30   0.8486507E-11   0.6667000       0.6398601E-13   0.3333000       0.3377822E-11   0.1306410E-10   0.2593186E-16   0.2161230E-10    0.000000    
   0.1042502E-05    702.7152        172612.6       0.3547902       0.2196481E-03   0.7087838E-30   0.8544599E-11   0.6667000       0.6601269E-13   0.3333000       0.3378406E-11   0.1352755E-10   0.2752620E-16   0.2213582E-10    0.000000    
   0.1063857E-05    702.7152        172612.6       0.3547902       0.2208894E-03   0.7352543E-30   0.8599699E-11   0.6667000       0.6803782E-13   0.3333000       0.3378940E-11   0.1399407E-10   0.2917631E-16   0.2265942E-10    0.000000    
   0.1085213E-05    702.7152        172612.6       0.3547902       0.2220663E-03   0.7617291E-30   0.8651961E-11   0.6667000       0.7006049E-13   0.3333000       0.3379430E-11   0.1446352E-10   0.3088254E-16   0.2318310E-10    0.000000    
   0.1106568E-05    702.7152        172612.6       0.3547902       0.2231822E-03   0.7881899E-30   0.8701529E-11   0.6667000       0.7207988E-13   0.3333000       0.3379882E-11   0.1493573E-10   0.3264523E-16   0.2370686E-10    0.000000    
   0.1127923E-05    702.7152        172612.6       0.3547902       0.2242404E-03   0.8146199E-30   0.8748541E-11   0.6667000       0.7409522E-13   0.3333000       0.3380300E-11   0.1541057E-10   0.3446471E-16   0.2423068E-10    0.000000    
   0.1149279E-05    702.7152        172612.6       0.3547902       0.2252439E-03   0.8410035E-30   0.8793129E-11   0.6667000       0.7610577E-13   0.3333000       0.3380690E-11   0.1588791E-10   0.3634128E-16   0.2475456E-10    0.000000    
   0.1170634E-05    702.7152        172612.6       0.3547902       0.2261954E-03   0.8673261E-30   0.8835417E-11   0.6667000       0.7811084E-13   0.3333000       0.3381053E-11   0.1636761E-10   0.3827524E-16   0.2527851E-10    0.000000    
   0.1191989E-05    702.7152        172612.6       0.3547902       0.2270978E-03   0.8935742E-30   0.8875524E-11   0.6667000       0.8010981E-13   0.3333000       0.3381393E-11   0.1684955E-10   0.4026686E-16   0.2580250E-10    0.000000    
   0.1213345E-05    702.7152        172612.6       0.3547902       0.2279535E-03   0.9197355E-30   0.8913564E-11   0.6667000       0.8210207E-13   0.3333000       0.3381714E-11   0.1733361E-10   0.4231640E-16   0.2632655E-10    0.000000    
   0.1234700E-05    702.7152        172612.6       0.3547902       0.2287651E-03   0.9457985E-30   0.8949643E-11   0.6667000       0.8408706E-13   0.3333000       0.3382016E-11   0.1781969E-10   0.4442412E-16   0.2685065E-10    0.000000    
   0.1256055E-05    702.7152        172612.6       0.3547902       0.2295349E-03   0.9717525E-30   0.8983863E-11   0.6667000       0.8606426E-13   0.3333000       0.3382302E-11   0.1830768E-10   0.4659024E-16   0.2737479E-10    0.000000    
   0.1277411E-05    702.7152        172612.6       0.3547902       0.2302650E-03   0.9975880E-30   0.9016320E-11   0.6667000       0.8803319E-13   0.3333000       0.3382574E-11   0.1879749E-10   0.4881499E-16   0.2789898E-10    0.000000    
   0.1298766E-05    702.7152        172612.6       0.3547902       0.2309576E-03   0.1023296E-29   0.9047108E-11   0.6667000       0.8999339E-13   0.3333000       0.3382833E-11   0.1928902E-10   0.5109859E-16   0.2842320E-10    0.000000    
   0.1320121E-05    702.7152        172612.6       0.3547902       0.2316145E-03   0.1048869E-29   0.9076311E-11   0.6667000       0.9194445E-13   0.3333000       0.3383081E-11   0.1978218E-10   0.5344123E-16   0.2894747E-10    0.000000    
   0.1362832E-05    702.7152        172612.6       0.3547902       0.2328290E-03   0.1099578E-29   0.9130294E-11   0.6667000       0.9581760E-13   0.3333000       0.3383546E-11   0.2077306E-10   0.5830440E-16   0.2999611E-10    0.000000    
   0.1401272E-05    702.7152        172612.6       0.3547902       0.2338181E-03   0.1144686E-29   0.9174249E-11   0.6667000       0.9926854E-13   0.3333000       0.3383935E-11   0.2166964E-10   0.6288499E-16   0.3094001E-10    0.000000    
   0.1439711E-05    702.7152        172612.6       0.3547902       0.2347181E-03   0.1189258E-29   0.9214235E-11   0.6667000       0.1026846E-12   0.3333000       0.3384301E-11   0.2257033E-10   0.6765958E-16   0.3188401E-10    0.000000    
   0.1478151E-05    702.7152        172612.6       0.3547902       0.2355372E-03   0.1233271E-29   0.9250620E-11   0.6667000       0.1060643E-12   0.3333000       0.3384646E-11   0.2347475E-10   0.7262900E-16   0.3282812E-10    0.000000    
   0.1516591E-05    702.7152        172612.6       0.3547902       0.2362830E-03   0.1276704E-29   0.9283735E-11   0.6667000       0.1094063E-12   0.3333000       0.3384974E-11   0.2438258E-10   0.7779402E-16   0.3377231E-10    0.000000    
   0.1555030E-05    702.7152        172612.6       0.3547902       0.2369622E-03   0.1319540E-29   0.9313882E-11   0.6667000       0.1127095E-12   0.3333000       0.3385287E-11   0.2529350E-10   0.8315536E-16   0.3471660E-10    0.000000    
   0.1593470E-05    702.7152        172612.6       0.3547902       0.2375810E-03   0.1361768E-29   0.9341335E-11   0.6667000       0.1159731E-12   0.3333000       0.3385586E-11   0.2620724E-10   0.8871365E-16   0.3566097E-10    0.000000    
   0.1631909E-05    702.7152        172612.6       0.3547902       0.2381449E-03   0.1403379E-29   0.9366344E-11   0.6667000       0.1191963E-12   0.3333000       0.3385873E-11   0.2712354E-10   0.9446946E-16   0.3660542E-10    0.000000    
   0.1670349E-05    702.7152        172612.6       0.3547902       0.2386591E-03   0.1444366E-29   0.9389133E-11   0.6667000       0.1223784E-12   0.3333000       0.3386150E-11   0.2804219E-10   0.1004233E-15   0.3754995E-10    0.000000    
   0.1708789E-05    702.7152        172612.6       0.3547902       0.2391281E-03   0.1484727E-29   0.9409907E-11   0.6667000       0.1255190E-12   0.3333000       0.3386416E-11   0.2896297E-10   0.1065758E-15   0.3849456E-10    0.000000    
   0.1747228E-05    702.7152        172612.6       0.3547902       0.2395561E-03   0.1524459E-29   0.9428852E-11   0.6667000       0.1286177E-12   0.3333000       0.3386673E-11   0.2988569E-10   0.1129272E-15   0.3943924E-10    0.000000    
   0.1785668E-05    702.7152        172612.6       0.3547902       0.2399468E-03   0.1563564E-29   0.9446138E-11   0.6667000       0.1316743E-12   0.3333000       0.3386923E-11   0.3081018E-10   0.1194779E-15   0.4038399E-10    0.000000    
   0.1824108E-05    702.7152        172612.6       0.3547902       0.2403037E-03   0.1602042E-29   0.9461916E-11   0.6667000       0.1346886E-12   0.3333000       0.3387164E-11   0.3173630E-10   0.1262285E-15   0.4132880E-10    0.000000    
   0.1862547E-05    702.7152        172612.6       0.3547902       0.2406300E-03   0.1639899E-29   0.9476325E-11   0.6667000       0.1376605E-12   0.3333000       0.3387398E-11   0.3266389E-10   0.1331791E-15   0.4227369E-10    0.000000    
   0.1900987E-05    702.7152        172612.6       0.3547902       0.2409283E-03   0.1677137E-29   0.9489492E-11   0.6667000       0.1405901E-12   0.3333000       0.3387626E-11   0.3359282E-10   0.1403301E-15   0.4321864E-10    0.000000    
   0.1939426E-05    702.7152        172612.6       0.3547902       0.2412014E-03   0.1713763E-29   0.9501530E-11   0.6667000       0.1434772E-12   0.3333000       0.3387847E-11   0.3452300E-10   0.1476818E-15   0.4416365E-10    0.000000    
   0.1977866E-05    702.7152        172612.6       0.3547902       0.2414514E-03   0.1749783E-29   0.9512544E-11   0.6667000       0.1463222E-12   0.3333000       0.3388063E-11   0.3545430E-10   0.1552344E-15   0.4510872E-10    0.000000    
   0.2016306E-05    702.7152        172612.6       0.3547902       0.2416806E-03   0.1785204E-29   0.9522627E-11   0.6667000       0.1491251E-12   0.3333000       0.3388273E-11   0.3638663E-10   0.1629882E-15   0.4605386E-10    0.000000    
   0.2054745E-05    702.7152        172612.6       0.3547902       0.2418907E-03   0.1820032E-29   0.9531864E-11   0.6667000       0.1518862E-12   0.3333000       0.3388478E-11   0.3731991E-10   0.1709434E-15   0.4699905E-10    0.000000    
   0.2093185E-05    702.7152        172612.6       0.3547902       0.2420837E-03   0.1854277E-29   0.9540332E-11   0.6667000       0.1546057E-12   0.3333000       0.3388678E-11   0.3825405E-10   0.1791001E-15   0.4794429E-10    0.000000    
   0.2131624E-05    702.7152        172612.6       0.3547902       0.2422609E-03   0.1887946E-29   0.9548103E-11   0.6667000       0.1572839E-12   0.3333000       0.3388873E-11   0.3918899E-10   0.1874586E-15   0.4888959E-10    0.000000    
   0.2170064E-05    702.7152        172612.6       0.3547902       0.2424239E-03   0.1921047E-29   0.9555238E-11   0.6667000       0.1599212E-12   0.3333000       0.3389063E-11   0.4012466E-10   0.1960190E-15   0.4983495E-10    0.000000    
   0.2208504E-05    702.7152        172612.6       0.3547902       0.2425739E-03   0.1953589E-29   0.9561797E-11   0.6667000       0.1625179E-12   0.3333000       0.3389249E-11   0.4106100E-10   0.2047814E-15   0.5078036E-10    0.000000    
   0.2246943E-05    702.7152        172612.6       0.3547902       0.2427121E-03   0.1985582E-29   0.9567831E-11   0.6667000       0.1650744E-12   0.3333000       0.3389431E-11   0.4199796E-10   0.2137461E-15   0.5172582E-10    0.000000    
   0.2285383E-05    702.7152        172612.6       0.3547902       0.2428396E-03   0.2017033E-29   0.9573389E-11   0.6667000       0.1675910E-12   0.3333000       0.3389610E-11   0.4293548E-10   0.2229131E-15   0.5267133E-10    0.000000    
   0.2323823E-05    702.7152        172612.6       0.3547902       0.2429573E-03   0.2047953E-29   0.9578512E-11   0.6667000       0.1700683E-12   0.3333000       0.3389784E-11   0.4387352E-10   0.2322826E-15   0.5361689E-10    0.000000    
   0.2362262E-05    702.7152        172612.6       0.3547902       0.2430661E-03   0.2078348E-29   0.9583240E-11   0.6667000       0.1725065E-12   0.3333000       0.3389955E-11   0.4481205E-10   0.2418546E-15   0.5456249E-10    0.000000    
   0.2400702E-05    702.7152        172612.6       0.3547902       0.2431668E-03   0.2108230E-29   0.9587609E-11   0.6667000       0.1749063E-12   0.3333000       0.3390122E-11   0.4575102E-10   0.2516293E-15   0.5550815E-10    0.000000    
   0.2439141E-05    702.7152        172612.6       0.3547902       0.2432602E-03   0.2137605E-29   0.9591650E-11   0.6667000       0.1772680E-12   0.3333000       0.3390286E-11   0.4669040E-10   0.2616068E-15   0.5645385E-10    0.000000    
   0.2477581E-05    702.7152        172612.6       0.3547902       0.2433468E-03   0.2166484E-29   0.9595394E-11   0.6667000       0.1795921E-12   0.3333000       0.3390446E-11   0.4763017E-10   0.2717871E-15   0.5739959E-10    0.000000    
   0.2516021E-05    702.7152        172612.6       0.3547902       0.2434274E-03   0.2194874E-29   0.9598866E-11   0.6667000       0.1818791E-12   0.3333000       0.3390603E-11   0.4857028E-10   0.2821704E-15   0.5834538E-10    0.000000    
   0.2592900E-05    702.7152        172612.6       0.3547902       0.2435721E-03   0.2250224E-29   0.9605089E-11   0.6667000       0.1863436E-12   0.3333000       0.3390909E-11   0.5045148E-10   0.3035459E-15   0.6023709E-10    0.000000    
   0.2662091E-05    702.7152        172612.6       0.3547902       0.2436864E-03   0.2298454E-29   0.9609980E-11   0.6667000       0.1902396E-12   0.3333000       0.3391174E-11   0.5214553E-10   0.3234786E-15   0.6193977E-10    0.000000    
   0.2727379E-05    702.7152        172612.6       0.3547902       0.2437824E-03   0.2342629E-29   0.9614074E-11   0.6667000       0.1938125E-12   0.3333000       0.3391416E-11   0.5374475E-10   0.3428906E-15   0.6354651E-10    0.000000    
   0.2792667E-05    702.7152        172612.6       0.3547902       0.2438686E-03   0.2385550E-29   0.9617735E-11   0.6667000       0.1972874E-12   0.3333000       0.3391650E-11   0.5534461E-10   0.3628891E-15   0.6515336E-10    0.000000    
   0.2857954E-05    702.7152        172612.6       0.3547902       0.2439464E-03   0.2427253E-29   0.9621024E-11   0.6667000       0.2006669E-12   0.3333000       0.3391877E-11   0.5694505E-10   0.3834744E-15   0.6676033E-10    0.000000    
   0.2923242E-05    702.7152        172612.6       0.3547902       0.2440168E-03   0.2467775E-29   0.9623993E-11   0.6667000       0.2039532E-12   0.3333000       0.3392097E-11   0.5854601E-10   0.4046467E-15   0.6836740E-10    0.000000    
   0.2988530E-05    702.7152        172612.6       0.3547902       0.2440810E-03   0.2507152E-29   0.9626685E-11   0.6667000       0.2071488E-12   0.3333000       0.3392311E-11   0.6014744E-10   0.4264062E-15   0.6997457E-10    0.000000    
   0.3053818E-05    702.7152        172612.6       0.3547902       0.2441397E-03   0.2545416E-29   0.9629139E-11   0.6667000       0.2102560E-12   0.3333000       0.3392518E-11   0.6174930E-10   0.4487529E-15   0.7158184E-10    0.000000    
   0.3119105E-05    702.7152        172612.6       0.3547902       0.2441937E-03   0.2582601E-29   0.9631385E-11   0.6667000       0.2132770E-12   0.3333000       0.3392719E-11   0.6335154E-10   0.4716872E-15   0.7318921E-10    0.000000    
   0.3184393E-05    702.7152        172612.6       0.3547902       0.2442436E-03   0.2618738E-29   0.9633451E-11   0.6667000       0.2162143E-12   0.3333000       0.3392914E-11   0.6495415E-10   0.4952091E-15   0.7479667E-10    0.000000    
   0.3249681E-05    702.7152        172612.6       0.3547902       0.2442898E-03   0.2653859E-29   0.9635361E-11   0.6667000       0.2190699E-12   0.3333000       0.3393104E-11   0.6655708E-10   0.5193188E-15   0.7640422E-10    0.000000    
   0.3314969E-05    702.7152        172612.6       0.3547902       0.2443328E-03   0.2687992E-29   0.9637132E-11   0.6667000       0.2218462E-12   0.3333000       0.3393288E-11   0.6816032E-10   0.5440163E-15   0.7801186E-10    0.000000    
   0.3380256E-05    702.7152        172612.6       0.3547902       0.2443731E-03   0.2721167E-29   0.9638783E-11   0.6667000       0.2245451E-12   0.3333000       0.3393466E-11   0.6976385E-10   0.5693019E-15   0.7961959E-10    0.000000    
   0.3445544E-05    702.7152        172612.6       0.3547902       0.2444108E-03   0.2753411E-29   0.9640327E-11   0.6667000       0.2271688E-12   0.3333000       0.3393640E-11   0.7136764E-10   0.5951755E-15   0.8122740E-10    0.000000    
   0.3510832E-05    702.7152        172612.6       0.3547902       0.2444464E-03   0.2784751E-29   0.9641778E-11   0.6667000       0.2297194E-12   0.3333000       0.3393808E-11   0.7297167E-10   0.6216374E-15   0.8283529E-10    0.000000    
   0.3576120E-05    702.7152        172612.6       0.3547902       0.2444800E-03   0.2815212E-29   0.9643144E-11   0.6667000       0.2321988E-12   0.3333000       0.3393972E-11   0.7457594E-10   0.6486875E-15   0.8444326E-10    0.000000    
   0.3641407E-05    702.7152        172612.6       0.3547902       0.2445119E-03   0.2844821E-29   0.9644436E-11   0.6667000       0.2346090E-12   0.3333000       0.3394131E-11   0.7618043E-10   0.6763261E-15   0.8605131E-10    0.000000    
   0.3706695E-05    702.7152        172612.6       0.3547902       0.2445421E-03   0.2873601E-29   0.9645660E-11   0.6667000       0.2369519E-12   0.3333000       0.3394285E-11   0.7778513E-10   0.7045531E-15   0.8765943E-10    0.000000    
   0.3771983E-05    702.7152        172612.6       0.3547902       0.2445710E-03   0.2901576E-29   0.9646824E-11   0.6667000       0.2392293E-12   0.3333000       0.3394435E-11   0.7939003E-10   0.7333686E-15   0.8926762E-10    0.000000    
   0.3837270E-05    702.7152        172612.6       0.3547902       0.2445985E-03   0.2928769E-29   0.9647934E-11   0.6667000       0.2414431E-12   0.3333000       0.3394581E-11   0.8099512E-10   0.7627728E-15   0.9087588E-10    0.000000    
   0.3967846E-05    702.7152        172612.6       0.3547902       0.2446501E-03   0.2980896E-29   0.9650007E-11   0.6667000       0.2456867E-12   0.3333000       0.3394860E-11   0.8420582E-10   0.8233473E-15   0.9409261E-10    0.000000    
   0.4098421E-05    702.7152        172612.6       0.3547902       0.2446976E-03   0.3030151E-29   0.9651913E-11   0.6667000       0.2496962E-12   0.3333000       0.3395124E-11   0.8741718E-10   0.8862771E-15   0.9730960E-10    0.000000    
   0.4228997E-05    702.7152        172612.6       0.3547902       0.2447417E-03   0.3076694E-29   0.9653676E-11   0.6667000       0.2534845E-12   0.3333000       0.3395373E-11   0.9062915E-10   0.9515628E-15   0.1005268E-09    0.000000    
   0.4359572E-05    702.7152        172612.6       0.3547902       0.2447827E-03   0.3120674E-29   0.9655314E-11   0.6667000       0.2570637E-12   0.3333000       0.3395608E-11   0.9384169E-10   0.1019205E-14   0.1037443E-09    0.000000    
   0.4490148E-05    702.7152        172612.6       0.3547902       0.2448210E-03   0.3162233E-29   0.9656842E-11   0.6667000       0.2604452E-12   0.3333000       0.3395830E-11   0.9705474E-10   0.1089203E-14   0.1069620E-09    0.000000    
   0.4620723E-05    702.7152        172612.6       0.3547902       0.2448569E-03   0.3201505E-29   0.9658272E-11   0.6667000       0.2636401E-12   0.3333000       0.3396040E-11   0.1002683E-09   0.1161559E-14   0.1101798E-09    0.000000    
   0.4751299E-05    702.7152        172612.6       0.3547902       0.2448906E-03   0.3238616E-29   0.9659614E-11   0.6667000       0.2666585E-12   0.3333000       0.3396238E-11   0.1034823E-09   0.1236272E-14   0.1133979E-09    0.000000    
   0.4881874E-05    702.7152        172612.6       0.3547902       0.2449223E-03   0.3273683E-29   0.9660874E-11   0.6667000       0.2695102E-12   0.3333000       0.3396426E-11   0.1066967E-09   0.1313344E-14   0.1166162E-09    0.000000    
   0.5012450E-05    702.7152        172612.6       0.3547902       0.2449521E-03   0.3306821E-29   0.9662060E-11   0.6667000       0.2722044E-12   0.3333000       0.3396603E-11   0.1099116E-09   0.1392773E-14   0.1198346E-09    0.000000    
   0.5143025E-05    702.7152        172612.6       0.3547902       0.2449801E-03   0.3338134E-29   0.9663177E-11   0.6667000       0.2747497E-12   0.3333000       0.3396770E-11   0.1131268E-09   0.1474561E-14   0.1230532E-09    0.000000    
   0.5273601E-05    702.7152        172612.6       0.3547902       0.2450066E-03   0.3367724E-29   0.9664230E-11   0.6667000       0.2771545E-12   0.3333000       0.3396928E-11   0.1163424E-09   0.1558708E-14   0.1262719E-09    0.000000    
   0.5404176E-05    702.7152        172612.6       0.3547902       0.2450316E-03   0.3395684E-29   0.9665224E-11   0.6667000       0.2794265E-12   0.3333000       0.3397077E-11   0.1195583E-09   0.1645214E-14   0.1294908E-09    0.000000    
   0.5534752E-05    702.7152        172612.6       0.3547902       0.2450552E-03   0.3422105E-29   0.9666161E-11   0.6667000       0.2815729E-12   0.3333000       0.3397218E-11   0.1227745E-09   0.1734080E-14   0.1327098E-09    0.000000    
   0.5665327E-05    702.7152        172612.6       0.3547902       0.2450774E-03   0.3447070E-29   0.9667046E-11   0.6667000       0.2836008E-12   0.3333000       0.3397351E-11   0.1259911E-09   0.1825305E-14   0.1359290E-09    0.000000    
   0.5795903E-05    702.7152        172612.6       0.3547902       0.2450984E-03   0.3470661E-29   0.9667882E-11   0.6667000       0.2855166E-12   0.3333000       0.3397477E-11   0.1292079E-09   0.1918890E-14   0.1391483E-09    0.000000    
   0.6057053E-05    702.7152        172612.6       0.3547902       0.2451370E-03   0.3514015E-29   0.9669418E-11   0.6667000       0.2890366E-12   0.3333000       0.3397708E-11   0.1356423E-09   0.2113142E-14   0.1455872E-09    0.000000    
   0.6292089E-05    702.7152        172612.6       0.3547902       0.2451682E-03   0.3549046E-29   0.9670659E-11   0.6667000       0.2918801E-12   0.3333000       0.3397895E-11   0.1414341E-09   0.2296041E-14   0.1513825E-09    0.000000    
   0.6527125E-05    702.7152        172612.6       0.3547902       0.2451963E-03   0.3580679E-29   0.9671780E-11   0.6667000       0.2944471E-12   0.3333000       0.3398063E-11   0.1472266E-09   0.2486590E-14   0.1571782E-09    0.000000    
   0.6762161E-05    702.7152        172612.6       0.3547902       0.2452218E-03   0.3609244E-29   0.9672793E-11   0.6667000       0.2967646E-12   0.3333000       0.3398215E-11   0.1530198E-09   0.2684791E-14   0.1629742E-09    0.000000    
   0.6997197E-05    702.7152        172612.6       0.3547902       0.2452447E-03   0.3635036E-29   0.9673708E-11   0.6667000       0.2988567E-12   0.3333000       0.3398353E-11   0.1588135E-09   0.2890643E-14   0.1687703E-09    0.000000    
   0.7232233E-05    702.7152        172612.6       0.3547902       0.2452655E-03   0.3658326E-29   0.9674536E-11   0.6667000       0.3007454E-12   0.3333000       0.3398477E-11   0.1646077E-09   0.3104148E-14   0.1745668E-09    0.000000    
   0.7467269E-05    702.7152        172612.6       0.3547902       0.2452842E-03   0.3679355E-29   0.9675285E-11   0.6667000       0.3024505E-12   0.3333000       0.3398589E-11   0.1704024E-09   0.3325306E-14   0.1803634E-09    0.000000    
   0.7702304E-05    702.7152        172612.6       0.3547902       0.2453012E-03   0.3698343E-29   0.9675961E-11   0.6667000       0.3039899E-12   0.3333000       0.3398690E-11   0.1761975E-09   0.3554120E-14   0.1861602E-09    0.000000    
   0.7937340E-05    702.7152        172612.6       0.3547902       0.2453165E-03   0.3715488E-29   0.9676574E-11   0.6667000       0.3053796E-12   0.3333000       0.3398781E-11   0.1819929E-09   0.3790588E-14   0.1919571E-09    0.000000    
   0.8172376E-05    702.7152        172612.6       0.3547902       0.2453303E-03   0.3730968E-29   0.9677128E-11   0.6667000       0.3066341E-12   0.3333000       0.3398864E-11   0.1877888E-09   0.4034712E-14   0.1977542E-09    0.000000    
   0.8407412E-05    702.7152        172612.6       0.3547902       0.2453428E-03   0.3744946E-29   0.9677629E-11   0.6667000       0.3077668E-12   0.3333000       0.3398938E-11   0.1935849E-09   0.4286494E-14   0.2035515E-09    0.000000    
   0.8642448E-05    702.7152        172612.6       0.3547902       0.2453542E-03   0.3757566E-29   0.9678083E-11   0.6667000       0.3087893E-12   0.3333000       0.3399005E-11   0.1993813E-09   0.4545932E-14   0.2093488E-09    0.000000    
   0.8877484E-05    702.7152        172612.6       0.3547902       0.2453644E-03   0.3768961E-29   0.9678494E-11   0.6667000       0.3097124E-12   0.3333000       0.3399066E-11   0.2051780E-09   0.4813028E-14   0.2151463E-09    0.000000    
   0.9112519E-05    702.7152        172612.6       0.3547902       0.2453737E-03   0.3779250E-29   0.9678867E-11   0.6667000       0.3105459E-12   0.3333000       0.3399121E-11   0.2109749E-09   0.5087783E-14   0.2209439E-09    0.000000    
   0.9347555E-05    702.7152        172612.6       0.3547902       0.2453820E-03   0.3788541E-29   0.9679204E-11   0.6667000       0.3112983E-12   0.3333000       0.3399170E-11   0.2167719E-09   0.5370196E-14   0.2267415E-09    0.000000    
   0.9582591E-05    702.7152        172612.6       0.3547902       0.2453896E-03   0.3796929E-29   0.9679510E-11   0.6667000       0.3119776E-12   0.3333000       0.3399215E-11   0.2225692E-09   0.5660269E-14   0.2325392E-09    0.000000    
   0.9817627E-05    702.7152        172612.6       0.3547902       0.2453965E-03   0.3804503E-29   0.9679787E-11   0.6667000       0.3125908E-12   0.3333000       0.3399255E-11   0.2283667E-09   0.5958002E-14   0.2383371E-09    0.000000    
   0.1005266E-04    702.7152        172612.6       0.3547902       0.2454027E-03   0.3811342E-29   0.9680039E-11   0.6667000       0.3131445E-12   0.3333000       0.3399291E-11   0.2341643E-09   0.6263395E-14   0.2441349E-09    0.000000    
   0.1028770E-04    702.7152        172612.6       0.3547902       0.2454083E-03   0.3817517E-29   0.9680267E-11   0.6667000       0.3136444E-12   0.3333000       0.3399324E-11   0.2399620E-09   0.6576449E-14   0.2499329E-09    0.000000    
   0.1052273E-04    702.7152        172612.6       0.3547902       0.2454134E-03   0.3823093E-29   0.9680475E-11   0.6667000       0.3140957E-12   0.3333000       0.3399354E-11   0.2457598E-09   0.6897164E-14   0.2557308E-09    0.000000    
   0.1075777E-04    702.7152        172612.6       0.3547902       0.2454180E-03   0.3828128E-29   0.9680663E-11   0.6667000       0.3145032E-12   0.3333000       0.3399381E-11   0.2515578E-09   0.7225540E-14   0.2615289E-09    0.000000    
   0.1099281E-04    702.7152        172612.6       0.3547902       0.2454222E-03   0.3832675E-29   0.9680835E-11   0.6667000       0.3148711E-12   0.3333000       0.3399405E-11   0.2573559E-09   0.7561578E-14   0.2673270E-09    0.000000    
   0.1122784E-04    702.7152        172612.6       0.3547902       0.2454260E-03   0.3836780E-29   0.9680991E-11   0.6667000       0.3152032E-12   0.3333000       0.3399427E-11   0.2631540E-09   0.7905279E-14   0.2731251E-09    0.000000    
   0.1146288E-04    702.7152        172612.6       0.3547902       0.2454294E-03   0.3840488E-29   0.9681133E-11   0.6667000       0.3155031E-12   0.3333000       0.3399447E-11   0.2689523E-09   0.8256642E-14   0.2789232E-09    0.000000    
   0.1169791E-04    702.7152        172612.6       0.3547902       0.2454326E-03   0.3843836E-29   0.9681263E-11   0.6667000       0.3157739E-12   0.3333000       0.3399464E-11   0.2747506E-09   0.8615668E-14   0.2847214E-09    0.000000    
   0.1193295E-04    702.7152        172612.6       0.3547902       0.2454354E-03   0.3846859E-29   0.9681381E-11   0.6667000       0.3160184E-12   0.3333000       0.3399480E-11   0.2805489E-09   0.8982357E-14   0.2905196E-09    0.000000    
   0.1216799E-04    702.7152        172612.6       0.3547902       0.2454380E-03   0.3849590E-29   0.9681489E-11   0.6667000       0.3162392E-12   0.3333000       0.3399495E-11   0.2863474E-09   0.9356710E-14   0.2963179E-09    0.000000    
   0.1240302E-04    702.7152        172612.6       0.3547902       0.2454403E-03   0.3852056E-29   0.9681588E-11   0.6667000       0.3164385E-12   0.3333000       0.3399508E-11   0.2921459E-09   0.9738727E-14   0.3021161E-09    0.000000    
   0.1263806E-04    702.7152        172612.6       0.3547902       0.2454425E-03   0.3854284E-29   0.9681678E-11   0.6667000       0.3166185E-12   0.3333000       0.3399520E-11   0.2979444E-09   0.1012841E-13   0.3079144E-09    0.000000    
   0.1287309E-04    702.7152        172612.6       0.3547902       0.2454444E-03   0.3856296E-29   0.9681761E-11   0.6667000       0.3167811E-12   0.3333000       0.3399531E-11   0.3037430E-09   0.1052575E-13   0.3137127E-09    0.000000    
   0.1310813E-04    702.7152        172612.6       0.3547902       0.2454462E-03   0.3858113E-29   0.9681837E-11   0.6667000       0.3169278E-12   0.3333000       0.3399540E-11   0.3095416E-09   0.1093076E-13   0.3195110E-09    0.000000    
   0.1334316E-04    702.7152        172612.6       0.3547902       0.2454478E-03   0.3859755E-29   0.9681907E-11   0.6667000       0.3170604E-12   0.3333000       0.3399549E-11   0.3153403E-09   0.1134344E-13   0.3253094E-09    0.000000    
   0.1357820E-04    702.7152        172612.6       0.3547902       0.2454493E-03   0.3861238E-29   0.9681972E-11   0.6667000       0.3171801E-12   0.3333000       0.3399557E-11   0.3211390E-09   0.1176378E-13   0.3311077E-09    0.000000    
   0.1381324E-04    702.7152        172612.6       0.3547902       0.2454507E-03   0.3862578E-29   0.9682031E-11   0.6667000       0.3172882E-12   0.3333000       0.3399564E-11   0.3269377E-09   0.1219178E-13   0.3369061E-09    0.000000    
   0.1428331E-04    702.7152        172612.6       0.3547902       0.2454531E-03   0.3864883E-29   0.9682137E-11   0.6667000       0.3174740E-12   0.3333000       0.3399577E-11   0.3385352E-09   0.1307079E-13   0.3485029E-09    0.000000    
   0.1470637E-04    702.7152        172612.6       0.3547902       0.2454549E-03   0.3866593E-29   0.9682219E-11   0.6667000       0.3176118E-12   0.3333000       0.3399586E-11   0.3489730E-09   0.1388812E-13   0.3589400E-09    0.000000    
   0.1497924E-04    702.7152        172612.6       0.3547902       0.2454559E-03   0.3867543E-29   0.9682267E-11   0.6667000       0.3176882E-12   0.3333000       0.3399591E-11   0.3557052E-09   0.1442846E-13   0.3656717E-09    0.000000    
