  "Time"          "Temp"          "Pres"          "Dens"          "Th_MIX"        "X_OH*"         "X_H"           "X_H2"          "X_O"           "X_O2"          "X_OH"          "X_HO2"         "X_H2O2"        "X_H2O"         "X_AR"         
  "s"             "K"             "Pa"            "kg/m3"         "s"             "none"          "none"          "none"          "none"          "none"          "none"          "none"          "none"          "none"          "none"         
    0.000000        944.7304       0.3935243E+11    10099.61      -0.2458151E-05    0.000000        0.000000        1.000000        0.000000       0.6303956E-10    0.000000        0.000000        0.000000        0.000000        0.000000    
   0.1309042E-14    944.7304       0.3935243E+11    10099.61      -0.2434262E-05   0.3859372E-42   0.8899127E-22    1.000000       0.4799214E-35   0.6303956E-10   0.1951809E-20   0.2037451E-23   0.3732141E-30   0.1383330E-22    0.000000    
   0.3927126E-14    944.7304       0.3935243E+11    10099.61      -0.2386892E-05   0.1613300E-41   0.3002908E-21    1.000000       0.1755708E-34   0.6303956E-10   0.5822111E-20   0.6112353E-23   0.2026019E-29   0.7481689E-22    0.000000    
   0.9163294E-14    944.7304       0.3935243E+11    10099.61      -0.2294176E-05   0.5337327E-41   0.8882928E-21    1.000000       0.6255344E-34   0.6303956E-10   0.1339731E-19   0.1426215E-22   0.9887748E-29   0.3621870E-21    0.000000    
   0.1963563E-13    944.7304       0.3935243E+11    10099.61      -0.2116084E-05   0.1174003E-40   0.2664046E-20    1.000000       0.2787468E-33   0.6303956E-10   0.2794796E-19   0.3056173E-22   0.4296105E-28   0.1536676E-20    0.000000    
   0.4058030E-13    944.7304       0.3935243E+11    10099.61      -0.1788125E-05   0.2421712E-40   0.8521556E-20    1.000000       0.1519752E-32   0.6303956E-10   0.5474326E-19   0.6316082E-22   0.1807080E-27   0.6191659E-20    0.000000    
   0.8246965E-13    944.7304       0.3935243E+11    10099.61      -0.1229472E-05   0.4538472E-40   0.2818340E-19    1.000000       0.9337636E-32   0.6303956E-10   0.1003870E-18   0.1283587E-21   0.7423141E-27   0.2344845E-19    0.000000    
   0.1243590E-12    944.7304       0.3935243E+11    10099.61      -0.7832516E-06   0.6232893E-40   0.5703140E-19    1.000000       0.2656791E-31   0.6303956E-10   0.1368447E-18   0.1935563E-21   0.1685891E-26   0.4989139E-19    0.000000    
   0.1662483E-12    944.7304       0.3935243E+11    10099.61      -0.4281935E-06   0.7580056E-40   0.9332763E-19    1.000000       0.5592005E-31   0.6303956E-10   0.1658541E-18   0.2587535E-21   0.3011567E-26   0.8378257E-19    0.000000    
   0.2081377E-12    944.7304       0.3935243E+11    10099.61      -0.1461649E-06   0.8649975E-40   0.1355906E-18    1.000000       0.9956664E-31   0.6303956E-10   0.1888967E-18   0.3239504E-21   0.4719384E-26   0.1236405E-18    0.000000    
   0.2919164E-12    944.7304       0.3935243E+11    10099.61       0.2482974E-06   0.1014661E-39   0.2339730E-18    1.000000       0.2349579E-30   0.6303956E-10   0.2211255E-18   0.4543431E-21   0.9281460E-26   0.2172128E-18    0.000000    
   0.3673172E-12    944.7304       0.3935243E+11    10099.61       0.4741768E-06   0.1100342E-39   0.3330681E-18    1.000000       0.4178126E-30   0.6303956E-10   0.2395806E-18   0.5716955E-21   0.1469431E-25   0.3119787E-18    0.000000    
   0.4427180E-12    944.7304       0.3935243E+11    10099.61       0.6249877E-06   0.1157548E-39   0.4382965E-18    1.000000       0.6615532E-30   0.6303956E-10   0.2519023E-18   0.6890468E-21   0.2134534E-25   0.4128780E-18    0.000000    
   0.5181188E-12    944.7304       0.3935243E+11    10099.61       0.7269895E-06   0.1196247E-39   0.5475127E-18    1.000000       0.9662944E-30   0.6303956E-10   0.2602362E-18   0.8063971E-21   0.2923455E-25   0.5177652E-18    0.000000    
   0.5935196E-12    944.7304       0.3935243E+11    10099.61       0.7959941E-06   0.1222426E-39   0.6594249E-18    1.000000       0.1330706E-29   0.6303956E-10   0.2658741E-18   0.9237464E-21   0.3836192E-25   0.6253483E-18    0.000000    
   0.6689205E-12    944.7304       0.3935243E+11    10099.61       0.8424134E-06   0.1240035E-39   0.7731824E-18    1.000000       0.1752798E-29   0.6303956E-10   0.2696667E-18   0.1041095E-20   0.4872744E-25   0.7347767E-18    0.000000    
   0.7443213E-12    944.7304       0.3935243E+11    10099.61       0.8737238E-06   0.1251914E-39   0.8881744E-18    1.000000       0.2230279E-29   0.6303956E-10   0.2722249E-18   0.1158442E-20   0.6033109E-25   0.8454395E-18    0.000000    
   0.8951229E-12    944.7304       0.3935243E+11    10099.61       0.9098279E-06   0.1265610E-39   0.1120325E-17    1.000000       0.3341471E-29   0.6303956E-10   0.2751747E-18   0.1393133E-20   0.8725275E-25   0.1068932E-17    0.000000    
   0.1045925E-11    944.7304       0.3935243E+11    10099.61       0.9268038E-06   0.1272051E-39   0.1354038E-17    1.000000       0.4643659E-29   0.6303956E-10   0.2765617E-18   0.1627821E-20   0.1191268E-24   0.1293987E-17    0.000000    
   0.1196726E-11    944.7304       0.3935243E+11    10099.61       0.9339278E-06   0.1274753E-39   0.1588556E-17    1.000000       0.6116756E-29   0.6303956E-10   0.2771438E-18   0.1862505E-20   0.1559532E-24   0.1519847E-17    0.000000    
   0.1347528E-11    944.7304       0.3935243E+11    10099.61       0.9356817E-06   0.1275419E-39   0.1823513E-17    1.000000       0.7742579E-29   0.6303956E-10   0.2772871E-18   0.2097184E-20   0.1977319E-24   0.1746145E-17    0.000000    
   0.1498329E-11    944.7304       0.3935243E+11    10099.61       0.9357670E-06   0.1275451E-39   0.2058607E-17    1.000000       0.9504473E-29   0.6303956E-10   0.2772940E-18   0.2331860E-20   0.2444627E-24   0.1972581E-17    0.000000    
   0.1799933E-11    944.7304       0.3935243E+11    10099.61       0.9344223E-06   0.1274941E-39   0.2528917E-17    1.000000       0.1338023E-28   0.6303956E-10   0.2771842E-18   0.2801199E-20   0.3527805E-24   0.2425574E-17    0.000000    
   0.2101536E-11    944.7304       0.3935243E+11    10099.61       0.9352168E-06   0.1275243E-39   0.2999053E-17    1.000000       0.1762088E-28   0.6303956E-10   0.2772491E-18   0.3270522E-20   0.4809058E-24   0.2878394E-17    0.000000    
   0.2704743E-11    944.7304       0.3935243E+11    10099.61       0.9360908E-06   0.1275575E-39   0.3939382E-17    1.000000       0.2728032E-28   0.6303956E-10   0.2773205E-18   0.4209088E-20   0.8361862E-24   0.3784090E-17    0.000000    
   0.3911156E-11    944.7304       0.3935243E+11    10099.61       0.9363226E-06   0.1275664E-39   0.5820166E-17    1.000000       0.4827547E-28   0.6303956E-10   0.2773395E-18   0.6085963E-20   0.1863594E-23   0.5595607E-17    0.000000    
   0.6323982E-11    944.7304       0.3935243E+11    10099.61       0.9363549E-06   0.1275680E-39   0.9581769E-17    1.000000       0.9258350E-28   0.6303956E-10   0.2773422E-18   0.9838691E-20   0.5185448E-23   0.9218677E-17    0.000000    
   0.1114963E-10    944.7304       0.3935243E+11    10099.61       0.9363559E-06   0.1275696E-39   0.1710499E-16    1.000000       0.1831364E-27   0.6303955E-10   0.2773423E-18   0.1734005E-19   0.1689455E-22   0.1646482E-16    0.000000    
   0.2080094E-10    944.7304       0.3935243E+11    10099.61       0.9363531E-06   0.1275751E-39   0.3215143E-16    1.000000       0.3651462E-27   0.6303954E-10   0.2773423E-18   0.3232642E-19   0.6055226E-22   0.3095711E-16    0.000000    
   0.4010355E-10    944.7304       0.3935243E+11    10099.61       0.9363474E-06   0.1275969E-39   0.6224438E-16    1.000000       0.7293902E-27   0.6303953E-10   0.2773423E-18   0.6223393E-19   0.2286495E-21   0.5994167E-16    0.000000    
   0.7870877E-10    944.7304       0.3935243E+11    10099.61       0.9363360E-06   0.1276832E-39   0.1224305E-15    1.000000       0.1457910E-26   0.6303950E-10   0.2773421E-18   0.1217894E-18   0.8865690E-21   0.1179108E-15    0.000000    
   0.1173140E-09    944.7304       0.3935243E+11    10099.61       0.9363248E-06   0.1278263E-39   0.1826169E-15    1.000000       0.2186433E-26   0.6303947E-10   0.2773420E-18   0.1810867E-18   0.1864819E-20   0.1758799E-15    0.000000    
   0.1945244E-09    944.7304       0.3935243E+11    10099.61       0.9363026E-06   0.1282832E-39   0.3029905E-15    1.000000       0.3643490E-26   0.6303941E-10   0.2773417E-18   0.2986599E-18   0.5091605E-20   0.2918179E-15    0.000000    
   0.2640138E-09    944.7304       0.3935243E+11    10099.61       0.9362830E-06   0.1288884E-39   0.4113275E-15    1.000000       0.4954849E-26   0.6303936E-10   0.2773415E-18   0.4036585E-18   0.9013943E-20   0.3961621E-15    0.000000    
   0.3335032E-09    944.7304       0.3935243E+11    10099.61       0.9362637E-06   0.1296784E-39   0.5196653E-15    1.000000       0.6266217E-26   0.6303931E-10   0.2773413E-18   0.5078454E-18   0.1394939E-19   0.5005061E-15    0.000000    
   0.4029926E-09    944.7304       0.3935243E+11    10099.61       0.9362447E-06   0.1306526E-39   0.6280037E-15    1.000000       0.7577593E-26   0.6303926E-10   0.2773411E-18   0.6112286E-18   0.1989013E-19   0.6048501E-15    0.000000    
   0.5419714E-09    944.7304       0.3935243E+11    10099.61       0.9362074E-06   0.1331545E-39   0.8446823E-15    1.000000       0.1020036E-25   0.6303915E-10   0.2773406E-18   0.8161363E-18   0.3410234E-19   0.8135379E-15    0.000000    
   0.6809502E-09    944.7304       0.3935243E+11    10099.61       0.9361712E-06   0.1363931E-39   0.1061363E-14    1.000000       0.1282316E-25   0.6303905E-10   0.2773401E-18   0.1018084E-17   0.5203428E-19   0.1022225E-14    0.000000    
   0.8199290E-09    944.7304       0.3935243E+11    10099.61       0.9361362E-06   0.1403689E-39   0.1278047E-14    1.000000       0.1544599E-25   0.6303894E-10   0.2773397E-18   0.1217000E-17   0.7378921E-19   0.1230912E-14    0.000000    
   0.1097887E-08    944.7304       0.3935243E+11    10099.61       0.9360695E-06   0.1505321E-39   0.1711423E-14    1.000000       0.2069174E-25   0.6303873E-10   0.2773388E-18   0.1605886E-17   0.1286589E-18   0.1648286E-14    0.000000    
   0.1653802E-08    944.7304       0.3935243E+11    10099.61       0.9359491E-06   0.1797058E-39   0.2578204E-14    1.000000       0.3118357E-25   0.6303832E-10   0.2773369E-18   0.2349674E-17   0.2820444E-18   0.2483028E-14    0.000000    
   0.2099427E-08    944.7304       0.3935243E+11    10099.61       0.9358646E-06   0.2116106E-39   0.3273048E-14    1.000000       0.3959417E-25   0.6303798E-10   0.2773355E-18   0.2914463E-17   0.4457433E-18   0.3152158E-14    0.000000    
   0.2545052E-08    944.7304       0.3935243E+11    10099.61       0.9357902E-06   0.2510969E-39   0.3967915E-14    1.000000       0.4800500E-25   0.6303765E-10   0.2773340E-18   0.3453102E-17   0.6438787E-18   0.3821285E-14    0.000000    
   0.2990676E-08    944.7304       0.3935243E+11    10099.61       0.9357251E-06   0.2981652E-39   0.4662802E-14    1.000000       0.5641605E-25   0.6303731E-10   0.2773325E-18   0.3967181E-17   0.8748614E-18   0.4490408E-14    0.000000    
   0.3436301E-08    944.7304       0.3935243E+11    10099.61       0.9356690E-06   0.3528160E-39   0.5357708E-14    1.000000       0.6482728E-25   0.6303697E-10   0.2773310E-18   0.4458188E-17   0.1137204E-17   0.5159528E-14    0.000000    
   0.4327551E-08    944.7304       0.3935243E+11    10099.61       0.9355818E-06   0.4848670E-39   0.6747574E-14    1.000000       0.8165025E-25   0.6303630E-10   0.2773281E-18   0.5375936E-17   0.1751018E-17   0.6497757E-14    0.000000    
   0.5129676E-08    944.7304       0.3935243E+11    10099.61       0.9355293E-06   0.6296487E-39   0.7998505E-14    1.000000       0.9679137E-25   0.6303570E-10   0.2773254E-18   0.6135929E-17   0.2397777E-17   0.7702151E-14    0.000000    
   0.5931801E-08    944.7304       0.3935243E+11    10099.61       0.9354987E-06   0.7990028E-39   0.9249479E-14    1.000000       0.1119328E-24   0.6303510E-10   0.2773228E-18   0.6840564E-17   0.3126748E-17   0.8906533E-14    0.000000    
   0.6733926E-08    944.7304       0.3935243E+11    10099.61       0.9354880E-06   0.9929301E-39   0.1050049E-13    1.000000       0.1270745E-24   0.6303449E-10   0.2773201E-18   0.7495814E-17   0.3931958E-17   0.1011090E-13    0.000000    
   0.7536051E-08    944.7304       0.3935243E+11    10099.61       0.9354952E-06   0.1211431E-38   0.1175153E-13    1.000000       0.1422164E-24   0.6303389E-10   0.2773175E-18   0.8106937E-17   0.4808150E-17   0.1131526E-13    0.000000    
   0.8338176E-08    944.7304       0.3935243E+11    10099.61       0.9355188E-06   0.1454506E-38   0.1300260E-13    1.000000       0.1573583E-24   0.6303329E-10   0.2773148E-18   0.8678605E-17   0.5750652E-17   0.1251961E-13    0.000000    
   0.9140300E-08    944.7304       0.3935243E+11    10099.61       0.9355571E-06   0.1722156E-38   0.1425368E-13    1.000000       0.1725003E-24   0.6303268E-10   0.2773122E-18   0.9215051E-17   0.6755229E-17   0.1372395E-13    0.000000    
   0.9942425E-08    944.7304       0.3935243E+11    10099.61       0.9356090E-06   0.2014378E-38   0.1550479E-13    1.000000       0.1876423E-24   0.6303208E-10   0.2773095E-18   0.9720000E-17   0.7818159E-17   0.1492827E-13    0.000000    
   0.1154668E-07    944.7304       0.3935243E+11    10099.61       0.9357484E-06   0.2672543E-38   0.1800703E-13    1.000000       0.2179260E-24   0.6303087E-10   0.2773042E-18   0.1064846E-16   0.1010602E-16   0.1733689E-13    0.000000    
   0.1299050E-07    944.7304       0.3935243E+11    10099.61       0.9359093E-06   0.3348926E-38   0.2025908E-13    1.000000       0.2451808E-24   0.6302978E-10   0.2772995E-18   0.1140621E-16   0.1233479E-16   0.1950460E-13    0.000000    
   0.1456916E-07    944.7304       0.3935243E+11    10099.61       0.9361177E-06   0.4179580E-38   0.2272146E-13    1.000000       0.2749803E-24   0.6302860E-10   0.2772942E-18   0.1216661E-16   0.1493940E-16   0.2187472E-13    0.000000    
   0.1614783E-07    944.7304       0.3935243E+11    10099.61       0.9363553E-06   0.5105394E-38   0.2518384E-13    1.000000       0.3047787E-24   0.6302741E-10   0.2772890E-18   0.1286956E-16   0.1770545E-16   0.2424479E-13    0.000000    
   0.1772649E-07    944.7304       0.3935243E+11    10099.61       0.9366179E-06   0.6126356E-38   0.2764619E-13    1.000000       0.3345760E-24   0.6302622E-10   0.2772838E-18   0.1352648E-16   0.2062156E-16   0.2661481E-13    0.000000    
   0.1930516E-07    944.7304       0.3935243E+11    10099.61       0.9369022E-06   0.7242455E-38   0.3010852E-13    1.000000       0.3643720E-24   0.6302503E-10   0.2772786E-18   0.1414648E-16   0.2367856E-16   0.2898480E-13    0.000000    
   0.2088382E-07    944.7304       0.3935243E+11    10099.61       0.9372058E-06   0.8453676E-38   0.3257081E-13    1.000000       0.3941665E-24   0.6302384E-10   0.2772734E-18   0.1473690E-16   0.2686915E-16   0.3135473E-13    0.000000    
   0.2246249E-07    944.7304       0.3935243E+11    10099.61       0.9375264E-06   0.9760008E-38   0.3503306E-13    1.000000       0.4239595E-24   0.6302265E-10   0.2772681E-18   0.1530359E-16   0.3018744E-16   0.3372463E-13    0.000000    
   0.2404115E-07    944.7304       0.3935243E+11    10099.61       0.9378624E-06   0.1116144E-37   0.3749525E-13    1.000000       0.4537510E-24   0.6302146E-10   0.2772629E-18   0.1585122E-16   0.3362878E-16   0.3609448E-13    0.000000    
   0.2561982E-07    944.7304       0.3935243E+11    10099.61       0.9382124E-06   0.1265795E-37   0.3995739E-13    1.000000       0.4835407E-24   0.6302027E-10   0.2772577E-18   0.1638357E-16   0.3718936E-16   0.3846428E-13    0.000000    
   0.2877715E-07    944.7304       0.3935243E+11    10099.61       0.9389506E-06   0.1593616E-37   0.4488147E-13    1.000000       0.5431151E-24   0.6301790E-10   0.2772473E-18   0.1741382E-16   0.4465688E-16   0.4320375E-13    0.000000    
   0.3160106E-07    944.7304       0.3935243E+11    10099.61       0.9396497E-06   0.1919025E-37   0.4928532E-13    1.000000       0.5963922E-24   0.6301577E-10   0.2772379E-18   0.1830790E-16   0.5171545E-16   0.4744258E-13    0.000000    
   0.3442498E-07    944.7304       0.3935243E+11    10099.61       0.9403823E-06   0.2274835E-37   0.5368894E-13    1.000000       0.6496632E-24   0.6301364E-10   0.2772286E-18   0.1918501E-16   0.5912357E-16   0.5168127E-13    0.000000    
   0.3724889E-07    944.7304       0.3935243E+11    10099.61       0.9411465E-06   0.2661037E-37   0.5809229E-13    1.000000       0.7029281E-24   0.6301151E-10   0.2772192E-18   0.2005065E-16   0.6687569E-16   0.5591982E-13    0.000000    
   0.4007280E-07    944.7304       0.3935243E+11    10099.61       0.9419409E-06   0.3077622E-37   0.6249536E-13    1.000000       0.7561866E-24   0.6300938E-10   0.2772099E-18   0.2090843E-16   0.7496818E-16   0.6015822E-13    0.000000    
   0.4289672E-07    944.7304       0.3935243E+11    10099.61       0.9427647E-06   0.3524580E-37   0.6689815E-13    1.000000       0.8094385E-24   0.6300726E-10   0.2772006E-18   0.2176083E-16   0.8339849E-16   0.6439648E-13    0.000000    
   0.4572063E-07    944.7304       0.3935243E+11    10099.61       0.9436173E-06   0.4001901E-37   0.7130064E-13    1.000000       0.8626838E-24   0.6300513E-10   0.2771912E-18   0.2260961E-16   0.9216481E-16   0.6863460E-13    0.000000    
   0.4854455E-07    944.7304       0.3935243E+11    10099.61       0.9444981E-06   0.4509575E-37   0.7570281E-13    1.000000       0.9159222E-24   0.6300300E-10   0.2771819E-18   0.2345594E-16   0.1012659E-15   0.7287258E-13    0.000000    
   0.5136846E-07    944.7304       0.3935243E+11    10099.61       0.9454070E-06   0.5047592E-37   0.8010466E-13    1.000000       0.9691537E-24   0.6300087E-10   0.2771725E-18   0.2430057E-16   0.1107011E-15   0.7711041E-13    0.000000    
   0.5701629E-07    944.7304       0.3935243E+11    10099.61       0.9473081E-06   0.6214609E-37   0.8890735E-13    1.000000       0.1075595E-23   0.6299661E-10   0.2771538E-18   0.2598653E-16   0.1305714E-15   0.8558564E-13    0.000000    
   0.6266412E-07    944.7304       0.3935243E+11    10099.61       0.9493198E-06   0.7502862E-37   0.9770861E-13    1.000000       0.1182007E-23   0.6299235E-10   0.2771351E-18   0.2766982E-16   0.1517729E-15   0.9406031E-13    0.000000    
   0.6831195E-07    944.7304       0.3935243E+11    10099.61       0.9514413E-06   0.8912258E-37   0.1065084E-12    1.000000       0.1288389E-23   0.6298809E-10   0.2771164E-18   0.2935186E-16   0.1743039E-15   0.1025344E-12    0.000000    
   0.7395978E-07    944.7304       0.3935243E+11    10099.61       0.9536726E-06   0.1044270E-36   0.1153065E-12    1.000000       0.1394739E-23   0.6298383E-10   0.2770977E-18   0.3103311E-16   0.1981635E-15   0.1110079E-12    0.000000    
   0.7960760E-07    944.7304       0.3935243E+11    10099.61       0.9560134E-06   0.1209408E-36   0.1241030E-12    1.000000       0.1501057E-23   0.6297956E-10   0.2770790E-18   0.3271360E-16   0.2233512E-15   0.1194809E-12    0.000000    
   0.8525543E-07    944.7304       0.3935243E+11    10099.61       0.9584637E-06   0.1386629E-36   0.1328977E-12    1.000000       0.1607341E-23   0.6297530E-10   0.2770603E-18   0.3439335E-16   0.2498665E-15   0.1279532E-12    0.000000    
   0.9090326E-07    944.7304       0.3935243E+11    10099.61       0.9610233E-06   0.1575922E-36   0.1416905E-12    1.000000       0.1713591E-23   0.6297103E-10   0.2770416E-18   0.3607246E-16   0.2777088E-15   0.1364250E-12    0.000000    
   0.1021989E-06    944.7304       0.3935243E+11    10099.61       0.9664702E-06   0.1990677E-36   0.1592703E-12    1.000000       0.1925982E-23   0.6296250E-10   0.2770041E-18   0.3942887E-16   0.3373725E-15   0.1533669E-12    0.000000    
   0.1134946E-06    944.7304       0.3935243E+11    10099.61       0.9723530E-06   0.2453572E-36   0.1768417E-12    1.000000       0.2138223E-23   0.6295396E-10   0.2769667E-18   0.4278294E-16   0.4023383E-15   0.1703065E-12    0.000000    
   0.1247902E-06    944.7304       0.3935243E+11    10099.61       0.9786710E-06   0.2964502E-36   0.1944041E-12    1.000000       0.2350305E-23   0.6294542E-10   0.2769292E-18   0.4613447E-16   0.4726021E-15   0.1872438E-12    0.000000    
   0.1360859E-06    944.7304       0.3935243E+11    10099.61       0.9854233E-06   0.3523351E-36   0.2119566E-12    1.000000       0.2562221E-23   0.6293687E-10   0.2768917E-18   0.4948326E-16   0.5481598E-15   0.2041789E-12    0.000000    
   0.1473815E-06    944.7304       0.3935243E+11    10099.61       0.9926087E-06   0.4130000E-36   0.2294987E-12    1.000000       0.2773961E-23   0.6292832E-10   0.2768542E-18   0.5282918E-16   0.6290068E-15   0.2211116E-12    0.000000    
   0.1586772E-06    944.7304       0.3935243E+11    10099.61       0.1000226E-05   0.4784319E-36   0.2470297E-12    1.000000       0.2985519E-23   0.6291977E-10   0.2768167E-18   0.5617216E-16   0.7151384E-15   0.2380420E-12    0.000000    
   0.1812685E-06    944.7304       0.3935243E+11    10099.61       0.1016753E-05   0.6235417E-36   0.2820558E-12    1.000000       0.3408052E-23   0.6290265E-10   0.2767416E-18   0.6284876E-16   0.9032359E-15   0.2718960E-12    0.000000    
   0.2038598E-06    944.7304       0.3935243E+11    10099.61       0.1034993E-05   0.7875474E-36   0.3170295E-12    1.000000       0.3829758E-23   0.6288551E-10   0.2766665E-18   0.6951205E-16   0.1112411E-14   0.3057408E-12    0.000000    
   0.2264511E-06    944.7304       0.3935243E+11    10099.61       0.1054936E-05   0.9703204E-36   0.3519456E-12    1.000000       0.4250571E-23   0.6286835E-10   0.2765913E-18   0.7616099E-16   0.1342618E-14   0.3395764E-12    0.000000    
   0.2490425E-06    944.7304       0.3935243E+11    10099.61       0.1076570E-05   0.1171721E-35   0.3867987E-12    1.000000       0.4670428E-23   0.6285118E-10   0.2765160E-18   0.8279456E-16   0.1593811E-14   0.3734028E-12    0.000000    
   0.2716338E-06    944.7304       0.3935243E+11    10099.61       0.1099881E-05   0.1391599E-35   0.4215837E-12    1.000000       0.5089266E-23   0.6283399E-10   0.2764407E-18   0.8941179E-16   0.1865937E-14   0.4072199E-12    0.000000    
   0.3168164E-06    944.7304       0.3935243E+11    10099.61       0.1151479E-05   0.1886130E-35   0.4909287E-12    1.000000       0.5923638E-23   0.6279957E-10   0.2762899E-18   0.1025933E-15   0.2472773E-14   0.4748267E-12    0.000000    
   0.3619990E-06    944.7304       0.3935243E+11    10099.61       0.1209607E-05   0.2452497E-35   0.5599396E-12    1.000000       0.6753195E-23   0.6276508E-10   0.2761389E-18   0.1156978E-15   0.3162655E-14   0.5423965E-12    0.000000    
   0.4071817E-06    944.7304       0.3935243E+11    10099.61       0.1274126E-05   0.3089121E-35   0.6285765E-12    1.000000       0.7577455E-23   0.6273053E-10   0.2759876E-18   0.1287177E-15   0.3935066E-14   0.6099293E-12    0.000000    
   0.4523643E-06    944.7304       0.3935243E+11    10099.61       0.1344885E-05   0.3794268E-35   0.6968001E-12    1.000000       0.8395948E-23   0.6269592E-10   0.2758362E-18   0.1416455E-15   0.4789441E-14   0.6774251E-12    0.000000    
   0.4975469E-06    944.7304       0.3935243E+11    10099.61       0.1421716E-05   0.4566059E-35   0.7645721E-12    1.000000       0.9208216E-23   0.6266124E-10   0.2756845E-18   0.1544740E-15   0.5725166E-14   0.7448838E-12    0.000000    
   0.5427295E-06    944.7304       0.3935243E+11    10099.61       0.1504441E-05   0.5402478E-35   0.8318553E-12    1.000000       0.1001381E-22   0.6262650E-10   0.2755325E-18   0.1671962E-15   0.6741586E-14   0.8123054E-12    0.000000    
   0.5879122E-06    944.7304       0.3935243E+11    10099.61       0.1592871E-05   0.6301381E-35   0.8986137E-12    1.000000       0.1081231E-22   0.6259170E-10   0.2753804E-18   0.1798054E-15   0.7838001E-14   0.8796898E-12    0.000000    
   0.6330948E-06    944.7304       0.3935243E+11    10099.61       0.1686804E-05   0.7260509E-35   0.9648122E-12    1.000000       0.1160329E-22   0.6255684E-10   0.2752281E-18   0.1922951E-15   0.9013667E-14   0.9470370E-12    0.000000    
   0.6782774E-06    944.7304       0.3935243E+11    10099.61       0.1786029E-05   0.8277494E-35   0.1030417E-11    1.000000       0.1238636E-22   0.6252191E-10   0.2750755E-18   0.2046588E-15   0.1026780E-13   0.1014347E-11    0.000000    
   0.7234601E-06    944.7304       0.3935243E+11    10099.61       0.1890326E-05   0.9349873E-35   0.1095396E-11    1.000000       0.1316112E-22   0.6248693E-10   0.2749227E-18   0.2168906E-15   0.1159959E-13   0.1081619E-11    0.000000    
   0.7686427E-06    944.7304       0.3935243E+11    10099.61       0.1999468E-05   0.1047510E-34   0.1159719E-11    1.000000       0.1392723E-22   0.6245190E-10   0.2747698E-18   0.2289848E-15   0.1300816E-13   0.1148854E-11    0.000000    
   0.8138253E-06    944.7304       0.3935243E+11    10099.61       0.2113219E-05   0.1165055E-34   0.1223355E-11    1.000000       0.1468432E-22   0.6241680E-10   0.2746166E-18   0.2409359E-15   0.1449262E-13   0.1216052E-11    0.000000    
   0.8590079E-06    944.7304       0.3935243E+11    10099.61       0.2231338E-05   0.1287354E-34   0.1286276E-11    1.000000       0.1543206E-22   0.6238165E-10   0.2744632E-18   0.2527386E-15   0.1605206E-13   0.1283212E-11    0.000000    
   0.9041906E-06    944.7304       0.3935243E+11    10099.61       0.2353581E-05   0.1414133E-34   0.1348456E-11    1.000000       0.1617015E-22   0.6234644E-10   0.2743096E-18   0.2643881E-15   0.1768550E-13   0.1350335E-11    0.000000    
   0.9493732E-06    944.7304       0.3935243E+11    10099.61       0.2479696E-05   0.1545115E-34   0.1409869E-11    1.000000       0.1689829E-22   0.6231118E-10   0.2741559E-18   0.2758798E-15   0.1939195E-13   0.1417420E-11    0.000000    
   0.9945558E-06    944.7304       0.3935243E+11    10099.61       0.2609432E-05   0.1680019E-34   0.1470492E-11    1.000000       0.1761621E-22   0.6227587E-10   0.2740019E-18   0.2872094E-15   0.2117041E-13   0.1484468E-11    0.000000    
   0.1039738E-05    944.7304       0.3935243E+11    10099.61       0.2742534E-05   0.1818562E-34   0.1530303E-11    1.000000       0.1832366E-22   0.6224050E-10   0.2738478E-18   0.2983729E-15   0.2301982E-13   0.1551477E-11    0.000000    
   0.1130104E-05    944.7304       0.3935243E+11    10099.61       0.3017811E-05   0.2105435E-34   0.1647408E-11    1.000000       0.1970619E-22   0.6216962E-10   0.2735390E-18   0.3201870E-15   0.2692721E-13   0.1685384E-11    0.000000    
   0.1211432E-05    944.7304       0.3935243E+11    10099.61       0.3274508E-05   0.2373231E-34   0.1749835E-11    1.000000       0.2091247E-22   0.6210566E-10   0.2732605E-18   0.3392179E-15   0.3067559E-13   0.1805770E-11    0.000000    
   0.1292761E-05    944.7304       0.3935243E+11    10099.61       0.3538153E-05   0.2648447E-34   0.1849357E-11    1.000000       0.2208172E-22   0.6204155E-10   0.2729815E-18   0.3576624E-15   0.3463665E-13   0.1926034E-11    0.000000    
   0.1374090E-05    944.7304       0.3935243E+11    10099.61       0.3807305E-05   0.2929494E-34   0.1945903E-11    1.000000       0.2321315E-22   0.6197729E-10   0.2727020E-18   0.3755082E-15   0.3880359E-13   0.2046174E-11    0.000000    
   0.1455419E-05    944.7304       0.3935243E+11    10099.61       0.4080566E-05   0.3214837E-34   0.2039414E-11    1.000000       0.2430615E-22   0.6191290E-10   0.2724220E-18   0.3927460E-15   0.4316952E-13   0.2166192E-11    0.000000    
   0.1536747E-05    944.7304       0.3935243E+11    10099.61       0.4356595E-05   0.3503004E-34   0.2129850E-11    1.000000       0.2536031E-22   0.6184838E-10   0.2721415E-18   0.4093692E-15   0.4772746E-13   0.2286086E-11    0.000000    
   0.1618076E-05    944.7304       0.3935243E+11    10099.61       0.4634117E-05   0.3792600E-34   0.2217182E-11    1.000000       0.2637538E-22   0.6178374E-10   0.2718607E-18   0.4253743E-15   0.5247035E-13   0.2405857E-11    0.000000    
   0.1699405E-05    944.7304       0.3935243E+11    10099.61       0.4911929E-05   0.4082312E-34   0.2301397E-11    1.000000       0.2735129E-22   0.6171898E-10   0.2715794E-18   0.4407602E-15   0.5739112E-13   0.2525503E-11    0.000000    
   0.1780734E-05    944.7304       0.3935243E+11    10099.61       0.5188908E-05   0.4370916E-34   0.2382494E-11    1.000000       0.2828811E-22   0.6165411E-10   0.2712978E-18   0.4555284E-15   0.6248270E-13   0.2645026E-11    0.000000    
   0.1862062E-05    944.7304       0.3935243E+11    10099.61       0.5464016E-05   0.4657284E-34   0.2460483E-11    1.000000       0.2918608E-22   0.6158914E-10   0.2710158E-18   0.4696825E-15   0.6773807E-13   0.2764425E-11    0.000000    
   0.1943391E-05    944.7304       0.3935243E+11    10099.61       0.5736302E-05   0.4940386E-34   0.2535387E-11    1.000000       0.3004554E-22   0.6152408E-10   0.2707335E-18   0.4832283E-15   0.7315022E-13   0.2883700E-11    0.000000    
   0.2024720E-05    944.7304       0.3935243E+11    10099.61       0.6004905E-05   0.5219290E-34   0.2607238E-11    1.000000       0.3086698E-22   0.6145893E-10   0.2704509E-18   0.4961735E-15   0.7871227E-13   0.3002850E-11    0.000000    
   0.2106048E-05    944.7304       0.3935243E+11    10099.61       0.6269049E-05   0.5493163E-34   0.2676078E-11    1.000000       0.3165099E-22   0.6139370E-10   0.2701681E-18   0.5085275E-15   0.8441740E-13   0.3121876E-11    0.000000    
   0.2187377E-05    944.7304       0.3935243E+11    10099.61       0.6528051E-05   0.5761270E-34   0.2741955E-11    1.000000       0.3239824E-22   0.6132839E-10   0.2698850E-18   0.5203012E-15   0.9025892E-13   0.3240777E-11    0.000000    
   0.2268706E-05    944.7304       0.3935243E+11    10099.61       0.6781310E-05   0.6022970E-34   0.2804928E-11    1.000000       0.3310950E-22   0.6126302E-10   0.2696017E-18   0.5315067E-15   0.9623028E-13   0.3359554E-11    0.000000    
   0.2350035E-05    944.7304       0.3935243E+11    10099.61       0.7028310E-05   0.6277714E-34   0.2865057E-11    1.000000       0.3378562E-22   0.6119759E-10   0.2693182E-18   0.5421573E-15   0.1023251E-12   0.3478206E-11    0.000000    
   0.2431363E-05    944.7304       0.3935243E+11    10099.61       0.7268612E-05   0.6525040E-34   0.2922413E-11    1.000000       0.3442749E-22   0.6113210E-10   0.2690345E-18   0.5522675E-15   0.1085370E-12   0.3596733E-11    0.000000    
   0.2512692E-05    944.7304       0.3935243E+11    10099.61       0.7501856E-05   0.6764570E-34   0.2977067E-11    1.000000       0.3503606E-22   0.6106657E-10   0.2687507E-18   0.5618524E-15   0.1148601E-12   0.3715135E-11    0.000000    
   0.2594021E-05    944.7304       0.3935243E+11    10099.61       0.7727750E-05   0.6996001E-34   0.3029096E-11    1.000000       0.3561234E-22   0.6100099E-10   0.2684668E-18   0.5709276E-15   0.1212883E-12   0.3833412E-11    0.000000    
   0.2675350E-05    944.7304       0.3935243E+11    10099.61       0.7946068E-05   0.7219105E-34   0.3078580E-11    1.000000       0.3615735E-22   0.6093538E-10   0.2681828E-18   0.5795095E-15   0.1278160E-12   0.3951564E-11    0.000000    
   0.2756678E-05    944.7304       0.3935243E+11    10099.61       0.8156646E-05   0.7433717E-34   0.3125600E-11    1.000000       0.3667215E-22   0.6086974E-10   0.2678987E-18   0.5876147E-15   0.1344376E-12   0.4069591E-11    0.000000    
   0.2838007E-05    944.7304       0.3935243E+11    10099.61       0.8359375E-05   0.7639735E-34   0.3170241E-11    1.000000       0.3715779E-22   0.6080407E-10   0.2676145E-18   0.5952602E-15   0.1411478E-12   0.4187493E-11    0.000000    
   0.2919336E-05    944.7304       0.3935243E+11    10099.61       0.8554197E-05   0.7837111E-34   0.3212585E-11    1.000000       0.3761535E-22   0.6073838E-10   0.2673303E-18   0.6024628E-15   0.1479414E-12   0.4305270E-11    0.000000    
   0.3000664E-05    944.7304       0.3935243E+11    10099.61       0.8741100E-05   0.8025847E-34   0.3252719E-11    1.000000       0.3804592E-22   0.6067268E-10   0.2670461E-18   0.6092398E-15   0.1548135E-12   0.4422922E-11    0.000000    
   0.3081993E-05    944.7304       0.3935243E+11    10099.61       0.8920113E-05   0.8205988E-34   0.3290728E-11    1.000000       0.3845057E-22   0.6060696E-10   0.2667618E-18   0.6156080E-15   0.1617593E-12   0.4540449E-11    0.000000    
   0.3163322E-05    944.7304       0.3935243E+11    10099.61       0.9091301E-05   0.8377619E-34   0.3326695E-11    1.000000       0.3883037E-22   0.6054124E-10   0.2664776E-18   0.6215845E-15   0.1687742E-12   0.4657850E-11    0.000000    
   0.3244651E-05    944.7304       0.3935243E+11    10099.61       0.9254759E-05   0.8540857E-34   0.3360704E-11    1.000000       0.3918637E-22   0.6047552E-10   0.2661934E-18   0.6271857E-15   0.1758540E-12   0.4775127E-11    0.000000    
   0.3325979E-05    944.7304       0.3935243E+11    10099.61       0.9410611E-05   0.8695849E-34   0.3392839E-11    1.000000       0.3951962E-22   0.6040979E-10   0.2659093E-18   0.6324281E-15   0.1829943E-12   0.4892278E-11    0.000000    
   0.3407308E-05    944.7304       0.3935243E+11    10099.61       0.9559007E-05   0.8842769E-34   0.3423180E-11    1.000000       0.3983112E-22   0.6034408E-10   0.2656252E-18   0.6373279E-15   0.1901912E-12   0.5009304E-11    0.000000    
   0.3488637E-05    944.7304       0.3935243E+11    10099.61       0.9700112E-05   0.8981808E-34   0.3451807E-11    1.000000       0.4012187E-22   0.6027837E-10   0.2653412E-18   0.6419006E-15   0.1974409E-12   0.5126205E-11    0.000000    
   0.3569966E-05    944.7304       0.3935243E+11    10099.61       0.9834110E-05   0.9113176E-34   0.3478797E-11    1.000000       0.4039286E-22   0.6021268E-10   0.2650573E-18   0.6461617E-15   0.2047397E-12   0.5242982E-11    0.000000    
   0.3651294E-05    944.7304       0.3935243E+11    10099.61       0.9961200E-05   0.9237099E-34   0.3504228E-11    1.000000       0.4064501E-22   0.6014701E-10   0.2647734E-18   0.6501260E-15   0.2120841E-12   0.5359633E-11    0.000000    
   0.3732623E-05    944.7304       0.3935243E+11    10099.61       0.1008159E-04   0.9353810E-34   0.3528171E-11    1.000000       0.4087924E-22   0.6008136E-10   0.2644897E-18   0.6538080E-15   0.2194709E-12   0.5476159E-11    0.000000    
   0.3813952E-05    944.7304       0.3935243E+11    10099.61       0.1019549E-04   0.9463553E-34   0.3550699E-11    1.000000       0.4109644E-22   0.6001573E-10   0.2642061E-18   0.6572216E-15   0.2268970E-12   0.5592561E-11    0.000000    
   0.3895280E-05    944.7304       0.3935243E+11    10099.61       0.1030314E-04   0.9566575E-34   0.3571881E-11    1.000000       0.4129747E-22   0.5995012E-10   0.2639227E-18   0.6603802E-15   0.2343592E-12   0.5708837E-11    0.000000    
   0.3976609E-05    944.7304       0.3935243E+11    10099.61       0.1040474E-04   0.9663129E-34   0.3591782E-11    1.000000       0.4148315E-22   0.5988455E-10   0.2636394E-18   0.6632970E-15   0.2418549E-12   0.5824989E-11    0.000000    
   0.4057938E-05    944.7304       0.3935243E+11    10099.61       0.1050054E-04   0.9753467E-34   0.3610468E-11    1.000000       0.4165426E-22   0.5981900E-10   0.2633563E-18   0.6659844E-15   0.2493813E-12   0.5941017E-11    0.000000    
   0.4139267E-05    944.7304       0.3935243E+11    10099.61       0.1059076E-04   0.9837843E-34   0.3628000E-11    1.000000       0.4181158E-22   0.5975350E-10   0.2630733E-18   0.6684543E-15   0.2569359E-12   0.6056919E-11    0.000000    
   0.4220595E-05    944.7304       0.3935243E+11    10099.61       0.1067562E-04   0.9916508E-34   0.3644437E-11    1.000000       0.4195583E-22   0.5968802E-10   0.2627905E-18   0.6707184E-15   0.2645162E-12   0.6172697E-11    0.000000    
   0.4301924E-05    944.7304       0.3935243E+11    10099.61       0.1075536E-04   0.9989711E-34   0.3659836E-11    1.000000       0.4208771E-22   0.5962259E-10   0.2625079E-18   0.6727875E-15   0.2721199E-12   0.6288351E-11    0.000000    
   0.4383253E-05    944.7304       0.3935243E+11    10099.61       0.1083020E-04   0.1005770E-33   0.3674252E-11    1.000000       0.4220788E-22   0.5955720E-10   0.2622254E-18   0.6746723E-15   0.2797450E-12   0.6403880E-11    0.000000    
   0.4464582E-05    944.7304       0.3935243E+11    10099.61       0.1090034E-04   0.1012070E-33   0.3687736E-11    1.000000       0.4231700E-22   0.5949185E-10   0.2619432E-18   0.6763828E-15   0.2873894E-12   0.6519285E-11    0.000000    
   0.4545910E-05    944.7304       0.3935243E+11    10099.61       0.1096601E-04   0.1017897E-33   0.3700339E-11    1.000000       0.4241565E-22   0.5942655E-10   0.2616612E-18   0.6779287E-15   0.2950511E-12   0.6634566E-11    0.000000    
   0.4627239E-05    944.7304       0.3935243E+11    10099.61       0.1102742E-04   0.1023271E-33   0.3712108E-11    1.000000       0.4250443E-22   0.5936129E-10   0.2613794E-18   0.6793189E-15   0.3027283E-12   0.6749723E-11    0.000000    
   0.4789896E-05    944.7304       0.3935243E+11    10099.61       0.1113825E-04   0.1032754E-33   0.3733321E-11    1.000000       0.4265456E-22   0.5923092E-10   0.2608164E-18   0.6816671E-15   0.3181225E-12   0.6979665E-11    0.000000    
   0.4952554E-05    944.7304       0.3935243E+11    10099.61       0.1123437E-04   0.1040686E-33   0.3751714E-11    1.000000       0.4277146E-22   0.5910076E-10   0.2602544E-18   0.6834921E-15   0.3335593E-12   0.7209111E-11    0.000000    
   0.5115211E-05    944.7304       0.3935243E+11    10099.61       0.1131722E-04   0.1047225E-33   0.3767590E-11    1.000000       0.4285884E-22   0.5897082E-10   0.2596933E-18   0.6848521E-15   0.3490274E-12   0.7438063E-11    0.000000    
   0.5277869E-05    944.7304       0.3935243E+11    10099.61       0.1138814E-04   0.1052515E-33   0.3781223E-11    1.000000       0.4292002E-22   0.5884110E-10   0.2591333E-18   0.6857994E-15   0.3645170E-12   0.7666522E-11    0.000000    
   0.5440526E-05    944.7304       0.3935243E+11    10099.61       0.1144836E-04   0.1056688E-33   0.3792861E-11    1.000000       0.4295798E-22   0.5871161E-10   0.2585742E-18   0.6863810E-15   0.3800190E-12   0.7894487E-11    0.000000    
   0.5603184E-05    944.7304       0.3935243E+11    10099.61       0.1149899E-04   0.1059865E-33   0.3802724E-11    1.000000       0.4297539E-22   0.5858237E-10   0.2580163E-18   0.6866390E-15   0.3955258E-12   0.8121962E-11    0.000000    
   0.5765841E-05    944.7304       0.3935243E+11    10099.61       0.1154106E-04   0.1062156E-33   0.3811010E-11    1.000000       0.4297463E-22   0.5845337E-10   0.2574594E-18   0.6866108E-15   0.4110303E-12   0.8348945E-11    0.000000    
   0.5928499E-05    944.7304       0.3935243E+11    10099.61       0.1157548E-04   0.1063659E-33   0.3817896E-11    1.000000       0.4295782E-22   0.5832463E-10   0.2569036E-18   0.6863299E-15   0.4265264E-12   0.8575439E-11    0.000000    
   0.6091156E-05    944.7304       0.3935243E+11    10099.61       0.1160310E-04   0.1064463E-33   0.3823540E-11    1.000000       0.4292685E-22   0.5819614E-10   0.2563489E-18   0.6858260E-15   0.4420088E-12   0.8801443E-11    0.000000    
   0.6253814E-05    944.7304       0.3935243E+11    10099.61       0.1162467E-04   0.1064650E-33   0.3828084E-11    1.000000       0.4288341E-22   0.5806792E-10   0.2557954E-18   0.6851256E-15   0.4574727E-12   0.9026960E-11    0.000000    
   0.6416471E-05    944.7304       0.3935243E+11    10099.61       0.1164085E-04   0.1064289E-33   0.3831651E-11    1.000000       0.4282898E-22   0.5793997E-10   0.2552430E-18   0.6842522E-15   0.4729138E-12   0.9251990E-11    0.000000    
   0.6579128E-05    944.7304       0.3935243E+11    10099.61       0.1165226E-04   0.1063446E-33   0.3834355E-11    1.000000       0.4276488E-22   0.5781228E-10   0.2546918E-18   0.6832267E-15   0.4883285E-12   0.9476535E-11    0.000000    
   0.6741786E-05    944.7304       0.3935243E+11    10099.61       0.1165943E-04   0.1062178E-33   0.3836293E-11    1.000000       0.4269230E-22   0.5768487E-10   0.2541418E-18   0.6820675E-15   0.5037136E-12   0.9700594E-11    0.000000    
   0.6904443E-05    944.7304       0.3935243E+11    10099.61       0.1166286E-04   0.1060535E-33   0.3837554E-11    1.000000       0.4261228E-22   0.5755773E-10   0.2535929E-18   0.6807910E-15   0.5190662E-12   0.9924170E-11    0.000000    
   0.7067101E-05    944.7304       0.3935243E+11    10099.61       0.1166296E-04   0.1058564E-33   0.3838215E-11    1.000000       0.4252572E-22   0.5743087E-10   0.2530452E-18   0.6794118E-15   0.5343838E-12   0.1014726E-10    0.000000    
   0.7229758E-05    944.7304       0.3935243E+11    10099.61       0.1166012E-04   0.1056303E-33   0.3838347E-11    1.000000       0.4243345E-22   0.5730428E-10   0.2524988E-18   0.6779425E-15   0.5496643E-12   0.1036987E-10    0.000000    
   0.7392416E-05    944.7304       0.3935243E+11    10099.61       0.1165469E-04   0.1053789E-33   0.3838009E-11    1.000000       0.4233618E-22   0.5717798E-10   0.2519535E-18   0.6763946E-15   0.5649057E-12   0.1059201E-10    0.000000    
   0.7555073E-05    944.7304       0.3935243E+11    10099.61       0.1164696E-04   0.1051054E-33   0.3837257E-11    1.000000       0.4223456E-22   0.5705195E-10   0.2514094E-18   0.6747781E-15   0.5801064E-12   0.1081366E-10    0.000000    
   0.7717731E-05    944.7304       0.3935243E+11    10099.61       0.1163720E-04   0.1048125E-33   0.3836139E-11    1.000000       0.4212914E-22   0.5692621E-10   0.2508666E-18   0.6731019E-15   0.5952649E-12   0.1103483E-10    0.000000    
   0.7880388E-05    944.7304       0.3935243E+11    10099.61       0.1162566E-04   0.1045027E-33   0.3834698E-11    1.000000       0.4202042E-22   0.5680075E-10   0.2503249E-18   0.6713737E-15   0.6103800E-12   0.1125553E-10    0.000000    
   0.8043046E-05    944.7304       0.3935243E+11    10099.61       0.1161255E-04   0.1041782E-33   0.3832970E-11    1.000000       0.4190884E-22   0.5667557E-10   0.2497845E-18   0.6696004E-15   0.6254505E-12   0.1147574E-10    0.000000    
   0.8205703E-05    944.7304       0.3935243E+11    10099.61       0.1159805E-04   0.1038411E-33   0.3830990E-11    1.000000       0.4179479E-22   0.5655067E-10   0.2492453E-18   0.6677882E-15   0.6404757E-12   0.1169549E-10    0.000000    
   0.8368360E-05    944.7304       0.3935243E+11    10099.61       0.1158233E-04   0.1034929E-33   0.3828788E-11    1.000000       0.4167860E-22   0.5642606E-10   0.2487073E-18   0.6659425E-15   0.6554545E-12   0.1191476E-10    0.000000    
   0.8531018E-05    944.7304       0.3935243E+11    10099.61       0.1156553E-04   0.1031351E-33   0.3826388E-11    1.000000       0.4156059E-22   0.5630173E-10   0.2481705E-18   0.6640680E-15   0.6703864E-12   0.1213355E-10    0.000000    
   0.8693675E-05    944.7304       0.3935243E+11    10099.61       0.1154780E-04   0.1027693E-33   0.3823815E-11    1.000000       0.4144101E-22   0.5617769E-10   0.2476349E-18   0.6621688E-15   0.6852708E-12   0.1235188E-10    0.000000    
   0.8856333E-05    944.7304       0.3935243E+11    10099.61       0.1152923E-04   0.1023964E-33   0.3821090E-11    1.000000       0.4132010E-22   0.5605393E-10   0.2471005E-18   0.6602488E-15   0.7001072E-12   0.1256973E-10    0.000000    
   0.9018990E-05    944.7304       0.3935243E+11    10099.61       0.1150994E-04   0.1020176E-33   0.3818229E-11    1.000000       0.4119808E-22   0.5593045E-10   0.2465674E-18   0.6583111E-15   0.7148950E-12   0.1278712E-10    0.000000    
   0.9181648E-05    944.7304       0.3935243E+11    10099.61       0.1149001E-04   0.1016337E-33   0.3815250E-11    1.000000       0.4107511E-22   0.5580725E-10   0.2460354E-18   0.6563586E-15   0.7296341E-12   0.1300403E-10    0.000000    
   0.9344305E-05    944.7304       0.3935243E+11    10099.61       0.1146953E-04   0.1012456E-33   0.3812166E-11    1.000000       0.4095136E-22   0.5568434E-10   0.2455047E-18   0.6543939E-15   0.7443240E-12   0.1322048E-10    0.000000    
   0.9506963E-05    944.7304       0.3935243E+11    10099.61       0.1144857E-04   0.1008540E-33   0.3808990E-11    1.000000       0.4082698E-22   0.5556171E-10   0.2449752E-18   0.6524192E-15   0.7589646E-12   0.1343646E-10    0.000000    
   0.9669620E-05    944.7304       0.3935243E+11    10099.61       0.1142718E-04   0.1004595E-33   0.3805733E-11    1.000000       0.4070209E-22   0.5543937E-10   0.2444469E-18   0.6504364E-15   0.7735556E-12   0.1365197E-10    0.000000    
   0.9832278E-05    944.7304       0.3935243E+11    10099.61       0.1140543E-04   0.1000627E-33   0.3802405E-11    1.000000       0.4057680E-22   0.5531730E-10   0.2439197E-18   0.6484474E-15   0.7880970E-12   0.1386702E-10    0.000000    
   0.9994935E-05    944.7304       0.3935243E+11    10099.61       0.1138335E-04   0.9966401E-34   0.3799014E-11    1.000000       0.4045120E-22   0.5519552E-10   0.2433938E-18   0.6464536E-15   0.8025885E-12   0.1408161E-10    0.000000    
   0.1015759E-04    944.7304       0.3935243E+11    10099.61       0.1136101E-04   0.9926393E-34   0.3795569E-11    1.000000       0.4032539E-22   0.5507402E-10   0.2428691E-18   0.6444564E-15   0.8170302E-12   0.1429573E-10    0.000000    
   0.1032025E-04    944.7304       0.3935243E+11    10099.61       0.1133842E-04   0.9886282E-34   0.3792076E-11    1.000000       0.4019943E-22   0.5495280E-10   0.2423456E-18   0.6424569E-15   0.8314220E-12   0.1450939E-10    0.000000    
   0.1048291E-04    944.7304       0.3935243E+11    10099.61       0.1131564E-04   0.9846100E-34   0.3788542E-11    1.000000       0.4007340E-22   0.5483186E-10   0.2418233E-18   0.6404563E-15   0.8457638E-12   0.1472260E-10    0.000000    
   0.1064556E-04    944.7304       0.3935243E+11    10099.61       0.1129268E-04   0.9805878E-34   0.3784970E-11    1.000000       0.3994735E-22   0.5471120E-10   0.2413022E-18   0.6384554E-15   0.8600557E-12   0.1493534E-10    0.000000    
   0.1080822E-04    944.7304       0.3935243E+11    10099.61       0.1126957E-04   0.9765640E-34   0.3781367E-11    1.000000       0.3982134E-22   0.5459081E-10   0.2407823E-18   0.6364551E-15   0.8742977E-12   0.1514762E-10    0.000000    
   0.1097088E-04    944.7304       0.3935243E+11    10099.61       0.1124635E-04   0.9725410E-34   0.3777737E-11    1.000000       0.3969541E-22   0.5447071E-10   0.2402636E-18   0.6344561E-15   0.8884897E-12   0.1535945E-10    0.000000    
   0.1113354E-04    944.7304       0.3935243E+11    10099.61       0.1122301E-04   0.9685207E-34   0.3774082E-11    1.000000       0.3956959E-22   0.5435089E-10   0.2397461E-18   0.6324590E-15   0.9026320E-12   0.1557082E-10    0.000000    
   0.1145885E-04    944.7304       0.3935243E+11    10099.61       0.1117611E-04   0.9604950E-34   0.3766714E-11    1.000000       0.3931846E-22   0.5411207E-10   0.2387145E-18   0.6284725E-15   0.9307672E-12   0.1599220E-10    0.000000    
   0.1175164E-04    944.7304       0.3935243E+11    10099.61       0.1113372E-04   0.9532966E-34   0.3760030E-11    1.000000       0.3909316E-22   0.5389807E-10   0.2377902E-18   0.6248961E-15   0.9559193E-12   0.1636989E-10    0.000000    
   0.1203144E-04    944.7304       0.3935243E+11    10099.61       0.1109310E-04   0.9464455E-34   0.3753607E-11    1.000000       0.3887861E-22   0.5369440E-10   0.2369104E-18   0.6214904E-15   0.9798065E-12   0.1672947E-10    0.000000    
   0.1231124E-04    944.7304       0.3935243E+11    10099.61       0.1105243E-04   0.9396265E-34   0.3747161E-11    1.000000       0.3866490E-22   0.5349154E-10   0.2360341E-18   0.6180979E-15   0.1003548E-11   0.1708771E-10    0.000000    
   0.1259104E-04    944.7304       0.3935243E+11    10099.61       0.1101176E-04   0.9328431E-34   0.3740696E-11    1.000000       0.3845211E-22   0.5328948E-10   0.2351612E-18   0.6147198E-15   0.1027145E-11   0.1744464E-10    0.000000    
   0.1287084E-04    944.7304       0.3935243E+11    10099.61       0.1097111E-04   0.9260982E-34   0.3734221E-11    1.000000       0.3824028E-22   0.5308823E-10   0.2342918E-18   0.6113570E-15   0.1050597E-11   0.1780024E-10    0.000000    
   0.1315064E-04    944.7304       0.3935243E+11    10099.61       0.1093051E-04   0.9193940E-34   0.3727739E-11    1.000000       0.3802946E-22   0.5288778E-10   0.2334258E-18   0.6080102E-15   0.1073905E-11   0.1815453E-10    0.000000    
   0.1343045E-04    944.7304       0.3935243E+11    10099.61       0.1088999E-04   0.9127320E-34   0.3721253E-11    1.000000       0.3781970E-22   0.5268813E-10   0.2325632E-18   0.6046799E-15   0.1097070E-11   0.1850751E-10    0.000000    
   0.1371025E-04    944.7304       0.3935243E+11    10099.61       0.1084955E-04   0.9061137E-34   0.3714769E-11    1.000000       0.3761101E-22   0.5248927E-10   0.2317040E-18   0.6013666E-15   0.1120094E-11   0.1885919E-10    0.000000    
   0.1399005E-04    944.7304       0.3935243E+11    10099.61       0.1080921E-04   0.8995400E-34   0.3708287E-11    1.000000       0.3740341E-22   0.5229120E-10   0.2308482E-18   0.5980706E-15   0.1142975E-11   0.1920957E-10    0.000000    
   0.1426985E-04    944.7304       0.3935243E+11    10099.61       0.1076899E-04   0.8930115E-34   0.3701809E-11    1.000000       0.3719692E-22   0.5209392E-10   0.2299958E-18   0.5947922E-15   0.1165716E-11   0.1955865E-10    0.000000    
   0.1454965E-04    944.7304       0.3935243E+11    10099.61       0.1072888E-04   0.8865289E-34   0.3695339E-11    1.000000       0.3699156E-22   0.5189743E-10   0.2291467E-18   0.5915314E-15   0.1188317E-11   0.1990645E-10    0.000000    
   0.1482946E-04    944.7304       0.3935243E+11    10099.61       0.1068891E-04   0.8800924E-34   0.3688876E-11    1.000000       0.3678732E-22   0.5170171E-10   0.2283009E-18   0.5882885E-15   0.1210779E-11   0.2025296E-10    0.000000    
   0.1510926E-04    944.7304       0.3935243E+11    10099.61       0.1064907E-04   0.8737022E-34   0.3682423E-11    1.000000       0.3658422E-22   0.5150678E-10   0.2274585E-18   0.5850635E-15   0.1233102E-11   0.2059819E-10    0.000000    
   0.1538906E-04    944.7304       0.3935243E+11    10099.61       0.1060936E-04   0.8673584E-34   0.3675979E-11    1.000000       0.3638225E-22   0.5131261E-10   0.2266194E-18   0.5818564E-15   0.1255287E-11   0.2094215E-10    0.000000    
   0.1566886E-04    944.7304       0.3935243E+11    10099.61       0.1056980E-04   0.8610611E-34   0.3669546E-11    1.000000       0.3618142E-22   0.5111922E-10   0.2257836E-18   0.5786673E-15   0.1277336E-11   0.2128485E-10    0.000000    
   0.1622846E-04    944.7304       0.3935243E+11    10099.61       0.1049111E-04   0.8486054E-34   0.3656714E-11    1.000000       0.3578317E-22   0.5073474E-10   0.2241218E-18   0.5723428E-15   0.1321026E-11   0.2196645E-10    0.000000    
   0.1673211E-04    944.7304       0.3935243E+11    10099.61       0.1042079E-04   0.8375530E-34   0.3645207E-11    1.000000       0.3542861E-22   0.5039131E-10   0.2226373E-18   0.5667119E-15   0.1359887E-11   0.2257560E-10    0.000000    
   0.1723575E-04    944.7304       0.3935243E+11    10099.61       0.1035096E-04   0.8266485E-34   0.3633740E-11    1.000000       0.3507769E-22   0.5005033E-10   0.2211633E-18   0.5611386E-15   0.1398316E-11   0.2318072E-10    0.000000    
   0.1773939E-04    944.7304       0.3935243E+11    10099.61       0.1028161E-04   0.8158907E-34   0.3622315E-11    1.000000       0.3473040E-22   0.4971177E-10   0.2196997E-18   0.5556224E-15   0.1436318E-11   0.2378183E-10    0.000000    
   0.1824304E-04    944.7304       0.3935243E+11    10099.61       0.1021275E-04   0.8052777E-34   0.3610932E-11    1.000000       0.3438669E-22   0.4937563E-10   0.2182464E-18   0.5501628E-15   0.1473897E-11   0.2437897E-10    0.000000    
   0.1874668E-04    944.7304       0.3935243E+11    10099.61       0.1014438E-04   0.7948079E-34   0.3599592E-11    1.000000       0.3404653E-22   0.4904188E-10   0.2168033E-18   0.5447594E-15   0.1511058E-11   0.2497216E-10    0.000000    
   0.1925032E-04    944.7304       0.3935243E+11    10099.61       0.1007649E-04   0.7844794E-34   0.3588295E-11    1.000000       0.3370989E-22   0.4871050E-10   0.2153704E-18   0.5394115E-15   0.1547805E-11   0.2556143E-10    0.000000    
   0.1975397E-04    944.7304       0.3935243E+11    10099.61       0.1000909E-04   0.7742904E-34   0.3577042E-11    1.000000       0.3337673E-22   0.4838148E-10   0.2139476E-18   0.5341186E-15   0.1584143E-11   0.2614680E-10    0.000000    
   0.2025761E-04    944.7304       0.3935243E+11    10099.61       0.9942164E-05   0.7642390E-34   0.3565831E-11    1.000000       0.3304702E-22   0.4805480E-10   0.2125348E-18   0.5288802E-15   0.1620075E-11   0.2672832E-10    0.000000    
   0.2076125E-04    944.7304       0.3935243E+11    10099.61       0.9875718E-05   0.7543233E-34   0.3554664E-11    1.000000       0.3272073E-22   0.4773043E-10   0.2111320E-18   0.5236957E-15   0.1655607E-11   0.2730599E-10    0.000000    
   0.2176854E-04    944.7304       0.3935243E+11    10099.61       0.9744245E-05   0.7348918E-34   0.3532459E-11    1.000000       0.3207822E-22   0.4708860E-10   0.2083557E-18   0.5134861E-15   0.1725482E-11   0.2844993E-10    0.000000    
   0.2277583E-04    944.7304       0.3935243E+11    10099.61       0.9614643E-05   0.7159810E-34   0.3510425E-11    1.000000       0.3144892E-22   0.4645583E-10   0.2056183E-18   0.5034853E-15   0.1793803E-11   0.2957884E-10    0.000000    
   0.2378311E-04    944.7304       0.3935243E+11    10099.61       0.9486883E-05   0.6975766E-34   0.3488561E-11    1.000000       0.3083256E-22   0.4583200E-10   0.2029192E-18   0.4936887E-15   0.1860600E-11   0.3069293E-10    0.000000    
   0.2479040E-04    944.7304       0.3935243E+11    10099.61       0.9360939E-05   0.6796646E-34   0.3466866E-11    1.000000       0.3022885E-22   0.4521697E-10   0.2002577E-18   0.4840922E-15   0.1925906E-11   0.3179240E-10    0.000000    
   0.2579769E-04    944.7304       0.3935243E+11    10099.61       0.9236783E-05   0.6622314E-34   0.3445338E-11    1.000000       0.2963752E-22   0.4461060E-10   0.1976334E-18   0.4746914E-15   0.1989752E-11   0.3287747E-10    0.000000    
   0.2680497E-04    944.7304       0.3935243E+11    10099.61       0.9114387E-05   0.6452636E-34   0.3423977E-11    1.000000       0.2905830E-22   0.4401277E-10   0.1950456E-18   0.4654820E-15   0.2052166E-11   0.3394832E-10    0.000000    
   0.2822380E-04    944.7304       0.3935243E+11    10099.61       0.8944919E-05   0.6221281E-34   0.3394167E-11    1.000000       0.2826249E-22   0.4318492E-10   0.1914616E-18   0.4528271E-15   0.2137710E-11   0.3543296E-10    0.000000    
   0.2964262E-04    944.7304       0.3935243E+11    10099.61       0.8778817E-05   0.5998558E-34   0.3364681E-11    1.000000       0.2748950E-22   0.4237340E-10   0.1879475E-18   0.4405330E-15   0.2220553E-11   0.3689034E-10    0.000000    
   0.3106145E-04    944.7304       0.3935243E+11    10099.61       0.8616010E-05   0.5784132E-34   0.3335514E-11    1.000000       0.2673864E-22   0.4157786E-10   0.1845020E-18   0.4285888E-15   0.2300774E-11   0.3832099E-10    0.000000    
   0.3248027E-04    944.7304       0.3935243E+11    10099.61       0.8456426E-05   0.5577683E-34   0.3306662E-11    1.000000       0.2600925E-22   0.4079797E-10   0.1811236E-18   0.4169843E-15   0.2378449E-11   0.3972544E-10    0.000000    
   0.3389909E-04    944.7304       0.3935243E+11    10099.61       0.8299998E-05   0.5378902E-34   0.3278123E-11    1.000000       0.2530068E-22   0.4003341E-10   0.1778108E-18   0.4057091E-15   0.2453649E-11   0.4110420E-10    0.000000    
   0.3531792E-04    944.7304       0.3935243E+11    10099.61       0.8146658E-05   0.5187495E-34   0.3249892E-11    1.000000       0.2461232E-22   0.3928384E-10   0.1745625E-18   0.3947536E-15   0.2526446E-11   0.4245776E-10    0.000000    
   0.3673674E-04    944.7304       0.3935243E+11    10099.61       0.7996341E-05   0.5003177E-34   0.3221966E-11    1.000000       0.2394356E-22   0.3854896E-10   0.1713771E-18   0.3841083E-15   0.2596910E-11   0.4378661E-10    0.000000    
   0.3815557E-04    944.7304       0.3935243E+11    10099.61       0.7848983E-05   0.4825677E-34   0.3194342E-11    1.000000       0.2329382E-22   0.3782846E-10   0.1682535E-18   0.3737639E-15   0.2665107E-11   0.4509123E-10    0.000000    
   0.4099322E-04    944.7304       0.3935243E+11    10099.61       0.7562894E-05   0.4490093E-34   0.3139983E-11    1.000000       0.2204915E-22   0.3642942E-10   0.1621864E-18   0.3539427E-15   0.2794957E-11   0.4762966E-10    0.000000    
   0.4341048E-04    944.7304       0.3935243E+11    10099.61       0.7327964E-05   0.4223435E-34   0.3094598E-11    1.000000       0.2104386E-22   0.3528033E-10   0.1572014E-18   0.3379286E-15   0.2898995E-11   0.4971979E-10    0.000000    
   0.4582775E-04    944.7304       0.3935243E+11    10099.61       0.7100804E-05   0.3973251E-34   0.3050041E-11    1.000000       0.2008649E-22   0.3416907E-10   0.1523788E-18   0.3226734E-15   0.2997291E-11   0.5174576E-10    0.000000    
   0.4824501E-04    944.7304       0.3935243E+11    10099.61       0.6881141E-05   0.3738489E-34   0.3006298E-11    1.000000       0.1917466E-22   0.3309430E-10   0.1477132E-18   0.3081396E-15   0.3090122E-11   0.5370965E-10    0.000000    
   0.5066227E-04    944.7304       0.3935243E+11    10099.61       0.6668709E-05   0.3518163E-34   0.2963354E-11    1.000000       0.1830611E-22   0.3205478E-10   0.1431990E-18   0.2942916E-15   0.3177749E-11   0.5561348E-10    0.000000    
   0.5307954E-04    944.7304       0.3935243E+11    10099.61       0.6463254E-05   0.3311354E-34   0.2921192E-11    1.000000       0.1747870E-22   0.3104926E-10   0.1388310E-18   0.2810955E-15   0.3260422E-11   0.5745920E-10    0.000000    
   0.5549680E-04    944.7304       0.3935243E+11    10099.61       0.6264532E-05   0.3117203E-34   0.2879798E-11    1.000000       0.1669040E-22   0.3007657E-10   0.1346043E-18   0.2685193E-15   0.3338379E-11   0.5924868E-10    0.000000    
   0.5650342E-04    944.7304       0.3935243E+11    10099.61       0.6183708E-05   0.3039893E-34   0.2862784E-11    1.000000       0.1637319E-22   0.2968093E-10   0.1328846E-18   0.2634578E-15   0.3369505E-11   0.5997772E-10    0.000000    
