  "Time"          "Temp"          "Pres"          "Dens"          "Th_MIX"        "X_OH*"         "X_H"           "X_H2"          "X_O"           "X_O2"          "X_OH"          "X_HO2"         "X_H2O2"        "X_H2O"         "X_AR"         
  "s"             "K"             "Pa"            "kg/m3"         "s"             "none"          "none"          "none"          "none"          "none"          "none"          "none"          "none"          "none"          "none"         
    0.000000        607.8791       0.1071047E+11    25448.88      -0.4737075E-01    0.000000        0.000000       0.6667010        0.000000       0.3332990        0.000000        0.000000        0.000000        0.000000        0.000000    
   0.5222797E-18    607.8791       0.1071047E+11    25448.88      -0.4737074E-01   0.8574344E-57   0.8342501E-25   0.6667010       0.7229112E-35   0.3332990       0.1170963E-19   0.8168557E-25   0.1078175E-38   0.1743407E-26    0.000000    
   0.1566839E-17    607.8791       0.1071047E+11    25448.88      -0.4737072E-01   0.4654384E-56   0.2545041E-24   0.6667010       0.3967489E-34   0.3332990       0.3512888E-19   0.2450616E-24   0.5853036E-38   0.9464208E-26    0.000000    
   0.3655958E-17    607.8791       0.1071047E+11    25448.88      -0.4737067E-01   0.2271239E-55   0.6179197E-24   0.6667010       0.1982557E-33   0.3332990       0.8196737E-19   0.5718395E-24   0.2856600E-37   0.4618895E-25    0.000000    
   0.7834196E-17    607.8791       0.1071047E+11    25448.88      -0.4737058E-01   0.9864658E-55   0.1425686E-23   0.6667010       0.9212243E-33   0.3332990       0.1756443E-18   0.1225507E-23   0.1241290E-36   0.2006854E-24    0.000000    
   0.1619067E-16    607.8791       0.1071047E+11    25448.88      -0.4737039E-01   0.4146588E-54   0.3375147E-23   0.6667010       0.4342525E-32   0.3332990       0.3629977E-18   0.2533382E-23   0.5222452E-36   0.8441474E-24    0.000000    
   0.3290362E-16    607.8791       0.1071047E+11    25448.88      -0.4737002E-01   0.1701062E-53   0.8607722E-23   0.6667010       0.2165785E-31   0.3332990       0.7377032E-18   0.5152007E-23   0.2146492E-35   0.3467597E-23    0.000000    
   0.6632953E-16    607.8791       0.1071047E+11    25448.88      -0.4736927E-01   0.6883861E-53   0.2441063E-22   0.6667010       0.1187987E-30   0.3332990       0.1487109E-17   0.1040640E-22   0.8722834E-35   0.1406941E-22    0.000000    
   0.1331813E-15    607.8791       0.1071047E+11    25448.88      -0.4736777E-01   0.2761039E-52   0.7732288E-22   0.6667010       0.7275388E-30   0.3332990       0.2985899E-17   0.2102889E-22   0.3532172E-34   0.5669314E-22    0.000000    
   0.2668849E-15    607.8791       0.1071047E+11    25448.88      -0.4736471E-01   0.1106169E-51   0.2680194E-21   0.6667010       0.4912884E-29   0.3332990       0.5983393E-17   0.4308800E-22   0.1442077E-33   0.2276268E-21    0.000000    
   0.5342922E-15    607.8791       0.1071047E+11    25448.88      -0.4735845E-01   0.4833123E-51   0.9860340E-21   0.6667010       0.3554881E-28   0.3332990       0.1197804E-16   0.9331398E-22   0.6129963E-33   0.9122234E-21    0.000000    
   0.1069107E-14    607.8791       0.1071047E+11    25448.88      -0.4734530E-01   0.4592390E-50   0.3745974E-20   0.6667010       0.2676722E-27   0.3332990       0.2396596E-16   0.2406337E-21   0.2986548E-32   0.3652196E-20    0.000000    
   0.2138736E-14    607.8791       0.1071047E+11    25448.88      -0.4731658E-01   0.1675065E-48   0.1438662E-19   0.6667010       0.2048576E-26   0.3332990       0.4793632E-16   0.8964588E-21   0.2012066E-31   0.1461410E-19    0.000000    
   0.4277993E-14    607.8791       0.1071047E+11    25448.88      -0.4725012E-01   0.8344139E-47   0.5483879E-19   0.6667010       0.1562656E-25   0.3332990       0.9585513E-16   0.4955776E-20   0.2049333E-30   0.5845644E-19    0.000000    
   0.6417251E-14    607.8791       0.1071047E+11    25448.88      -0.4717238E-01   0.6358628E-46   0.1192464E-18   0.6667010       0.4836829E-25   0.3332990       0.1437447E-15   0.1427220E-19   0.7815647E-30   0.1315114E-18    0.000000    
   0.1069577E-13    607.8791       0.1071047E+11    25448.88      -0.4698810E-01   0.1065309E-44   0.3091962E-18   0.6667010       0.2101278E-24   0.3332990       0.2394364E-15   0.5931663E-19   0.5314658E-29   0.3651675E-18    0.000000    
   0.1454643E-13    607.8791       0.1071047E+11    25448.88      -0.4679286E-01   0.4792239E-44   0.5425961E-18   0.6667010       0.4916234E-24   0.3332990       0.3254591E-15   0.1371422E-18   0.1563483E-28   0.6751888E-18    0.000000    
   0.1839709E-13    607.8791       0.1071047E+11    25448.88      -0.4657437E-01   0.1522469E-43   0.8254302E-18   0.6667010       0.9369343E-24   0.3332990       0.4113875E-15   0.2599094E-18   0.3592970E-28   0.1079586E-17    0.000000    
   0.2224776E-13    607.8791       0.1071047E+11    25448.88      -0.4633641E-01   0.3864400E-43   0.1149670E-17   0.6667010       0.1574945E-23   0.3332990       0.4972215E-15   0.4355436E-18   0.7094716E-28   0.1578256E-17    0.000000    
   0.2609842E-13    607.8791       0.1071047E+11    25448.88      -0.4608221E-01   0.8387331E-43   0.1508526E-17   0.6667010       0.2430018E-23   0.3332990       0.5829615E-15   0.6707302E-18   0.1261339E-27   0.2171095E-17    0.000000    
   0.3379975E-13    607.8791       0.1071047E+11    25448.88      -0.4553409E-01   0.2867522E-42   0.2310876E-17   0.6667010       0.4859975E-23   0.3332990       0.7541592E-15   0.1338595E-17   0.3200051E-27   0.3638904E-17    0.000000    
   0.4073095E-13    607.8791       0.1071047E+11    25448.88      -0.4500788E-01   0.6786261E-42   0.3103360E-17   0.6667010       0.7960564E-23   0.3332990       0.9079161E-15   0.2190353E-17   0.6269531E-27   0.5280980E-17    0.000000    
   0.4851243E-13    607.8791       0.1071047E+11    25448.88      -0.4439174E-01   0.1490892E-41   0.4047531E-17   0.6667010       0.1256088E-22   0.3332990       0.1080174E-14   0.3453748E-17   0.1177806E-26   0.7486117E-17    0.000000    
   0.5629392E-13    607.8791       0.1071047E+11    25448.88      -0.4375739E-01   0.2857469E-41   0.5031062E-17   0.6667010       0.1840870E-22   0.3332990       0.1252049E-14   0.5059472E-17   0.2010296E-26   0.1007294E-16    0.000000    
   0.6407540E-13    607.8791       0.1071047E+11    25448.88      -0.4311080E-01   0.4956277E-41   0.6041323E-17   0.6667010       0.2554686E-22   0.3332990       0.1423544E-14   0.7019309E-17   0.3193021E-26   0.1304061E-16    0.000000    
   0.7185689E-13    607.8791       0.1071047E+11    25448.88      -0.4245597E-01   0.7971417E-41   0.7069800E-17   0.6667010       0.3400323E-22   0.3332990       0.1594659E-14   0.9340928E-17   0.4796493E-26   0.1638829E-16    0.000000    
   0.7963837E-13    607.8791       0.1071047E+11    25448.88      -0.4179573E-01   0.1208959E-40   0.8110544E-17   0.6667010       0.4379631E-22   0.3332990       0.1765395E-14   0.1202944E-16   0.6892471E-26   0.2011511E-16    0.000000    
   0.8741985E-13    607.8791       0.1071047E+11    25448.88      -0.4113216E-01   0.1749801E-40   0.9159136E-17   0.6667010       0.5493903E-22   0.3332990       0.1935753E-14   0.1508842E-16   0.9553444E-26   0.2422026E-16    0.000000    
   0.9520134E-13    607.8791       0.1071047E+11    25448.88      -0.4046663E-01   0.2438357E-40   0.1021265E-16   0.6667010       0.6743891E-22   0.3332990       0.2105733E-14   0.1851995E-16   0.1285257E-25   0.2870289E-16    0.000000    
   0.1107643E-12    607.8791       0.1071047E+11    25448.88      -0.3913365E-01   0.4332617E-40   0.1232613E-16   0.6667010       0.9652776E-22   0.3332990       0.2444564E-14   0.2650567E-16   0.2165896E-25   0.3879725E-16    0.000000    
   0.1263273E-12    607.8791       0.1071047E+11    25448.88      -0.3780089E-01   0.7038685E-40   0.1444228E-16   0.6667010       0.1310694E-21   0.3332990       0.2781895E-14   0.3598862E-16   0.3390147E-25   0.5039151E-16    0.000000    
   0.1418902E-12    607.8791       0.1071047E+11    25448.88      -0.3647139E-01   0.1070107E-39   0.1655464E-16   0.6667010       0.1710622E-21   0.3332990       0.3117733E-14   0.4696862E-16   0.5016899E-25   0.6347905E-16    0.000000    
   0.1648621E-12    607.8791       0.1071047E+11    25448.88      -0.3451765E-01   0.1815384E-39   0.1965993E-16   0.6667010       0.2400236E-21   0.3332990       0.3610734E-14   0.6590324E-16   0.8278022E-25   0.8551184E-16    0.000000    
   0.1878339E-12    607.8791       0.1071047E+11    25448.88      -0.3257620E-01   0.2844430E-39   0.2274595E-16   0.6667010       0.3207675E-21   0.3332990       0.4100517E-14   0.8807504E-16   0.1273253E-24   0.1107626E-15    0.000000    
   0.2108058E-12    607.8791       0.1071047E+11    25448.88      -0.3064738E-01   0.4200804E-39   0.2581188E-16   0.6667010       0.4132175E-21   0.3332990       0.4587103E-14   0.1134638E-15   0.1856782E-24   0.1392102E-15    0.000000    
   0.2337776E-12    607.8791       0.1071047E+11    25448.88      -0.2873104E-01   0.5927150E-39   0.2885805E-16   0.6667010       0.5172934E-21   0.3332990       0.5070513E-14   0.1420484E-15   0.2597011E-24   0.1708339E-15    0.000000    
   0.2797213E-12    607.8791       0.1071047E+11    25448.88      -0.2493540E-01   0.1065531E-38   0.3489170E-16   0.6667010       0.7600087E-21   0.3332990       0.6027888E-14   0.2087218E-15   0.4621244E-24   0.2435268E-15    0.000000    
   0.3256649E-12    607.8791       0.1071047E+11    25448.88      -0.2118887E-01   0.1735126E-38   0.4084746E-16   0.6667010       0.1048290E-20   0.3332990       0.6972806E-14   0.2879303E-15   0.7492523E-24   0.3286770E-15    0.000000    
   0.3716086E-12    607.8791       0.1071047E+11    25448.88      -0.1749105E-01   0.2632177E-38   0.4672579E-16   0.6667010       0.1381522E-20   0.3332990       0.7905429E-14   0.3795114E-15   0.1135558E-23   0.4261223E-15    0.000000    
   0.4175523E-12    607.8791       0.1071047E+11    25448.88      -0.1384138E-01   0.3785905E-38   0.5252756E-16   0.6667010       0.1759096E-20   0.3332990       0.8825916E-14   0.4833040E-15   0.1635320E-23   0.5357027E-15    0.000000    
   0.4634960E-12    607.8791       0.1071047E+11    25448.88      -0.1023922E-01   0.5224158E-38   0.5825379E-16   0.6667010       0.2180412E-20   0.3332990       0.9734427E-14   0.5991492E-15   0.2262624E-23   0.6572602E-15    0.000000    
   0.5553833E-12    607.8791       0.1071047E+11    25448.88      -0.3174923E-02   0.9058997E-38   0.6948365E-16   0.6667010       0.3151902E-20   0.3332990       0.1151614E-13   0.8663720E-15   0.3955336E-23   0.9356851E-15    0.000000    
   0.6472707E-12    607.8791       0.1071047E+11    25448.88       0.3706800E-02   0.1433336E-37   0.8042332E-16   0.6667010       0.4291340E-20   0.3332990       0.1325179E-13   0.1179949E-14   0.6322758E-23   0.1260174E-14    0.000000    
   0.7391580E-12    607.8791       0.1071047E+11    25448.88       0.1041061E-01   0.2122448E-37   0.9108017E-16   0.6667010       0.5594197E-20   0.3332990       0.1494256E-13   0.1538683E-14   0.9471119E-23   0.1629538E-14    0.000000    
   0.8310454E-12    607.8791       0.1071047E+11    25448.88       0.1694107E-01   0.2989139E-37   0.1014614E-15   0.6667010       0.7056059E-20   0.3332990       0.1658962E-13   0.1941406E-14   0.1350392E-22   0.2042615E-14    0.000000    
   0.9229327E-12    607.8791       0.1071047E+11    25448.88       0.2330268E-01   0.4047623E-37   0.1115743E-15   0.6667010       0.8672628E-20   0.3332990       0.1819409E-13   0.2386981E-14   0.1852198E-22   0.2498275E-14    0.000000    
   0.1014820E-11    607.8791       0.1071047E+11    25448.88       0.2949983E-01   0.5310537E-37   0.1214257E-15   0.6667010       0.1043971E-19   0.3332990       0.1975709E-13   0.2874300E-14   0.2462354E-22   0.2995418E-14    0.000000    
   0.1198595E-11    607.8791       0.1071047E+11    25448.88       0.4141763E-01   0.8492956E-37   0.1403711E-15   0.6667010       0.1440923E-19   0.3332990       0.2276289E-13   0.3969880E-14   0.4045742E-22   0.4109890E-14    0.000000    
   0.1382369E-11    607.8791       0.1071047E+11    25448.88       0.5272710E-01   0.1260990E-36   0.1583494E-15   0.6667010       0.1893321E-19   0.3332990       0.2561528E-13   0.5219843E-14   0.6174171E-22   0.5377779E-14    0.000000    
   0.1566144E-11    607.8791       0.1071047E+11    25448.88       0.6345933E-01   0.1771597E-36   0.1754100E-15   0.6667010       0.2398189E-19   0.3332990       0.2832208E-13   0.6616310E-14   0.8917499E-22   0.6791254E-14    0.000000    
   0.1749919E-11    607.8791       0.1071047E+11    25448.88       0.7364381E-01   0.2384949E-36   0.1916000E-15   0.6667010       0.2952701E-19   0.3332990       0.3089072E-13   0.8151802E-14   0.1234202E-21   0.8342884E-14    0.000000    
   0.1933694E-11    607.8791       0.1071047E+11    25448.88       0.8330847E-01   0.3103482E-36   0.2069636E-15   0.6667010       0.3554175E-19   0.3332990       0.3332827E-13   0.9819225E-14   0.1651064E-21   0.1002562E-13    0.000000    
   0.2117468E-11    607.8791       0.1071047E+11    25448.88       0.9247985E-01   0.3928445E-36   0.2215430E-15   0.6667010       0.4200066E-19   0.3332990       0.3564140E-13   0.1161184E-13   0.2148307E-21   0.1183277E-13    0.000000    
   0.2301243E-11    607.8791       0.1071047E+11    25448.88       0.1011831       0.4860079E-36   0.2353783E-15   0.6667010       0.4887962E-19   0.3332990       0.3783646E-13   0.1352327E-13   0.2731594E-21   0.1375798E-13    0.000000    
   0.2485018E-11    607.8791       0.1071047E+11    25448.88       0.1094422       0.5897777E-36   0.2485075E-15   0.6667010       0.5615572E-19   0.3332990       0.3991950E-13   0.1554743E-13   0.3406302E-21   0.1579522E-13    0.000000    
   0.2668792E-11    607.8791       0.1071047E+11    25448.88       0.1172797       0.7040219E-36   0.2609666E-15   0.6667010       0.6380722E-19   0.3332990       0.4189621E-13   0.1767859E-13   0.4177533E-21   0.1793879E-13    0.000000    
   0.2852567E-11    607.8791       0.1071047E+11    25448.88       0.1247172       0.8285503E-36   0.2727897E-15   0.6667010       0.7181350E-19   0.3332990       0.4377203E-13   0.1991127E-13   0.5050126E-21   0.2018324E-13    0.000000    
   0.3036342E-11    607.8791       0.1071047E+11    25448.88       0.1317751       0.9631241E-36   0.2840094E-15   0.6667010       0.8015500E-19   0.3332990       0.4555211E-13   0.2224030E-13   0.6028677E-21   0.2252344E-13    0.000000    
   0.3220116E-11    607.8791       0.1071047E+11    25448.88       0.1384727       0.1107466E-35   0.2946564E-15   0.6667010       0.8881315E-19   0.3332990       0.4724134E-13   0.2466076E-13   0.7117544E-21   0.2495449E-13    0.000000    
   0.3403891E-11    607.8791       0.1071047E+11    25448.88       0.1448285       0.1261268E-35   0.3047600E-15   0.6667010       0.9777034E-19   0.3332990       0.4884435E-13   0.2716797E-13   0.8320864E-21   0.2747177E-13    0.000000    
   0.3587666E-11    607.8791       0.1071047E+11    25448.88       0.1508599       0.1424198E-35   0.3143480E-15   0.6667010       0.1070099E-18   0.3332990       0.5036554E-13   0.2975752E-13   0.9642564E-21   0.3007086E-13    0.000000    
   0.3771441E-11    607.8791       0.1071047E+11    25448.88       0.1565835       0.1595908E-35   0.3234465E-15   0.6667010       0.1165159E-18   0.3332990       0.5180909E-13   0.3242520E-13   0.1108637E-20   0.3274759E-13    0.000000    
   0.3955215E-11    607.8791       0.1071047E+11    25448.88       0.1620149       0.1776034E-35   0.3320807E-15   0.6667010       0.1262733E-18   0.3332990       0.5317896E-13   0.3516703E-13   0.1265581E-20   0.3549800E-13    0.000000    
   0.4138990E-11    607.8791       0.1071047E+11    25448.88       0.1671691       0.1964209E-35   0.3402742E-15   0.6667010       0.1362678E-18   0.3332990       0.5447891E-13   0.3797921E-13   0.1435425E-20   0.3831833E-13    0.000000    
   0.4322765E-11    607.8791       0.1071047E+11    25448.88       0.1720602       0.2160057E-35   0.3480495E-15   0.6667010       0.1464860E-18   0.3332990       0.5571251E-13   0.4085816E-13   0.1618486E-20   0.4120501E-13    0.000000    
   0.4506539E-11    607.8791       0.1071047E+11    25448.88       0.1767017       0.2363204E-35   0.3554279E-15   0.6667010       0.1569150E-18   0.3332990       0.5688315E-13   0.4380047E-13   0.1815068E-20   0.4415465E-13    0.000000    
   0.4690314E-11    607.8791       0.1071047E+11    25448.88       0.1811063       0.2573278E-35   0.3624297E-15   0.6667010       0.1675425E-18   0.3332990       0.5799404E-13   0.4680291E-13   0.2025456E-20   0.4716404E-13    0.000000    
   0.4874089E-11    607.8791       0.1071047E+11    25448.88       0.1852861       0.2789909E-35   0.3690742E-15   0.6667010       0.1783571E-18   0.3332990       0.5904823E-13   0.4986240E-13   0.2249922E-20   0.5023013E-13    0.000000    
   0.5241638E-11    607.8791       0.1071047E+11    25448.88       0.1930165       0.3241404E-35   0.3813631E-15   0.6667010       0.2005038E-18   0.3332990       0.6099794E-13   0.5614106E-13   0.2742110E-20   0.5652099E-13    0.000000    
   0.5572433E-11    607.8791       0.1071047E+11    25448.88       0.1993142       0.3666624E-35   0.3913743E-15   0.6667010       0.2209712E-18   0.3332990       0.6258629E-13   0.6195930E-13   0.3235684E-20   0.6234915E-13    0.000000    
   0.5903227E-11    607.8791       0.1071047E+11    25448.88       0.2050452       0.4107719E-35   0.4004846E-15   0.6667010       0.2418900E-18   0.3332990       0.6403170E-13   0.6792136E-13   0.3778509E-20   0.6832024E-13    0.000000    
   0.6234022E-11    607.8791       0.1071047E+11    25448.88       0.2102604       0.4562869E-35   0.4087750E-15   0.6667010       0.2632116E-18   0.3332990       0.6534704E-13   0.7401433E-13   0.4371733E-20   0.7442141E-13    0.000000    
   0.6564816E-11    607.8791       0.1071047E+11    25448.88       0.2150063       0.5030380E-35   0.4163195E-15   0.6667010       0.2848916E-18   0.3332990       0.6654401E-13   0.8022640E-13   0.5016401E-20   0.8064095E-13    0.000000    
   0.6895610E-11    607.8791       0.1071047E+11    25448.88       0.2193251       0.5508687E-35   0.4231850E-15   0.6667010       0.3068898E-18   0.3332990       0.6763327E-13   0.8654687E-13   0.5713462E-20   0.8696820E-13    0.000000    
   0.7226405E-11    607.8791       0.1071047E+11    25448.88       0.2232553       0.5996349E-35   0.4294326E-15   0.6667010       0.3291695E-18   0.3332990       0.6862451E-13   0.9296598E-13   0.6463782E-20   0.9339348E-13    0.000000    
   0.7557199E-11    607.8791       0.1071047E+11    25448.88       0.2268318       0.6492050E-35   0.4351181E-15   0.6667010       0.3516976E-18   0.3332990       0.6952654E-13   0.9947485E-13   0.7268147E-20   0.9990796E-13    0.000000    
   0.7887994E-11    607.8791       0.1071047E+11    25448.88       0.2300864       0.6994592E-35   0.4402919E-15   0.6667010       0.3744436E-18   0.3332990       0.7034740E-13   0.1060654E-12   0.8127273E-20   0.1065036E-12    0.000000    
   0.8218788E-11    607.8791       0.1071047E+11    25448.88       0.2330482       0.7502893E-35   0.4450002E-15   0.6667010       0.3973802E-18   0.3332990       0.7109440E-13   0.1127303E-12   0.9041813E-20   0.1131731E-12    0.000000    
   0.8549583E-11    607.8791       0.1071047E+11    25448.88       0.2357435       0.8015974E-35   0.4492847E-15   0.6667010       0.4204822E-18   0.3332990       0.7177417E-13   0.1194628E-12   0.1001236E-19   0.1199099E-12    0.000000    
   0.8880377E-11    607.8791       0.1071047E+11    25448.88       0.2381962       0.8532960E-35   0.4531837E-15   0.6667010       0.4437270E-18   0.3332990       0.7239277E-13   0.1262569E-12   0.1103945E-19   0.1267078E-12    0.000000    
   0.9211172E-11    607.8791       0.1071047E+11    25448.88       0.2404281       0.9053065E-35   0.4567318E-15   0.6667010       0.4670940E-18   0.3332990       0.7295570E-13   0.1331070E-12   0.1212358E-19   0.1335614E-12    0.000000    
   0.9541966E-11    607.8791       0.1071047E+11    25448.88       0.2424593       0.9575590E-35   0.4599606E-15   0.6667010       0.4905642E-18   0.3332990       0.7346797E-13   0.1400081E-12   0.1326519E-19   0.1404656E-12    0.000000    
   0.9872760E-11    607.8791       0.1071047E+11    25448.88       0.2443076       0.1009991E-34   0.4628989E-15   0.6667010       0.5141207E-18   0.3332990       0.7393414E-13   0.1469556E-12   0.1446469E-19   0.1474159E-12    0.000000    
   0.1020355E-10    607.8791       0.1071047E+11    25448.88       0.2459896       0.1062549E-34   0.4655727E-15   0.6667010       0.5377479E-18   0.3332990       0.7435837E-13   0.1539453E-12   0.1572245E-19   0.1544082E-12    0.000000    
   0.1053435E-10    607.8791       0.1071047E+11    25448.88       0.2475203       0.1115182E-34   0.4680060E-15   0.6667010       0.5614319E-18   0.3332990       0.7474442E-13   0.1609734E-12   0.1703881E-19   0.1614387E-12    0.000000    
   0.1086514E-10    607.8791       0.1071047E+11    25448.88       0.2489132       0.1167849E-34   0.4702202E-15   0.6667010       0.5851598E-18   0.3332990       0.7509572E-13   0.1680365E-12   0.1841407E-19   0.1685039E-12    0.000000    
   0.1119594E-10    607.8791       0.1071047E+11    25448.88       0.2501807       0.1220513E-34   0.4722352E-15   0.6667010       0.6089200E-18   0.3332990       0.7541542E-13   0.1751314E-12   0.1984852E-19   0.1756007E-12    0.000000    
   0.1152673E-10    607.8791       0.1071047E+11    25448.88       0.2513342       0.1273140E-34   0.4740689E-15   0.6667010       0.6327020E-18   0.3332990       0.7570634E-13   0.1822552E-12   0.2134240E-19   0.1827263E-12    0.000000    
   0.1185753E-10    607.8791       0.1071047E+11    25448.88       0.2523839       0.1325703E-34   0.4757376E-15   0.6667010       0.6564962E-18   0.3332990       0.7597109E-13   0.1894054E-12   0.2289594E-19   0.1898781E-12    0.000000    
   0.1218832E-10    607.8791       0.1071047E+11    25448.88       0.2533392       0.1378176E-34   0.4772561E-15   0.6667010       0.6802940E-18   0.3332990       0.7621201E-13   0.1965796E-12   0.2450937E-19   0.1970537E-12    0.000000    
   0.1251912E-10    607.8791       0.1071047E+11    25448.88       0.2542084       0.1430540E-34   0.4786380E-15   0.6667010       0.7040875E-18   0.3332990       0.7643125E-13   0.2037755E-12   0.2618286E-19   0.2042510E-12    0.000000    
   0.1284991E-10    607.8791       0.1071047E+11    25448.88       0.2549995       0.1482775E-34   0.4798955E-15   0.6667010       0.7278695E-18   0.3332990       0.7663076E-13   0.2109914E-12   0.2791660E-19   0.2114680E-12    0.000000    
   0.1318071E-10    607.8791       0.1071047E+11    25448.88       0.2557194       0.1534867E-34   0.4810398E-15   0.6667010       0.7516337E-18   0.3332990       0.7681231E-13   0.2182253E-12   0.2971074E-19   0.2187029E-12    0.000000    
   0.1351150E-10    607.8791       0.1071047E+11    25448.88       0.2563744       0.1586802E-34   0.4820812E-15   0.6667010       0.7753741E-18   0.3332990       0.7697753E-13   0.2254756E-12   0.3156542E-19   0.2259542E-12    0.000000    
   0.1384229E-10    607.8791       0.1071047E+11    25448.88       0.2569706       0.1638570E-34   0.4830288E-15   0.6667010       0.7990854E-18   0.3332990       0.7712788E-13   0.2327409E-12   0.3348079E-19   0.2332204E-12    0.000000    
   0.1417309E-10    607.8791       0.1071047E+11    25448.88       0.2575131       0.1690161E-34   0.4838912E-15   0.6667010       0.8227629E-18   0.3332990       0.7726470E-13   0.2400198E-12   0.3545694E-19   0.2405001E-12    0.000000    
   0.1450388E-10    607.8791       0.1071047E+11    25448.88       0.2580067       0.1741568E-34   0.4846760E-15   0.6667010       0.8464023E-18   0.3332990       0.7738921E-13   0.2473111E-12   0.3749400E-19   0.2477921E-12    0.000000    
   0.1483468E-10    607.8791       0.1071047E+11    25448.88       0.2584560       0.1792785E-34   0.4853901E-15   0.6667010       0.8699995E-18   0.3332990       0.7750252E-13   0.2546137E-12   0.3959207E-19   0.2550953E-12    0.000000    
   0.1516547E-10    607.8791       0.1071047E+11    25448.88       0.2588648       0.1843807E-34   0.4860400E-15   0.6667010       0.8935510E-18   0.3332990       0.7760563E-13   0.2619265E-12   0.4175123E-19   0.2624087E-12    0.000000    
   0.1549627E-10    607.8791       0.1071047E+11    25448.88       0.2592368       0.1894630E-34   0.4866314E-15   0.6667010       0.9170537E-18   0.3332990       0.7769945E-13   0.2692487E-12   0.4397156E-19   0.2697314E-12    0.000000    
   0.1582706E-10    607.8791       0.1071047E+11    25448.88       0.2595754       0.1945252E-34   0.4871696E-15   0.6667010       0.9405047E-18   0.3332990       0.7778484E-13   0.2765794E-12   0.4625314E-19   0.2770625E-12    0.000000    
   0.1615786E-10    607.8791       0.1071047E+11    25448.88       0.2598835       0.1995670E-34   0.4876594E-15   0.6667010       0.9639014E-18   0.3332990       0.7786254E-13   0.2839178E-12   0.4859604E-19   0.2844013E-12    0.000000    
   0.1648865E-10    607.8791       0.1071047E+11    25448.88       0.2601638       0.2045883E-34   0.4881051E-15   0.6667010       0.9872413E-18   0.3332990       0.7793325E-13   0.2912632E-12   0.5100032E-19   0.2917471E-12    0.000000    
   0.1715024E-10    607.8791       0.1071047E+11    25448.88       0.2606511       0.2145692E-34   0.4888797E-15   0.6667010       0.1033743E-17   0.3332990       0.7805615E-13   0.3059727E-12   0.5599324E-19   0.3064573E-12    0.000000    
   0.1774567E-10    607.8791       0.1071047E+11    25448.88       0.2610177       0.2234817E-34   0.4894624E-15   0.6667010       0.1075382E-17   0.3332990       0.7814859E-13   0.3192296E-12   0.6069730E-19   0.3197146E-12    0.000000    
   0.1830510E-10    607.8791       0.1071047E+11    25448.88       0.2613097       0.2317947E-34   0.4899267E-15   0.6667010       0.1114311E-17   0.3332990       0.7822225E-13   0.3316982E-12   0.6529880E-19   0.3321835E-12    0.000000    
   0.1886453E-10    607.8791       0.1071047E+11    25448.88       0.2615587       0.2400498E-34   0.4903225E-15   0.6667010       0.1153049E-17   0.3332990       0.7828506E-13   0.3441777E-12   0.7007667E-19   0.3446633E-12    0.000000    
   0.1942396E-10    607.8791       0.1071047E+11    25448.88       0.2617710       0.2482474E-34   0.4906600E-15   0.6667010       0.1191591E-17   0.3332990       0.7833860E-13   0.3566665E-12   0.7503104E-19   0.3571523E-12    0.000000    
   0.1998338E-10    607.8791       0.1071047E+11    25448.88       0.2619521       0.2563884E-34   0.4909478E-15   0.6667010       0.1229933E-17   0.3332990       0.7838425E-13   0.3691633E-12   0.8016204E-19   0.3696492E-12    0.000000    
   0.2054281E-10    607.8791       0.1071047E+11    25448.88       0.2621064       0.2644734E-34   0.4911931E-15   0.6667010       0.1268071E-17   0.3332990       0.7842318E-13   0.3816668E-12   0.8546977E-19   0.3821529E-12    0.000000    
   0.2110224E-10    607.8791       0.1071047E+11    25448.88       0.2622380       0.2725035E-34   0.4914023E-15   0.6667010       0.1306004E-17   0.3332990       0.7845636E-13   0.3941762E-12   0.9095433E-19   0.3946623E-12    0.000000    
   0.2166167E-10    607.8791       0.1071047E+11    25448.88       0.2623502       0.2804794E-34   0.4915807E-15   0.6667010       0.1343730E-17   0.3332990       0.7848466E-13   0.4066904E-12   0.9661578E-19   0.4071765E-12    0.000000    
   0.2222110E-10    607.8791       0.1071047E+11    25448.88       0.2624458       0.2884019E-34   0.4917327E-15   0.6667010       0.1381246E-17   0.3332990       0.7850878E-13   0.4192088E-12   0.1024542E-18   0.4196950E-12    0.000000    
   0.2278053E-10    607.8791       0.1071047E+11    25448.88       0.2625274       0.2962720E-34   0.4918624E-15   0.6667010       0.1418553E-17   0.3332990       0.7852935E-13   0.4317309E-12   0.1084696E-18   0.4322170E-12    0.000000    
   0.2333996E-10    607.8791       0.1071047E+11    25448.88       0.2625969       0.3040903E-34   0.4919729E-15   0.6667010       0.1455649E-17   0.3332990       0.7854689E-13   0.4442559E-12   0.1146621E-18   0.4447421E-12    0.000000    
   0.2389939E-10    607.8791       0.1071047E+11    25448.88       0.2626562       0.3118577E-34   0.4920672E-15   0.6667010       0.1492535E-17   0.3332990       0.7856184E-13   0.4567836E-12   0.1210317E-18   0.4572697E-12    0.000000    
   0.2445882E-10    607.8791       0.1071047E+11    25448.88       0.2627067       0.3195749E-34   0.4921476E-15   0.6667010       0.1529209E-17   0.3332990       0.7857458E-13   0.4693135E-12   0.1275785E-18   0.4697995E-12    0.000000    
   0.2501824E-10    607.8791       0.1071047E+11    25448.88       0.2627498       0.3272427E-34   0.4922161E-15   0.6667010       0.1565672E-17   0.3332990       0.7858545E-13   0.4818453E-12   0.1343024E-18   0.4823312E-12    0.000000    
   0.2557767E-10    607.8791       0.1071047E+11    25448.88       0.2627866       0.3348616E-34   0.4922745E-15   0.6667010       0.1601925E-17   0.3332990       0.7859472E-13   0.4943787E-12   0.1412035E-18   0.4948645E-12    0.000000    
   0.2613710E-10    607.8791       0.1071047E+11    25448.88       0.2628179       0.3424323E-34   0.4923243E-15   0.6667010       0.1637967E-17   0.3332990       0.7860262E-13   0.5069134E-12   0.1482818E-18   0.5073992E-12    0.000000    
   0.2669653E-10    607.8791       0.1071047E+11    25448.88       0.2628446       0.3499555E-34   0.4923668E-15   0.6667010       0.1673799E-17   0.3332990       0.7860936E-13   0.5194494E-12   0.1555373E-18   0.5199351E-12    0.000000    
   0.2725596E-10    607.8791       0.1071047E+11    25448.88       0.2628674       0.3574316E-34   0.4924030E-15   0.6667010       0.1709422E-17   0.3332990       0.7861510E-13   0.5319863E-12   0.1629701E-18   0.5324719E-12    0.000000    
   0.2781539E-10    607.8791       0.1071047E+11    25448.88       0.2628868       0.3648613E-34   0.4924339E-15   0.6667010       0.1744837E-17   0.3332990       0.7862000E-13   0.5445241E-12   0.1705802E-18   0.5450096E-12    0.000000    
   0.2893425E-10    607.8791       0.1071047E+11    25448.88       0.2629175       0.3795832E-34   0.4924827E-15   0.6667010       0.1815044E-17   0.3332990       0.7862773E-13   0.5696018E-12   0.1863321E-18   0.5700870E-12    0.000000    
   0.2994122E-10    607.8791       0.1071047E+11    25448.88       0.2629379       0.3926788E-34   0.4925151E-15   0.6667010       0.1877525E-17   0.3332990       0.7863287E-13   0.5921735E-12   0.2011152E-18   0.5926585E-12    0.000000    
   0.3092887E-10    607.8791       0.1071047E+11    25448.88       0.2629529       0.4053839E-34   0.4925390E-15   0.6667010       0.1938165E-17   0.3332990       0.7863666E-13   0.6143134E-12   0.2161726E-18   0.6147982E-12    0.000000    
   0.3191652E-10    607.8791       0.1071047E+11    25448.88       0.2629643       0.4179532E-34   0.4925571E-15   0.6667010       0.1998173E-17   0.3332990       0.7863953E-13   0.6364542E-12   0.2317827E-18   0.6369388E-12    0.000000    
   0.3290418E-10    607.8791       0.1071047E+11    25448.88       0.2629729       0.4303887E-34   0.4925707E-15   0.6667010       0.2057557E-17   0.3332990       0.7864169E-13   0.6585958E-12   0.2479455E-18   0.6590801E-12    0.000000    
   0.3389183E-10    607.8791       0.1071047E+11    25448.88       0.2629794       0.4426922E-34   0.4925810E-15   0.6667010       0.2116321E-17   0.3332990       0.7864332E-13   0.6807379E-12   0.2646610E-18   0.6812220E-12    0.000000    
   0.3487948E-10    607.8791       0.1071047E+11    25448.88       0.2629843       0.4548657E-34   0.4925888E-15   0.6667010       0.2174471E-17   0.3332990       0.7864455E-13   0.7028804E-12   0.2819292E-18   0.7033642E-12    0.000000    
   0.3586713E-10    607.8791       0.1071047E+11    25448.88       0.2629880       0.4669106E-34   0.4925947E-15   0.6667010       0.2232014E-17   0.3332990       0.7864548E-13   0.7250232E-12   0.2997501E-18   0.7255068E-12    0.000000    
   0.3685478E-10    607.8791       0.1071047E+11    25448.88       0.2629908       0.4788286E-34   0.4925992E-15   0.6667010       0.2288956E-17   0.3332990       0.7864618E-13   0.7471662E-12   0.3181237E-18   0.7476496E-12    0.000000    
   0.3784243E-10    607.8791       0.1071047E+11    25448.88       0.2629929       0.4906212E-34   0.4926025E-15   0.6667010       0.2345302E-17   0.3332990       0.7864671E-13   0.7693094E-12   0.3370500E-18   0.7697925E-12    0.000000    
   0.3883009E-10    607.8791       0.1071047E+11    25448.88       0.2629945       0.5022899E-34   0.4926051E-15   0.6667010       0.2401060E-17   0.3332990       0.7864712E-13   0.7914527E-12   0.3565291E-18   0.7919356E-12    0.000000    
   0.3981774E-10    607.8791       0.1071047E+11    25448.88       0.2629957       0.5138361E-34   0.4926070E-15   0.6667010       0.2456234E-17   0.3332990       0.7864742E-13   0.8135962E-12   0.3765609E-18   0.8140788E-12    0.000000    
   0.4080539E-10    607.8791       0.1071047E+11    25448.88       0.2629966       0.5252611E-34   0.4926085E-15   0.6667010       0.2510831E-17   0.3332990       0.7864765E-13   0.8357397E-12   0.3971455E-18   0.8362220E-12    0.000000    
   0.4179304E-10    607.8791       0.1071047E+11    25448.88       0.2629973       0.5365663E-34   0.4926096E-15   0.6667010       0.2564858E-17   0.3332990       0.7864782E-13   0.8578832E-12   0.4182828E-18   0.8583653E-12    0.000000    
   0.4376834E-10    607.8791       0.1071047E+11    25448.88       0.2629982       0.5588226E-34   0.4926111E-15   0.6667010       0.2671221E-17   0.3332990       0.7864805E-13   0.9021705E-12   0.4622156E-18   0.9026521E-12    0.000000    
   0.4574365E-10    607.8791       0.1071047E+11    25448.88       0.2629988       0.5806150E-34   0.4926120E-15   0.6667010       0.2775370E-17   0.3332990       0.7864818E-13   0.9464578E-12   0.5083594E-18   0.9469389E-12    0.000000    
   0.4771895E-10    607.8791       0.1071047E+11    25448.88       0.2629991       0.6019535E-34   0.4926125E-15   0.6667010       0.2877351E-17   0.3332990       0.7864826E-13   0.9907452E-12   0.5567142E-18   0.9912258E-12    0.000000    
   0.4969425E-10    607.8791       0.1071047E+11    25448.88       0.2629993       0.6228476E-34   0.4926129E-15   0.6667010       0.2977209E-17   0.3332990       0.7864831E-13   0.1035033E-11   0.6072800E-18   0.1035513E-11    0.000000    
   0.5166956E-10    607.8791       0.1071047E+11    25448.88       0.2629994       0.6433066E-34   0.4926131E-15   0.6667010       0.3074988E-17   0.3332990       0.7864834E-13   0.1079320E-11   0.6600569E-18   0.1079800E-11    0.000000    
   0.5364486E-10    607.8791       0.1071047E+11    25448.88       0.2629995       0.6633396E-34   0.4926133E-15   0.6667010       0.3170732E-17   0.3332990       0.7864835E-13   0.1123608E-11   0.7150448E-18   0.1124087E-11    0.000000    
   0.5562017E-10    607.8791       0.1071047E+11    25448.88       0.2629996       0.6829556E-34   0.4926134E-15   0.6667010       0.3264483E-17   0.3332990       0.7864837E-13   0.1167895E-11   0.7722438E-18   0.1168374E-11    0.000000    
   0.5759547E-10    607.8791       0.1071047E+11    25448.88       0.2629996       0.7021632E-34   0.4926135E-15   0.6667010       0.3356282E-17   0.3332990       0.7864837E-13   0.1212183E-11   0.8316538E-18   0.1212661E-11    0.000000    
   0.6154608E-10    607.8791       0.1071047E+11    25448.88       0.2629997       0.7393872E-34   0.4926136E-15   0.6667010       0.3534187E-17   0.3332990       0.7864839E-13   0.1300758E-11   0.9571070E-18   0.1301235E-11    0.000000    
   0.6549668E-10    607.8791       0.1071047E+11    25448.88       0.2629998       0.7750774E-34   0.4926138E-15   0.6667010       0.3704762E-17   0.3332990       0.7864839E-13   0.1389333E-11   0.1091404E-17   0.1389809E-11    0.000000    
   0.6944729E-10    607.8791       0.1071047E+11    25448.88       0.2629998       0.8092972E-34   0.4926139E-15   0.6667010       0.3868308E-17   0.3332990       0.7864840E-13   0.1477908E-11   0.1234546E-17   0.1478382E-11    0.000000    
   0.7339790E-10    607.8791       0.1071047E+11    25448.88       0.2629999       0.8421067E-34   0.4926140E-15   0.6667010       0.4025115E-17   0.3332990       0.7864841E-13   0.1566483E-11   0.1386533E-17   0.1566956E-11    0.000000    
   0.8129911E-10    607.8791       0.1071047E+11    25448.88       0.2630000       0.9037218E-34   0.4926143E-15   0.6667010       0.4319593E-17   0.3332990       0.7864842E-13   0.1743633E-11   0.1717039E-17   0.1744104E-11    0.000000    
   0.9710154E-10    607.8791       0.1071047E+11    25448.88       0.2630002       0.1012387E-33   0.4926147E-15   0.6667010       0.4838937E-17   0.3332990       0.7864844E-13   0.2097933E-11   0.2484189E-17   0.2098401E-11    0.000000    
   0.1104418E-09    607.8791       0.1071047E+11    25448.88       0.2630003       0.1090895E-33   0.4926151E-15   0.6667010       0.5214145E-17   0.3332990       0.7864845E-13   0.2397030E-11   0.3241970E-17   0.2397494E-11    0.000000    
   0.1371223E-09    607.8791       0.1071047E+11    25448.88       0.2630006       0.1217751E-33   0.4926157E-15   0.6667010       0.5820426E-17   0.3332990       0.7864848E-13   0.2995225E-11   0.5060107E-17   0.2995680E-11    0.000000    
   0.1611347E-09    607.8791       0.1071047E+11    25448.88       0.2630008       0.1304799E-33   0.4926162E-15   0.6667010       0.6236449E-17   0.3332990       0.7864849E-13   0.3533600E-11   0.7041380E-17   0.3534048E-11    0.000000    
   0.1851472E-09    607.8791       0.1071047E+11    25448.88       0.2630010       0.1372297E-33   0.4926166E-15   0.6667010       0.6559037E-17   0.3332990       0.7864850E-13   0.4071975E-11   0.9349463E-17   0.4072416E-11    0.000000    
   0.2091596E-09    607.8791       0.1071047E+11    25448.88       0.2630011       0.1424668E-33   0.4926171E-15   0.6667010       0.6809330E-17   0.3332990       0.7864851E-13   0.4610350E-11   0.1198437E-16   0.4610784E-11    0.000000    
   0.2331721E-09    607.8791       0.1071047E+11    25448.88       0.2630013       0.1465299E-33   0.4926174E-15   0.6667010       0.7003514E-17   0.3332990       0.7864852E-13   0.5148726E-11   0.1494612E-16   0.5149153E-11    0.000000    
   0.2571845E-09    607.8791       0.1071047E+11    25448.88       0.2630014       0.1496813E-33   0.4926178E-15   0.6667010       0.7154125E-17   0.3332990       0.7864853E-13   0.5687102E-11   0.1823473E-16   0.5687521E-11    0.000000    
   0.3052094E-09    607.8791       0.1071047E+11    25448.88       0.2630016       0.1540522E-33   0.4926185E-15   0.6667010       0.7363012E-17   0.3332990       0.7864854E-13   0.6763853E-11   0.2579257E-16   0.6764258E-11    0.000000    
   0.3532343E-09    607.8791       0.1071047E+11    25448.88       0.2630018       0.1567041E-33   0.4926192E-15   0.6667010       0.7489745E-17   0.3332990       0.7864854E-13   0.7840605E-11   0.3465803E-16   0.7840994E-11    0.000000    
   0.4118782E-09    607.8791       0.1071047E+11    25448.88       0.2630021       0.1584583E-33   0.4926199E-15   0.6667010       0.7573568E-17   0.3332990       0.7864854E-13   0.9155441E-11   0.4725722E-16   0.9155813E-11    0.000000    
   0.4646577E-09    607.8791       0.1071047E+11    25448.88       0.2630023       0.1593030E-33   0.4926206E-15   0.6667010       0.7613931E-17   0.3332990       0.7864855E-13   0.1033879E-10   0.6026391E-16   0.1033915E-10    0.000000    
   0.5174372E-09    607.8791       0.1071047E+11    25448.88       0.2630025       0.1598013E-33   0.4926213E-15   0.6667010       0.7637737E-17   0.3332990       0.7864855E-13   0.1152215E-10   0.7485045E-16   0.1152249E-10    0.000000    
   0.5702166E-09    607.8791       0.1071047E+11    25448.88       0.2630027       0.1601069E-33   0.4926220E-15   0.6667010       0.7652331E-17   0.3332990       0.7864855E-13   0.1270550E-10   0.9101698E-16   0.1270582E-10    0.000000    
   0.6229961E-09    607.8791       0.1071047E+11    25448.88       0.2630029       0.1602946E-33   0.4926226E-15   0.6667010       0.7661290E-17   0.3332990       0.7864855E-13   0.1388885E-10   0.1087637E-15   0.1388916E-10    0.000000    
   0.6757756E-09    607.8791       0.1071047E+11    25448.88       0.2630031       0.1604074E-33   0.4926233E-15   0.6667010       0.7666672E-17   0.3332990       0.7864855E-13   0.1507221E-10   0.1280907E-15   0.1507250E-10    0.000000    
   0.7813346E-09    607.8791       0.1071047E+11    25448.88       0.2630035       0.1604998E-33   0.4926246E-15   0.6667010       0.7671066E-17   0.3332990       0.7864855E-13   0.1743891E-10   0.1714864E-15   0.1743917E-10    0.000000    
   0.8868936E-09    607.8791       0.1071047E+11    25448.88       0.2630039       0.1605284E-33   0.4926259E-15   0.6667010       0.7672411E-17   0.3332990       0.7864855E-13   0.1980562E-10   0.2212053E-15   0.1980584E-10    0.000000    
   0.1098012E-08    607.8791       0.1071047E+11    25448.88       0.2630046       0.1605104E-33   0.4926285E-15   0.6667010       0.7671511E-17   0.3332990       0.7864855E-13   0.2453903E-10   0.3396182E-15   0.2453919E-10    0.000000    
   0.1288018E-08    607.8791       0.1071047E+11    25448.88       0.2630054       0.1605303E-33   0.4926309E-15   0.6667010       0.7672426E-17   0.3332990       0.7864855E-13   0.2879910E-10   0.4678285E-15   0.2879920E-10    0.000000    
   0.1668030E-08    607.8791       0.1071047E+11    25448.88       0.2630068       0.1605404E-33   0.4926356E-15   0.6667010       0.7672834E-17   0.3332990       0.7864855E-13   0.3731925E-10   0.7857798E-15   0.3731923E-10    0.000000    
   0.1982336E-08    607.8791       0.1071047E+11    25448.88       0.2630080       0.1605624E-33   0.4926395E-15   0.6667010       0.7673824E-17   0.3332990       0.7864855E-13   0.4436620E-10   0.1110780E-14   0.4436608E-10    0.000000    
   0.2296641E-08    607.8791       0.1071047E+11    25448.88       0.2630091       0.1605783E-33   0.4926435E-15   0.6667010       0.7674526E-17   0.3332990       0.7864855E-13   0.5141315E-10   0.1491973E-14   0.5141294E-10    0.000000    
   0.2925253E-08    607.8791       0.1071047E+11    25448.88       0.2630115       0.1605887E-33   0.4926513E-15   0.6667010       0.7674897E-17   0.3332990       0.7864855E-13   0.6550706E-10   0.2423072E-14   0.6550665E-10    0.000000    
   0.3553864E-08    607.8791       0.1071047E+11    25448.88       0.2630138       0.1605898E-33   0.4926591E-15   0.6667010       0.7674832E-17   0.3332990       0.7864855E-13   0.7960096E-10   0.3579353E-14   0.7960037E-10    0.000000    
   0.4811087E-08    607.8791       0.1071047E+11    25448.88       0.2630186       0.1605975E-33   0.4926748E-15   0.6667010       0.7674956E-17   0.3332990       0.7864855E-13   0.1077888E-09   0.6568567E-14   0.1077878E-09    0.000000    
   0.6068310E-08    607.8791       0.1071047E+11    25448.88       0.2630233       0.1606104E-33   0.4926904E-15   0.6667010       0.7675325E-17   0.3332990       0.7864855E-13   0.1359765E-09   0.1046182E-13   0.1359752E-09    0.000000    
   0.7325533E-08    607.8791       0.1071047E+11    25448.88       0.2630281       0.1606217E-33   0.4927061E-15   0.6667010       0.7675623E-17   0.3332990       0.7864855E-13   0.1641643E-09   0.1526132E-13   0.1641627E-09    0.000000    
   0.9839978E-08    607.8791       0.1071047E+11    25448.88       0.2630377       0.1606431E-33   0.4927374E-15   0.6667010       0.7676156E-17   0.3332990       0.7864855E-13   0.2205397E-09   0.2758788E-13   0.2205375E-09    0.000000    
   0.1235442E-07    607.8791       0.1071047E+11    25448.88       0.2630473       0.1606639E-33   0.4927687E-15   0.6667010       0.7676664E-17   0.3332990       0.7864855E-13   0.2769150E-09   0.4356591E-13   0.2769124E-09    0.000000    
   0.1738332E-07    607.8791       0.1071047E+11    25448.88       0.2630667       0.1607063E-33   0.4928313E-15   0.6667010       0.7677712E-17   0.3332990       0.7864855E-13   0.3896650E-09   0.8654696E-13   0.3896621E-09    0.000000    
   0.2156983E-07    607.8791       0.1071047E+11    25448.88       0.2630831       0.1607416E-33   0.4928835E-15   0.6667010       0.7678590E-17   0.3332990       0.7864855E-13   0.4835278E-09   0.1336247E-12   0.4835253E-09    0.000000    
   0.2575634E-07    607.8791       0.1071047E+11    25448.88       0.2630996       0.1607769E-33   0.4929356E-15   0.6667010       0.7679462E-17   0.3332990       0.7864856E-13   0.5773897E-09   0.1910532E-12   0.5773886E-09    0.000000    
   0.2994285E-07    607.8791       0.1071047E+11    25448.88       0.2631163       0.1608122E-33   0.4929877E-15   0.6667010       0.7680336E-17   0.3332990       0.7864856E-13   0.6712506E-09   0.2589137E-12   0.6712519E-09    0.000000    
   0.3412936E-07    607.8791       0.1071047E+11    25448.88       0.2631332       0.1608475E-33   0.4930398E-15   0.6667010       0.7681210E-17   0.3332990       0.7864856E-13   0.7651104E-09   0.3372876E-12   0.7651151E-09    0.000000    
   0.3831587E-07    607.8791       0.1071047E+11    25448.88       0.2631503       0.1608828E-33   0.4930920E-15   0.6667010       0.7682084E-17   0.3332990       0.7864856E-13   0.8589688E-09   0.4262564E-12   0.8589784E-09    0.000000    
   0.4668890E-07    607.8791       0.1071047E+11    25448.88       0.2631849       0.1609535E-33   0.4931962E-15   0.6667010       0.7683833E-17   0.3332990       0.7864856E-13   0.1046681E-08   0.6363038E-12   0.1046705E-08    0.000000    
   0.5480597E-07    607.8791       0.1071047E+11    25448.88       0.2632191       0.1610219E-33   0.4932973E-15   0.6667010       0.7685527E-17   0.3332990       0.7864856E-13   0.1228648E-08   0.8813115E-12   0.1228693E-08    0.000000    
   0.6292304E-07    607.8791       0.1071047E+11    25448.88       0.2632539       0.1610904E-33   0.4933983E-15   0.6667010       0.7687221E-17   0.3332990       0.7864857E-13   0.1410607E-08   0.1167656E-11   0.1410681E-08    0.000000    
   0.7104012E-07    607.8791       0.1071047E+11    25448.88       0.2632893       0.1611590E-33   0.4934994E-15   0.6667010       0.7688915E-17   0.3332990       0.7864857E-13   0.1592557E-08   0.1495931E-11   0.1592669E-08    0.000000    
   0.7915719E-07    607.8791       0.1071047E+11    25448.88       0.2633254       0.1612275E-33   0.4936004E-15   0.6667010       0.7690610E-17   0.3332990       0.7864857E-13   0.1774497E-08   0.1866725E-11   0.1774657E-08    0.000000    
   0.8727426E-07    607.8791       0.1071047E+11    25448.88       0.2633622       0.1612960E-33   0.4937015E-15   0.6667010       0.7692304E-17   0.3332990       0.7864857E-13   0.1956425E-08   0.2280632E-11   0.1956645E-08    0.000000    
   0.9539134E-07    607.8791       0.1071047E+11    25448.88       0.2633995       0.1613646E-33   0.4938025E-15   0.6667010       0.7693998E-17   0.3332990       0.7864858E-13   0.2138340E-08   0.2738242E-11   0.2138634E-08    0.000000    
   0.1116255E-06    607.8791       0.1071047E+11    25448.88       0.2634761       0.1615017E-33   0.4940045E-15   0.6667010       0.7697386E-17   0.3332990       0.7864858E-13   0.2502127E-08   0.3786930E-11   0.2502610E-08    0.000000    
   0.1278596E-06    607.8791       0.1071047E+11    25448.88       0.2635553       0.1616388E-33   0.4942065E-15   0.6667010       0.7700774E-17   0.3332990       0.7864859E-13   0.2865850E-08   0.5017508E-11   0.2866586E-08    0.000000    
   0.1440938E-06    607.8791       0.1071047E+11    25448.88       0.2636370       0.1617760E-33   0.4944085E-15   0.6667010       0.7704162E-17   0.3332990       0.7864859E-13   0.3229497E-08   0.6434686E-11   0.3230563E-08    0.000000    
   0.1603279E-06    607.8791       0.1071047E+11    25448.88       0.2637212       0.1619132E-33   0.4946104E-15   0.6667010       0.7707548E-17   0.3332990       0.7864859E-13   0.3593060E-08   0.8043167E-11   0.3594540E-08    0.000000    
   0.1765621E-06    607.8791       0.1071047E+11    25448.88       0.2638079       0.1620505E-33   0.4948123E-15   0.6667010       0.7710934E-17   0.3332990       0.7864860E-13   0.3956529E-08   0.9847645E-11   0.3958516E-08    0.000000    
   0.2090304E-06    607.8791       0.1071047E+11    25448.88       0.2639888       0.1623250E-33   0.4952158E-15   0.6667010       0.7717704E-17   0.3332990       0.7864861E-13   0.4683149E-08   0.1406333E-10   0.4686470E-08    0.000000    
   0.2414986E-06    607.8792       0.1071047E+11    25448.88       0.2641798       0.1625997E-33   0.4956191E-15   0.6667010       0.7724470E-17   0.3332990       0.7864862E-13   0.5409280E-08   0.1911910E-10   0.5414424E-08    0.000000    
   0.2739669E-06    607.8792       0.1071047E+11    25448.88       0.2643808       0.1628743E-33   0.4960221E-15   0.6667010       0.7731231E-17   0.3332990       0.7864863E-13   0.6134848E-08   0.2505218E-10   0.6142378E-08    0.000000    
   0.3064352E-06    607.8792       0.1071047E+11    25448.88       0.2645916       0.1631490E-33   0.4964247E-15   0.6667010       0.7737988E-17   0.3332990       0.7864864E-13   0.6859777E-08   0.3189959E-10   0.6870332E-08    0.000000    
   0.3389035E-06    607.8792       0.1071047E+11    25448.88       0.2648124       0.1634236E-33   0.4968269E-15   0.6667010       0.7744738E-17   0.3332990       0.7864865E-13   0.7583993E-08   0.3969816E-10   0.7598287E-08    0.000000    
   0.3713718E-06    607.8792       0.1071047E+11    25448.88       0.2650430       0.1636982E-33   0.4972287E-15   0.6667010       0.7751482E-17   0.3332990       0.7864866E-13   0.8307422E-08   0.4848453E-10   0.8326242E-08    0.000000    
   0.4038401E-06    607.8792       0.1071047E+11    25448.88       0.2652833       0.1639727E-33   0.4976300E-15   0.6667010       0.7758219E-17   0.3332990       0.7864867E-13   0.9029988E-08   0.5829508E-10   0.9054197E-08    0.000000    
   0.4363084E-06    607.8792       0.1071047E+11    25448.88       0.2655333       0.1642471E-33   0.4980308E-15   0.6667010       0.7764947E-17   0.3332990       0.7864868E-13   0.9751619E-08   0.6916600E-10   0.9782153E-08    0.000000    
   0.4687767E-06    607.8792       0.1071047E+11    25448.88       0.2657930       0.1645214E-33   0.4984310E-15   0.6667010       0.7771667E-17   0.3332990       0.7864869E-13   0.1047224E-07   0.8113317E-10   0.1051011E-07    0.000000    
   0.5012450E-06    607.8792       0.1071047E+11    25448.88       0.2660623       0.1647955E-33   0.4988307E-15   0.6667010       0.7778378E-17   0.3332990       0.7864870E-13   0.1119178E-07   0.9423226E-10   0.1123807E-07    0.000000    
   0.5337133E-06    607.8792       0.1071047E+11    25448.88       0.2663410       0.1650694E-33   0.4992296E-15   0.6667010       0.7785079E-17   0.3332990       0.7864871E-13   0.1191016E-07   0.1084986E-09   0.1196602E-07    0.000000    
   0.5661816E-06    607.8792       0.1071047E+11    25448.88       0.2666292       0.1653431E-33   0.4996279E-15   0.6667010       0.7791769E-17   0.3332990       0.7864872E-13   0.1262732E-07   0.1239673E-09   0.1269398E-07    0.000000    
   0.5986499E-06    607.8792       0.1071047E+11    25448.88       0.2669267       0.1656165E-33   0.5000255E-15   0.6667010       0.7798448E-17   0.3332990       0.7864873E-13   0.1334318E-07   0.1406730E-09   0.1342194E-07    0.000000    
   0.6311182E-06    607.8792       0.1071047E+11    25448.88       0.2672334       0.1658896E-33   0.5004223E-15   0.6667010       0.7805114E-17   0.3332990       0.7864874E-13   0.1405767E-07   0.1586503E-09   0.1414989E-07    0.000000    
   0.6635864E-06    607.8793       0.1071047E+11    25448.88       0.2675493       0.1661625E-33   0.5008184E-15   0.6667010       0.7811768E-17   0.3332990       0.7864875E-13   0.1477072E-07   0.1779332E-09   0.1487785E-07    0.000000    
   0.6960547E-06    607.8793       0.1071047E+11    25448.88       0.2678743       0.1664350E-33   0.5012136E-15   0.6667010       0.7818409E-17   0.3332990       0.7864876E-13   0.1548226E-07   0.1985554E-09   0.1560581E-07    0.000000    
   0.7609913E-06    607.8793       0.1071047E+11    25448.88       0.2685511       0.1669788E-33   0.5020013E-15   0.6667010       0.7831648E-17   0.3332990       0.7864878E-13   0.1690054E-07   0.2439510E-09   0.1706173E-07    0.000000    
   0.8194342E-06    607.8793       0.1071047E+11    25448.88       0.2691903       0.1674669E-33   0.5027070E-15   0.6667010       0.7843511E-17   0.3332990       0.7864880E-13   0.1817114E-07   0.2897186E-09   0.1837205E-07    0.000000    
   0.8778772E-06    607.8793       0.1071047E+11    25448.88       0.2698573       0.1679534E-33   0.5034093E-15   0.6667010       0.7855321E-17   0.3332990       0.7864882E-13   0.1943578E-07   0.3403331E-09   0.1968238E-07    0.000000    
   0.9363201E-06    607.8793       0.1071047E+11    25448.88       0.2705514       0.1684382E-33   0.5041082E-15   0.6667009       0.7867074E-17   0.3332990       0.7864884E-13   0.2069410E-07   0.3959771E-09   0.2099271E-07    0.000000    
   0.9947630E-06    607.8793       0.1071047E+11    25448.88       0.2712720       0.1689212E-33   0.5048034E-15   0.6667009       0.7878767E-17   0.3332990       0.7864886E-13   0.2194570E-07   0.4568286E-09   0.2230304E-07    0.000000    
   0.1053206E-05    607.8793       0.1071047E+11    25448.88       0.2720185       0.1694022E-33   0.5054946E-15   0.6667009       0.7890396E-17   0.3332990       0.7864888E-13   0.2319023E-07   0.5230606E-09   0.2361337E-07    0.000000    
   0.1111649E-05    607.8794       0.1071047E+11    25448.88       0.2727899       0.1698810E-33   0.5061817E-15   0.6667009       0.7901958E-17   0.3332990       0.7864890E-13   0.2442733E-07   0.5948414E-09   0.2492370E-07    0.000000    
   0.1170092E-05    607.8794       0.1071047E+11    25448.88       0.2735857       0.1703576E-33   0.5068645E-15   0.6667009       0.7913450E-17   0.3332990       0.7864892E-13   0.2565665E-07   0.6723340E-09   0.2623403E-07    0.000000    
   0.1228535E-05    607.8794       0.1071047E+11    25448.88       0.2744049       0.1708317E-33   0.5075428E-15   0.6667009       0.7924868E-17   0.3332990       0.7864894E-13   0.2687785E-07   0.7556960E-09   0.2754437E-07    0.000000    
   0.1286978E-05    607.8794       0.1071047E+11    25448.88       0.2752468       0.1713033E-33   0.5082164E-15   0.6667009       0.7936209E-17   0.3332990       0.7864896E-13   0.2809061E-07   0.8450797E-09   0.2885470E-07    0.000000    
   0.1345421E-05    607.8794       0.1071047E+11    25448.88       0.2761107       0.1717721E-33   0.5088851E-15   0.6667009       0.7947471E-17   0.3332990       0.7864898E-13   0.2929459E-07   0.9406317E-09   0.3016503E-07    0.000000    
   0.1403863E-05    607.8794       0.1071047E+11    25448.88       0.2769955       0.1722381E-33   0.5095488E-15   0.6667009       0.7958649E-17   0.3332990       0.7864901E-13   0.3048950E-07   0.1042493E-08   0.3147537E-07    0.000000    
   0.1462306E-05    607.8794       0.1071047E+11    25448.88       0.2779005       0.1727011E-33   0.5102073E-15   0.6667009       0.7969743E-17   0.3332990       0.7864903E-13   0.3167503E-07   0.1150799E-08   0.3278571E-07    0.000000    
   0.1520749E-05    607.8795       0.1071047E+11    25448.88       0.2788249       0.1731609E-33   0.5108604E-15   0.6667009       0.7980748E-17   0.3332990       0.7864905E-13   0.3285091E-07   0.1265678E-08   0.3409605E-07    0.000000    
   0.1579192E-05    607.8795       0.1071047E+11    25448.88       0.2797677       0.1736176E-33   0.5115080E-15   0.6667009       0.7991662E-17   0.3332990       0.7864908E-13   0.3401685E-07   0.1387255E-08   0.3540639E-07    0.000000    
   0.1637635E-05    607.8795       0.1071047E+11    25448.88       0.2807280       0.1740709E-33   0.5121500E-15   0.6667009       0.8002483E-17   0.3332990       0.7864910E-13   0.3517260E-07   0.1515645E-08   0.3671673E-07    0.000000    
   0.1696078E-05    607.8795       0.1071047E+11    25448.88       0.2817049       0.1745207E-33   0.5127861E-15   0.6667009       0.8013208E-17   0.3332990       0.7864912E-13   0.3631789E-07   0.1650961E-08   0.3802707E-07    0.000000    
   0.1754521E-05    607.8795       0.1071048E+11    25448.88       0.2826976       0.1749669E-33   0.5134164E-15   0.6667009       0.8023835E-17   0.3332990       0.7864915E-13   0.3745248E-07   0.1793307E-08   0.3933741E-07    0.000000    
   0.1812964E-05    607.8795       0.1071048E+11    25448.88       0.2837051       0.1754095E-33   0.5140405E-15   0.6667009       0.8034361E-17   0.3332990       0.7864917E-13   0.3857616E-07   0.1942782E-08   0.4064775E-07    0.000000    
   0.1871407E-05    607.8796       0.1071048E+11    25448.88       0.2847266       0.1758483E-33   0.5146585E-15   0.6667009       0.8044785E-17   0.3332990       0.7864920E-13   0.3968869E-07   0.2099479E-08   0.4195810E-07    0.000000    
   0.1929850E-05    607.8796       0.1071048E+11    25448.88       0.2857610       0.1762831E-33   0.5152702E-15   0.6667009       0.8055105E-17   0.3332990       0.7864923E-13   0.4078988E-07   0.2263484E-08   0.4326844E-07    0.000000    
   0.1988293E-05    607.8796       0.1071048E+11    25448.88       0.2868076       0.1767140E-33   0.5158755E-15   0.6667009       0.8065318E-17   0.3332990       0.7864925E-13   0.4187953E-07   0.2434877E-08   0.4457879E-07    0.000000    
   0.2046736E-05    607.8796       0.1071048E+11    25448.88       0.2878653       0.1771408E-33   0.5164742E-15   0.6667009       0.8075424E-17   0.3332990       0.7864928E-13   0.4295746E-07   0.2613732E-08   0.4588914E-07    0.000000    
   0.2105179E-05    607.8796       0.1071048E+11    25448.88       0.2889333       0.1775635E-33   0.5170664E-15   0.6667009       0.8085420E-17   0.3332990       0.7864931E-13   0.4402349E-07   0.2800118E-08   0.4719949E-07    0.000000    
   0.2163622E-05    607.8796       0.1071048E+11    25448.88       0.2900108       0.1779819E-33   0.5176519E-15   0.6667009       0.8095304E-17   0.3332990       0.7864934E-13   0.4507747E-07   0.2994096E-08   0.4850984E-07    0.000000    
   0.2222064E-05    607.8796       0.1071048E+11    25448.88       0.2910967       0.1783959E-33   0.5182306E-15   0.6667009       0.8105076E-17   0.3332990       0.7864936E-13   0.4611925E-07   0.3195721E-08   0.4982019E-07    0.000000    
   0.2280507E-05    607.8797       0.1071048E+11    25448.88       0.2921903       0.1788056E-33   0.5188025E-15   0.6667009       0.8114734E-17   0.3332990       0.7864939E-13   0.4714869E-07   0.3405045E-08   0.5113054E-07    0.000000    
   0.2338950E-05    607.8797       0.1071048E+11    25448.88       0.2932907       0.1792109E-33   0.5193674E-15   0.6667009       0.8124276E-17   0.3332990       0.7864942E-13   0.4816567E-07   0.3622109E-08   0.5244089E-07    0.000000    
   0.2397393E-05    607.8797       0.1071048E+11    25448.88       0.2943969       0.1796116E-33   0.5199254E-15   0.6667009       0.8133702E-17   0.3332990       0.7864945E-13   0.4917008E-07   0.3846954E-08   0.5375125E-07    0.000000    
   0.2455836E-05    607.8797       0.1071048E+11    25448.88       0.2955082       0.1800077E-33   0.5204763E-15   0.6667009       0.8143011E-17   0.3332990       0.7864948E-13   0.5016182E-07   0.4079610E-08   0.5506160E-07    0.000000    
   0.2514279E-05    607.8797       0.1071048E+11    25448.88       0.2966238       0.1803992E-33   0.5210202E-15   0.6667009       0.8152202E-17   0.3332990       0.7864951E-13   0.5114079E-07   0.4320104E-08   0.5637196E-07    0.000000    
   0.2572722E-05    607.8797       0.1071048E+11    25448.88       0.2977428       0.1807860E-33   0.5215569E-15   0.6667009       0.8161273E-17   0.3332990       0.7864955E-13   0.5210691E-07   0.4568458E-08   0.5768232E-07    0.000000    
   0.2631165E-05    607.8797       0.1071048E+11    25448.88       0.2988644       0.1811681E-33   0.5220865E-15   0.6667009       0.8170225E-17   0.3332990       0.7864958E-13   0.5306012E-07   0.4824688E-08   0.5899268E-07    0.000000    
   0.2748051E-05    607.8798       0.1071048E+11    25448.88       0.3011124       0.1819179E-33   0.5231240E-15   0.6667009       0.8187767E-17   0.3332990       0.7864964E-13   0.5492756E-07   0.5360808E-08   0.6161340E-07    0.000000    
   0.2853248E-05    607.8798       0.1071048E+11    25448.88       0.3031369       0.1825762E-33   0.5240329E-15   0.6667009       0.8203139E-17   0.3332990       0.7864971E-13   0.5656361E-07   0.5870299E-08   0.6397205E-07    0.000000    
   0.2954605E-05    607.8798       0.1071048E+11    25448.88       0.3050846       0.1831955E-33   0.5248864E-15   0.6667009       0.8217578E-17   0.3332990       0.7864977E-13   0.5809977E-07   0.6385334E-08   0.6624460E-07    0.000000    
   0.3055962E-05    607.8799       0.1071048E+11    25448.88       0.3070260       0.1837999E-33   0.5257180E-15   0.6667009       0.8231649E-17   0.3332990       0.7864983E-13   0.5959647E-07   0.6923984E-08   0.6851715E-07    0.000000    
   0.3157319E-05    607.8799       0.1071048E+11    25448.88       0.3089576       0.1843895E-33   0.5265277E-15   0.6667009       0.8245353E-17   0.3332990       0.7864989E-13   0.6105374E-07   0.7486129E-08   0.7078970E-07    0.000000    
   0.3258676E-05    607.8799       0.1071048E+11    25448.88       0.3108762       0.1849642E-33   0.5273156E-15   0.6667009       0.8258691E-17   0.3332990       0.7864996E-13   0.6247171E-07   0.8071613E-08   0.7306226E-07    0.000000    
   0.3360032E-05    607.8799       0.1071048E+11    25448.88       0.3127790       0.1855240E-33   0.5280818E-15   0.6667009       0.8271664E-17   0.3332989       0.7865002E-13   0.6385055E-07   0.8680243E-08   0.7533483E-07    0.000000    
   0.3461389E-05    607.8800       0.1071048E+11    25448.88       0.3146632       0.1860689E-33   0.5288264E-15   0.6667009       0.8284275E-17   0.3332989       0.7865009E-13   0.6519052E-07   0.9311793E-08   0.7760739E-07    0.000000    
   0.3562746E-05    607.8800       0.1071048E+11    25448.88       0.3165262       0.1865989E-33   0.5295496E-15   0.6667009       0.8296526E-17   0.3332989       0.7865016E-13   0.6649192E-07   0.9966007E-08   0.7987996E-07    0.000000    
   0.3664103E-05    607.8800       0.1071048E+11    25448.88       0.3183657       0.1871142E-33   0.5302516E-15   0.6667009       0.8308420E-17   0.3332989       0.7865023E-13   0.6775514E-07   0.1064260E-07   0.8215253E-07    0.000000    
   0.3866817E-05    607.8801       0.1071048E+11    25448.88       0.3219657       0.1881010E-33   0.5315930E-15   0.6667009       0.8331155E-17   0.3332989       0.7865038E-13   0.7016877E-07   0.1206165E-07   0.8669769E-07    0.000000    
   0.4045685E-05    607.8801       0.1071049E+11    25448.88       0.3250453       0.1889239E-33   0.5327088E-15   0.6667009       0.8350072E-17   0.3332989       0.7865051E-13   0.7217626E-07   0.1338488E-07   0.9070820E-07    0.000000    
   0.4224553E-05    607.8802       0.1071049E+11    25448.88       0.3280252       0.1897030E-33   0.5337628E-15   0.6667009       0.8367947E-17   0.3332989       0.7865065E-13   0.7407243E-07   0.1477258E-07   0.9471872E-07    0.000000    
   0.4385534E-05    607.8802       0.1071049E+11    25448.88       0.3306167       0.1903677E-33   0.5346602E-15   0.6667009       0.8383171E-17   0.3332989       0.7865078E-13   0.7568671E-07   0.1607479E-07   0.9832819E-07    0.000000    
   0.4546515E-05    607.8803       0.1071049E+11    25448.88       0.3331185       0.1909988E-33   0.5355107E-15   0.6667009       0.8397602E-17   0.3332989       0.7865091E-13   0.7721638E-07   0.1742571E-07   0.1019377E-06    0.000000    
   0.4707496E-05    607.8803       0.1071049E+11    25448.88       0.3355282       0.1915973E-33   0.5363157E-15   0.6667009       0.8411266E-17   0.3332989       0.7865104E-13   0.7866429E-07   0.1882355E-07   0.1055472E-06    0.000000    
   0.4868477E-05    607.8804       0.1071049E+11    25448.88       0.3378438       0.1921642E-33   0.5370771E-15   0.6667009       0.8424191E-17   0.3332989       0.7865118E-13   0.8003342E-07   0.2026653E-07   0.1091567E-06    0.000000    
   0.5029458E-05    607.8804       0.1071049E+11    25448.88       0.3400643       0.1927006E-33   0.5377964E-15   0.6667009       0.8436404E-17   0.3332989       0.7865132E-13   0.8132678E-07   0.2175281E-07   0.1127662E-06    0.000000    
   0.5190440E-05    607.8805       0.1071049E+11    25448.88       0.3421896       0.1932077E-33   0.5384753E-15   0.6667009       0.8447935E-17   0.3332989       0.7865147E-13   0.8254744E-07   0.2328055E-07   0.1163757E-06    0.000000    
   0.5351421E-05    607.8805       0.1071049E+11    25448.88       0.3442200       0.1936866E-33   0.5391156E-15   0.6667009       0.8458812E-17   0.3332989       0.7865161E-13   0.8369849E-07   0.2484792E-07   0.1199852E-06    0.000000    
   0.5512402E-05    607.8806       0.1071049E+11    25448.88       0.3461564       0.1941385E-33   0.5397190E-15   0.6667009       0.8469064E-17   0.3332989       0.7865176E-13   0.8478302E-07   0.2645311E-07   0.1235948E-06    0.000000    
   0.5673383E-05    607.8806       0.1071049E+11    25448.88       0.3480001       0.1945645E-33   0.5402872E-15   0.6667009       0.8478718E-17   0.3332989       0.7865191E-13   0.8580407E-07   0.2809432E-07   0.1272043E-06    0.000000    
   0.5834364E-05    607.8807       0.1071049E+11    25448.88       0.3497530       0.1949658E-33   0.5408218E-15   0.6667009       0.8487805E-17   0.3332989       0.7865207E-13   0.8676467E-07   0.2976980E-07   0.1308139E-06    0.000000    
   0.5859507E-05    607.8807       0.1071050E+11    25448.88       0.3500188       0.1950263E-33   0.5409024E-15   0.6667009       0.8489174E-17   0.3332989       0.7865209E-13   0.8690944E-07   0.3003446E-07   0.1313777E-06    0.000000    
