  "Time"          "Temp"          "Pres"          "Dens"          "Th_MIX"        "X_OH*"         "X_H"           "X_H2"          "X_O"           "X_O2"          "X_OH"          "X_HO2"         "X_H2O2"        "X_H2O"         "X_AR"         
  "s"             "K"             "Pa"            "kg/m3"         "s"             "none"          "none"          "none"          "none"          "none"          "none"          "none"          "none"          "none"          "none"         
    0.000000        1260.204       0.5148111E+11    9904.851       0.4797356E-02  -0.1862861E-58   0.8123246E-09    1.000000      -0.1376949E-51  -0.7398811E-47  -0.1790732E-42  -0.7555602E-47  -0.3821265E-41  -0.1973328E-31    0.000000    
   0.1453061E-13    1260.204       0.5148111E+11    9904.851       0.4797349E-02  -0.1862878E-58   0.8123246E-09    1.000000      -0.1376949E-51  -0.7398811E-47  -0.1790732E-42  -0.7555602E-47  -0.3821265E-41  -0.1973328E-31    0.000000    
   0.4359183E-13    1260.204       0.5148111E+11    9904.851       0.4797335E-02  -0.1862934E-58   0.8123246E-09    1.000000      -0.1376949E-51  -0.7398810E-47  -0.1790733E-42  -0.7555601E-47  -0.3821265E-41  -0.1973328E-31    0.000000    
   0.1017143E-12    1260.204       0.5148111E+11    9904.851       0.4797306E-02  -0.1862851E-58   0.8123245E-09    1.000000      -0.1376949E-51  -0.7398809E-47  -0.1790734E-42  -0.7555601E-47  -0.3821265E-41  -0.1973328E-31    0.000000    
   0.2179592E-12    1260.204       0.5148111E+11    9904.851       0.4797249E-02  -0.1862882E-58   0.8123244E-09    1.000000      -0.1376949E-51  -0.7398808E-47  -0.1790734E-42  -0.7555599E-47  -0.3821264E-41  -0.1973328E-31    0.000000    
   0.4504489E-12    1260.204       0.5148111E+11    9904.851       0.4797136E-02  -0.1862881E-58   0.8123242E-09    1.000000      -0.1376948E-51  -0.7398804E-47  -0.1790734E-42  -0.7555596E-47  -0.3821263E-41  -0.1973328E-31    0.000000    
   0.9154285E-12    1260.204       0.5148111E+11    9904.851       0.4796908E-02  -0.1862881E-58   0.8123237E-09    1.000000      -0.1376947E-51  -0.7398797E-47  -0.1790733E-42  -0.7555589E-47  -0.3821261E-41  -0.1973328E-31    0.000000    
   0.1845388E-11    1260.204       0.5148111E+11    9904.851       0.4796452E-02  -0.1862878E-58   0.8123229E-09    1.000000      -0.1376945E-51  -0.7398783E-47  -0.1790731E-42  -0.7555576E-47  -0.3821257E-41  -0.1973328E-31    0.000000    
   0.3705306E-11    1260.204       0.5148111E+11    9904.851       0.4795541E-02  -0.1862874E-58   0.8123212E-09    1.000000      -0.1376939E-51  -0.7398754E-47  -0.1790727E-42  -0.7555549E-47  -0.3821248E-41  -0.1973328E-31    0.000000    
   0.7425142E-11    1260.204       0.5148111E+11    9904.851       0.4793719E-02  -0.1862866E-58   0.8123177E-09    1.000000      -0.1376927E-51  -0.7398697E-47  -0.1790719E-42  -0.7555496E-47  -0.3821231E-41  -0.1973328E-31    0.000000    
   0.1486482E-10    1260.204       0.5148111E+11    9904.851       0.4790078E-02  -0.1862850E-58   0.8123108E-09    1.000000      -0.1376903E-51  -0.7398583E-47  -0.1790704E-42  -0.7555389E-47  -0.3821198E-41  -0.1973328E-31    0.000000    
   0.2974416E-10    1260.204       0.5148111E+11    9904.851       0.4782803E-02  -0.1862818E-58   0.8122970E-09    1.000000      -0.1376857E-51  -0.7398354E-47  -0.1790674E-42  -0.7555172E-47  -0.3821131E-41  -0.1973328E-31    0.000000    
   0.5950285E-10    1260.204       0.5148111E+11    9904.851       0.4768287E-02  -0.1862754E-58   0.8122695E-09    1.000000      -0.1376763E-51  -0.7397898E-47  -0.1790613E-42  -0.7554732E-47  -0.3820996E-41  -0.1973328E-31    0.000000    
   0.1190202E-09    1260.204       0.5148111E+11    9904.851       0.4739388E-02  -0.1862626E-58   0.8122147E-09    1.000000      -0.1376577E-51  -0.7396984E-47  -0.1790492E-42  -0.7553826E-47  -0.3820728E-41  -0.1973328E-31    0.000000    
   0.2380550E-09    1260.204       0.5148111E+11    9904.851       0.4682120E-02  -0.1862372E-58   0.8121060E-09    1.000000      -0.1376209E-51  -0.7395157E-47  -0.1790253E-42  -0.7551941E-47  -0.3820191E-41  -0.1973328E-31    0.000000    
   0.3570898E-09    1260.204       0.5148111E+11    9904.851       0.4625551E-02  -0.1862122E-58   0.8119987E-09    1.000000      -0.1375845E-51  -0.7393331E-47  -0.1790016E-42  -0.7549988E-47  -0.3819653E-41  -0.1973328E-31    0.000000    
   0.4761245E-09    1260.204       0.5148111E+11    9904.851       0.4569672E-02  -0.1861874E-58   0.8118927E-09    1.000000      -0.1375486E-51  -0.7391505E-47  -0.1789783E-42  -0.7547994E-47  -0.3819116E-41  -0.1973328E-31    0.000000    
   0.5951593E-09    1260.204       0.5148111E+11    9904.851       0.4514475E-02  -0.1861630E-58   0.8117879E-09    1.000000      -0.1375131E-51  -0.7389680E-47  -0.1789552E-42  -0.7545981E-47  -0.3818579E-41  -0.1973328E-31    0.000000    
   0.8332288E-09    1260.204       0.5148111E+11    9904.851       0.4406097E-02  -0.1861150E-58   0.8115822E-09    1.000000      -0.1374434E-51  -0.7386031E-47  -0.1789098E-42  -0.7541932E-47  -0.3817506E-41  -0.1973328E-31    0.000000    
   0.1071298E-08    1260.204       0.5148111E+11    9904.851       0.4300349E-02  -0.1860682E-58   0.8113815E-09    1.000000      -0.1373754E-51  -0.7382383E-47  -0.1788656E-42  -0.7537908E-47  -0.3816432E-41  -0.1973328E-31    0.000000    
   0.1309368E-08    1260.204       0.5148111E+11    9904.851       0.4197165E-02  -0.1860225E-58   0.8111855E-09    1.000000      -0.1373090E-51  -0.7378738E-47  -0.1788224E-42  -0.7533929E-47  -0.3815359E-41  -0.1973328E-31    0.000000    
   0.1785507E-08    1260.204       0.5148111E+11    9904.851       0.3998237E-02  -0.1859343E-58   0.8108077E-09    1.000000      -0.1371810E-51  -0.7371453E-47  -0.1787391E-42  -0.7526097E-47  -0.3813214E-41  -0.1973328E-31    0.000000    
   0.2189480E-08    1260.204       0.5148111E+11    9904.851       0.3836938E-02  -0.1858628E-58   0.8105011E-09    1.000000      -0.1370773E-51  -0.7365278E-47  -0.1786715E-42  -0.7519594E-47  -0.3811394E-41  -0.1973328E-31    0.000000    
   0.2593454E-08    1260.204       0.5148111E+11    9904.851       0.3682201E-02  -0.1857941E-58   0.8102070E-09    1.000000      -0.1369777E-51  -0.7359109E-47  -0.1786067E-42  -0.7513214E-47  -0.3809576E-41  -0.1973328E-31    0.000000    
   0.2997427E-08    1260.204       0.5148111E+11    9904.851       0.3533756E-02  -0.1857283E-58   0.8099247E-09    1.000000      -0.1368822E-51  -0.7352945E-47  -0.1785445E-42  -0.7506948E-47  -0.3807759E-41  -0.1973328E-31    0.000000    
   0.3401401E-08    1260.204       0.5148111E+11    9904.851       0.3391343E-02  -0.1856651E-58   0.8096537E-09    1.000000      -0.1367906E-51  -0.7346787E-47  -0.1784847E-42  -0.7500793E-47  -0.3805942E-41  -0.1973328E-31    0.000000    
   0.3805374E-08    1260.204       0.5148111E+11    9904.851       0.3254713E-02  -0.1856044E-58   0.8093937E-09    1.000000      -0.1367027E-51  -0.7340634E-47  -0.1784274E-42  -0.7494746E-47  -0.3804126E-41  -0.1973328E-31    0.000000    
   0.4613321E-08    1260.204       0.5148111E+11    9904.851       0.2997857E-02  -0.1854903E-58   0.8089047E-09    1.000000      -0.1365375E-51  -0.7328345E-47  -0.1783196E-42  -0.7482956E-47  -0.3800497E-41  -0.1973328E-31    0.000000    
   0.5421268E-08    1260.204       0.5148111E+11    9904.851       0.2761400E-02  -0.1853852E-58   0.8084542E-09    1.000000      -0.1363854E-51  -0.7316079E-47  -0.1782203E-42  -0.7471550E-47  -0.3796872E-41  -0.1973328E-31    0.000000    
   0.6229215E-08    1260.204       0.5148111E+11    9904.851       0.2543705E-02  -0.1852884E-58   0.8080393E-09    1.000000      -0.1362453E-51  -0.7303834E-47  -0.1781289E-42  -0.7460494E-47  -0.3793250E-41  -0.1973328E-31    0.000000    
   0.7037161E-08    1260.204       0.5148111E+11    9904.851       0.2343267E-02  -0.1851993E-58   0.8076570E-09    1.000000      -0.1361163E-51  -0.7291612E-47  -0.1780446E-42  -0.7449762E-47  -0.3789632E-41  -0.1973328E-31    0.000000    
   0.7845108E-08    1260.204       0.5148111E+11    9904.851       0.2158704E-02  -0.1851171E-58   0.8073049E-09    1.000000      -0.1359975E-51  -0.7279411E-47  -0.1779670E-42  -0.7439328E-47  -0.3786017E-41  -0.1973328E-31    0.000000    
   0.8653055E-08    1260.204       0.5148111E+11    9904.851       0.1988747E-02  -0.1850415E-58   0.8069805E-09    1.000000      -0.1358882E-51  -0.7267233E-47  -0.1778955E-42  -0.7429169E-47  -0.3782406E-41  -0.1973328E-31    0.000000    
   0.9461002E-08    1260.204       0.5148111E+11    9904.851       0.1832228E-02  -0.1849718E-58   0.8066817E-09    1.000000      -0.1357874E-51  -0.7255077E-47  -0.1778296E-42  -0.7419263E-47  -0.3778798E-41  -0.1973328E-31    0.000000    
   0.1026895E-07    1260.204       0.5148111E+11    9904.851       0.1688077E-02  -0.1849075E-58   0.8064063E-09    1.000000      -0.1356946E-51  -0.7242943E-47  -0.1777689E-42  -0.7409592E-47  -0.3775193E-41  -0.1973328E-31    0.000000    
   0.1107690E-07    1260.204       0.5148111E+11    9904.851       0.1555310E-02  -0.1848484E-58   0.8061527E-09    1.000000      -0.1356092E-51  -0.7230831E-47  -0.1777130E-42  -0.7400136E-47  -0.3771592E-41  -0.1973328E-31    0.000000    
   0.1188484E-07    1260.204       0.5148111E+11    9904.851       0.1433020E-02  -0.1847939E-58   0.8059189E-09    1.000000      -0.1355304E-51  -0.7218741E-47  -0.1776615E-42  -0.7390879E-47  -0.3767995E-41  -0.1973328E-31    0.000000    
   0.1269279E-07    1260.204       0.5148111E+11    9904.851       0.1320375E-02  -0.1847436E-58   0.8057036E-09    1.000000      -0.1354579E-51  -0.7206673E-47  -0.1776140E-42  -0.7381805E-47  -0.3764401E-41  -0.1973328E-31    0.000000    
   0.1430868E-07    1260.204       0.5148111E+11    9904.851       0.1121023E-02  -0.1846547E-58   0.8053223E-09    1.000000      -0.1353295E-51  -0.7182603E-47  -0.1775300E-42  -0.7364154E-47  -0.3757223E-41  -0.1973328E-31    0.000000    
   0.1592458E-07    1260.204       0.5148111E+11    9904.851       0.9518393E-03  -0.1845792E-58   0.8049986E-09    1.000000      -0.1352205E-51  -0.7158620E-47  -0.1774586E-42  -0.7347081E-47  -0.3750059E-41  -0.1973328E-31    0.000000    
   0.1754047E-07    1260.204       0.5148111E+11    9904.851       0.8082398E-03  -0.1845151E-58   0.8047237E-09    1.000000      -0.1351280E-51  -0.7134725E-47  -0.1773980E-42  -0.7330504E-47  -0.3742908E-41  -0.1973328E-31    0.000000    
   0.1915636E-07    1260.204       0.5148111E+11    9904.851       0.6863403E-03  -0.1844606E-58   0.8044903E-09    1.000000      -0.1350494E-51  -0.7110917E-47  -0.1773466E-42  -0.7314350E-47  -0.3735771E-41  -0.1973328E-31    0.000000    
   0.2077226E-07    1260.204       0.5148111E+11    9904.851       0.5828507E-03  -0.1844144E-58   0.8042921E-09    1.000000      -0.1349826E-51  -0.7087196E-47  -0.1773029E-42  -0.7298558E-47  -0.3728648E-41  -0.1973328E-31    0.000000    
   0.2238815E-07    1260.204       0.5148111E+11    9904.851       0.4949838E-03  -0.1843752E-58   0.8041238E-09    1.000000      -0.1349259E-51  -0.7063562E-47  -0.1772658E-42  -0.7283077E-47  -0.3721539E-41  -0.1973328E-31    0.000000    
   0.2400405E-07    1260.204       0.5148111E+11    9904.851       0.4203765E-03  -0.1843418E-58   0.8039809E-09    1.000000      -0.1348777E-51  -0.7040014E-47  -0.1772343E-42  -0.7267864E-47  -0.3714443E-41  -0.1973328E-31    0.000000    
   0.2561994E-07    1260.204       0.5148111E+11    9904.851       0.3570244E-03  -0.1843135E-58   0.8038595E-09    1.000000      -0.1348368E-51  -0.7016553E-47  -0.1772075E-42  -0.7252882E-47  -0.3707360E-41  -0.1973328E-31    0.000000    
   0.2723583E-07    1260.204       0.5148111E+11    9904.851       0.3032266E-03  -0.1842895E-58   0.8037564E-09    1.000000      -0.1348020E-51  -0.6993177E-47  -0.1771848E-42  -0.7238100E-47  -0.3700291E-41  -0.1973328E-31    0.000000    
   0.2885173E-07    1260.204       0.5148111E+11    9904.851       0.2575400E-03  -0.1842690E-58   0.8036688E-09    1.000000      -0.1347724E-51  -0.6969887E-47  -0.1771655E-42  -0.7223491E-47  -0.3693236E-41  -0.1973328E-31    0.000000    
   0.3046762E-07    1260.204       0.5148111E+11    9904.851       0.2187405E-03  -0.1842517E-58   0.8035944E-09    1.000000      -0.1347472E-51  -0.6946682E-47  -0.1771491E-42  -0.7209032E-47  -0.3686194E-41  -0.1973328E-31    0.000000    
   0.3208351E-07    1260.204       0.5148111E+11    9904.851       0.1857890E-03  -0.1842369E-58   0.8035312E-09    1.000000      -0.1347258E-51  -0.6923562E-47  -0.1771352E-42  -0.7194706E-47  -0.3679165E-41  -0.1973328E-31    0.000000    
   0.3369941E-07    1260.204       0.5148111E+11    9904.851       0.1578032E-03  -0.1842244E-58   0.8034776E-09    1.000000      -0.1347076E-51  -0.6900526E-47  -0.1771233E-42  -0.7180495E-47  -0.3672150E-41  -0.1973328E-31    0.000000    
   0.3531530E-07    1260.204       0.5148111E+11    9904.851       0.1340343E-03  -0.1842138E-58   0.8034320E-09    1.000000      -0.1346921E-51  -0.6877575E-47  -0.1771133E-42  -0.7166386E-47  -0.3665149E-41  -0.1973328E-31    0.000000    
   0.3693119E-07    1260.204       0.5148111E+11    9904.851       0.1138466E-03  -0.1842048E-58   0.8033933E-09    1.000000      -0.1346789E-51  -0.6854708E-47  -0.1771048E-42  -0.7152367E-47  -0.3658160E-41  -0.1973328E-31    0.000000    
   0.3854709E-07    1260.204       0.5148111E+11    9904.851       0.9670011E-04  -0.1841971E-58   0.8033604E-09    1.000000      -0.1346677E-51  -0.6831924E-47  -0.1770975E-42  -0.7138429E-47  -0.3651185E-41  -0.1973328E-31    0.000000    
   0.4016298E-07    1260.204       0.5148111E+11    9904.851       0.8213659E-04  -0.1841906E-58   0.8033325E-09    1.000000      -0.1346581E-51  -0.6809224E-47  -0.1770914E-42  -0.7124563E-47  -0.3644224E-41  -0.1973328E-31    0.000000    
   0.4177888E-07    1260.204       0.5148111E+11    9904.851       0.6976679E-04  -0.1841850E-58   0.8033088E-09    1.000000      -0.1346499E-51  -0.6786607E-47  -0.1770861E-42  -0.7110763E-47  -0.3637275E-41  -0.1973328E-31    0.000000    
   0.4339477E-07    1260.204       0.5148111E+11    9904.851       0.5926014E-04  -0.1841803E-58   0.8032886E-09    1.000000      -0.1346430E-51  -0.6764073E-47  -0.1770817E-42  -0.7097021E-47  -0.3630340E-41  -0.1973328E-31    0.000000    
   0.4501066E-07    1260.204       0.5148111E+11    9904.851       0.5033594E-04  -0.1841763E-58   0.8032715E-09    1.000000      -0.1346370E-51  -0.6741621E-47  -0.1770779E-42  -0.7083333E-47  -0.3623418E-41  -0.1973328E-31    0.000000    
   0.4662656E-07    1260.204       0.5148111E+11    9904.851       0.4275581E-04  -0.1841729E-58   0.8032570E-09    1.000000      -0.1346319E-51  -0.6719252E-47  -0.1770747E-42  -0.7069695E-47  -0.3616509E-41  -0.1973328E-31    0.000000    
   0.4824245E-07    1260.204       0.5148111E+11    9904.851       0.3631728E-04  -0.1841701E-58   0.8032446E-09    1.000000      -0.1346276E-51  -0.6696964E-47  -0.1770720E-42  -0.7056103E-47  -0.3609614E-41  -0.1973328E-31    0.000000    
   0.4985834E-07    1260.204       0.5148111E+11    9904.851       0.3084839E-04  -0.1841676E-58   0.8032341E-09    1.000000      -0.1346238E-51  -0.6674757E-47  -0.1770697E-42  -0.7042554E-47  -0.3602731E-41  -0.1973328E-31    0.000000    
   0.5147424E-07    1260.204       0.5148111E+11    9904.851       0.2620309E-04  -0.1841655E-58   0.8032252E-09    1.000000      -0.1346206E-51  -0.6652632E-47  -0.1770677E-42  -0.7029045E-47  -0.3595862E-41  -0.1973328E-31    0.000000    
   0.5309013E-07    1260.204       0.5148111E+11    9904.851       0.2225734E-04  -0.1841638E-58   0.8032176E-09    1.000000      -0.1346179E-51  -0.6630588E-47  -0.1770660E-42  -0.7015574E-47  -0.3589006E-41  -0.1973328E-31    0.000000    
   0.5470603E-07    1260.204       0.5148111E+11    9904.851       0.1890578E-04  -0.1841623E-58   0.8032112E-09    1.000000      -0.1346155E-51  -0.6608624E-47  -0.1770646E-42  -0.7002139E-47  -0.3582162E-41  -0.1973328E-31    0.000000    
   0.5793781E-07    1260.204       0.5148111E+11    9904.851       0.1364184E-04  -0.1841599E-58   0.8032011E-09    1.000000      -0.1346117E-51  -0.6564937E-47  -0.1770624E-42  -0.6975371E-47  -0.3568515E-41  -0.1973328E-31    0.000000    
   0.6116960E-07    1260.204       0.5148111E+11    9904.851       0.9845234E-05  -0.1841582E-58   0.8031938E-09    1.000000      -0.1346088E-51  -0.6521569E-47  -0.1770608E-42  -0.6948730E-47  -0.3554920E-41  -0.1973328E-31    0.000000    
   0.6440139E-07    1260.204       0.5148111E+11    9904.851       0.7106377E-05  -0.1841570E-58   0.8031886E-09    1.000000      -0.1346066E-51  -0.6478516E-47  -0.1770596E-42  -0.6922208E-47  -0.3541377E-41  -0.1973328E-31    0.000000    
   0.6763317E-07    1260.204       0.5148111E+11    9904.851       0.5129601E-05  -0.1841561E-58   0.8031848E-09    1.000000      -0.1346049E-51  -0.6435778E-47  -0.1770588E-42  -0.6895801E-47  -0.3527885E-41  -0.1973328E-31    0.000000    
   0.7086496E-07    1260.204       0.5148111E+11    9904.851       0.3702447E-05  -0.1841554E-58   0.8031821E-09    1.000000      -0.1346036E-51  -0.6393350E-47  -0.1770582E-42  -0.6869504E-47  -0.3514445E-41  -0.1973328E-31    0.000000    
   0.7409675E-07    1260.204       0.5148111E+11    9904.851       0.2672294E-05  -0.1841550E-58   0.8031801E-09    1.000000      -0.1346025E-51  -0.6351232E-47  -0.1770577E-42  -0.6843314E-47  -0.3501055E-41  -0.1973328E-31    0.000000    
   0.7732854E-07    1260.204       0.5148111E+11    9904.851       0.1928922E-05  -0.1841546E-58   0.8031787E-09    1.000000      -0.1346016E-51  -0.6309420E-47  -0.1770574E-42  -0.6817228E-47  -0.3487717E-41  -0.1973328E-31    0.000000    
   0.8056032E-07    1260.204       0.5148111E+11    9904.851       0.1392441E-05  -0.1841544E-58   0.8031776E-09    1.000000      -0.1346009E-51  -0.6267912E-47  -0.1770572E-42  -0.6791245E-47  -0.3474430E-41  -0.1973328E-31    0.000000    
   0.8379211E-07    1260.204       0.5148111E+11    9904.851       0.1005123E-05  -0.1841542E-58   0.8031769E-09    1.000000      -0.1346002E-51  -0.6226705E-47  -0.1770570E-42  -0.6765364E-47  -0.3461193E-41  -0.1973328E-31    0.000000    
   0.8702390E-07    1260.204       0.5148111E+11    9904.851       0.7254648E-06  -0.1841541E-58   0.8031763E-09    1.000000      -0.1345996E-51  -0.6185799E-47  -0.1770569E-42  -0.6739583E-47  -0.3448007E-41  -0.1973328E-31    0.000000    
   0.9025569E-07    1260.204       0.5148111E+11    9904.851       0.5236105E-06  -0.1841540E-58   0.8031760E-09    1.000000      -0.1345991E-51  -0.6145189E-47  -0.1770568E-42  -0.6713902E-47  -0.3434871E-41  -0.1973328E-31    0.000000    
   0.9348747E-07    1260.204       0.5148111E+11    9904.851       0.3779590E-06  -0.1841539E-58   0.8031757E-09    1.000000      -0.1345986E-51  -0.6104874E-47  -0.1770567E-42  -0.6688319E-47  -0.3421785E-41  -0.1973328E-31    0.000000    
   0.9671926E-07    1260.204       0.5148111E+11    9904.851       0.2728408E-06  -0.1841538E-58   0.8031755E-09    1.000000      -0.1345981E-51  -0.6064852E-47  -0.1770567E-42  -0.6662835E-47  -0.3408749E-41  -0.1973328E-31    0.000000    
   0.9995105E-07    1260.204       0.5148111E+11    9904.851       0.1969439E-06  -0.1841538E-58   0.8031753E-09    1.000000      -0.1345976E-51  -0.6025119E-47  -0.1770567E-42  -0.6637448E-47  -0.3395762E-41  -0.1973328E-31    0.000000    
   0.1031828E-06    1260.204       0.5148111E+11    9904.851       0.1421441E-06  -0.1841538E-58   0.8031752E-09    1.000000      -0.1345972E-51  -0.5985675E-47  -0.1770566E-42  -0.6612159E-47  -0.3382825E-41  -0.1973328E-31    0.000000    
   0.1096464E-06    1260.204       0.5148111E+11    9904.851       0.7457324E-07  -0.1841537E-58   0.8031751E-09    1.000000      -0.1345964E-51  -0.5907643E-47  -0.1770566E-42  -0.6561869E-47  -0.3357099E-41  -0.1973328E-31    0.000000    
   0.1161100E-06    1260.204       0.5148111E+11    9904.851       0.4004713E-07  -0.1841537E-58   0.8031750E-09    1.000000      -0.1345955E-51  -0.5830735E-47  -0.1770566E-42  -0.6511962E-47  -0.3331568E-41  -0.1973328E-31    0.000000    
   0.1225736E-06    1260.204       0.5148111E+11    9904.851       0.2208269E-07  -0.1841537E-58   0.8031750E-09    1.000000      -0.1345947E-51  -0.5754937E-47  -0.1770566E-42  -0.6462434E-47  -0.3306231E-41  -0.1973328E-31    0.000000    
   0.1290371E-06    1260.204       0.5148111E+11    9904.851       0.1172948E-07  -0.1841536E-58   0.8031750E-09    1.000000      -0.1345939E-51  -0.5680230E-47  -0.1770566E-42  -0.6413284E-47  -0.3281088E-41  -0.1973328E-31    0.000000    
   0.1355007E-06    1260.204       0.5148111E+11    9904.851       0.5637934E-08  -0.1841536E-58   0.8031750E-09    1.000000      -0.1345932E-51  -0.5606597E-47  -0.1770566E-42  -0.6364508E-47  -0.3256135E-41  -0.1973328E-31    0.000000    
   0.1419643E-06    1260.204       0.5148111E+11    9904.851       0.2485777E-08  -0.1841536E-58   0.8031750E-09    1.000000      -0.1345924E-51  -0.5534023E-47  -0.1770566E-42  -0.6316103E-47  -0.3231372E-41  -0.1973328E-31    0.000000    
   0.1484279E-06    1260.204       0.5148111E+11    9904.851       0.1169784E-08  -0.1841536E-58   0.8031750E-09    1.000000      -0.1345916E-51  -0.5462491E-47  -0.1770565E-42  -0.6268065E-47  -0.3206797E-41  -0.1973328E-31    0.000000    
   0.1613550E-06    1260.204       0.5148111E+11    9904.851       0.7455797E-09  -0.1841536E-58   0.8031750E-09    1.000000      -0.1345901E-51  -0.5322491E-47  -0.1770565E-42  -0.6173085E-47  -0.3158208E-41  -0.1973328E-31    0.000000    
   0.1742822E-06    1260.204       0.5148111E+11    9904.851       0.7522847E-09  -0.1841535E-58   0.8031750E-09    1.000000      -0.1345886E-51  -0.5186470E-47  -0.1770565E-42  -0.6079543E-47  -0.3110354E-41  -0.1973328E-31    0.000000    
   0.1872093E-06    1260.204       0.5148111E+11    9904.851       0.4036217E-09  -0.1841535E-58   0.8031750E-09    1.000000      -0.1345871E-51  -0.5054284E-47  -0.1770565E-42  -0.5987415E-47  -0.3063223E-41  -0.1973328E-31    0.000000    
   0.2130636E-06    1260.204       0.5148111E+11    9904.851       0.1117692E-09  -0.1841535E-58   0.8031750E-09    1.000000      -0.1345843E-51  -0.4807847E-47  -0.1770565E-42  -0.5809989E-47  -0.2972456E-41  -0.1973328E-31    0.000000    
   0.2647722E-06    1260.204       0.5148111E+11    9904.851       0.1796225E-10  -0.1841534E-58   0.8031750E-09    1.000000      -0.1345790E-51  -0.4365248E-47  -0.1770565E-42  -0.5475564E-47  -0.2801369E-41  -0.1973328E-31    0.000000    
   0.3681894E-06    1260.204       0.5148111E+11    9904.851       0.1569472E-11  -0.1841532E-58   0.8031750E-09    1.000000      -0.1345695E-51  -0.3641949E-47  -0.1770564E-42  -0.4879525E-47  -0.2496441E-41  -0.1973328E-31    0.000000    
   0.5750238E-06    1260.204       0.5148111E+11    9904.851       0.7161932E-13  -0.1841529E-58   0.8031750E-09    1.000000      -0.1345543E-51  -0.2634070E-47  -0.1770563E-42  -0.3921502E-47  -0.2006318E-41  -0.1973328E-31    0.000000    
   0.9886926E-06    1260.204       0.5148111E+11    9904.851       0.1691336E-14  -0.1841526E-58   0.8031750E-09    1.000000      -0.1345339E-51  -0.1531454E-47  -0.1770562E-42  -0.2634366E-47  -0.1347807E-41  -0.1973328E-31    0.000000    
   0.1816030E-05    1260.204       0.5148111E+11    9904.851      -0.2916096E-16  -0.1841522E-58   0.8031750E-09    1.000000      -0.1345134E-51  -0.6594234E-48  -0.1770561E-42  -0.1332386E-47  -0.6816881E-42  -0.1973328E-31    0.000000    
   0.2000000E-05    1260.204       0.5148111E+11    9904.851      -0.2916096E-16  -0.1841522E-58   0.8031750E-09    1.000000      -0.1345119E-51  -0.6076452E-48  -0.1770561E-42  -0.1234391E-47  -0.6315512E-42  -0.1973328E-31    0.000000    
