1.1171E-08   17.40703
2.2348E-08   17.42286
3.3533E-08   17.43871
4.4724E-08   17.45457
5.5922E-08   17.47046
6.7127E-08   17.48636
7.8339E-08   17.50229
8.9557E-08   17.51823
1.0078E-07   17.53419
1.1201E-07   17.55017
1.2325E-07   17.56617
1.3450E-07   17.58218
1.4575E-07   17.59822
1.5701E-07   17.61427
1.6828E-07   17.63035
1.7955E-07   17.64644
1.9083E-07   17.66255
2.0211E-07   17.67868
2.1341E-07   17.69483
2.2471E-07   17.71100
2.3601E-07   17.72719
2.4732E-07   17.74340
2.5864E-07   17.75962
2.6997E-07   17.77587
2.8130E-07   17.79213
2.9264E-07   17.80842
3.0398E-07   17.82472
3.1534E-07   17.84104
3.2669E-07   17.85739
3.3806E-07   17.87375
3.4943E-07   17.89013
3.6081E-07   17.90653
3.7219E-07   17.92295
3.8358E-07   17.93939
3.9498E-07   17.95584
4.0638E-07   17.97232
4.1779E-07   17.98882
4.2921E-07   18.00534
4.4063E-07   18.02187
4.5206E-07   18.03843
4.6349E-07   18.05501
4.7494E-07   18.07160
4.8638E-07   18.08822
4.9784E-07   18.10485
5.0930E-07   18.12151
5.2076E-07   18.13818
5.3224E-07   18.15488
5.4372E-07   18.17159
5.5520E-07   18.18832
5.6669E-07   18.20508
5.7819E-07   18.22185
5.8969E-07   18.23865
6.0120E-07   18.25546
6.1272E-07   18.27229
6.2424E-07   18.28915
6.3577E-07   18.30602
6.4730E-07   18.32292
6.5885E-07   18.33983
6.7039E-07   18.35677
6.8194E-07   18.37372
6.9350E-07   18.39070
7.0507E-07   18.40769
7.1664E-07   18.42471
7.2821E-07   18.44174
7.3980E-07   18.45880
7.5139E-07   18.47588
7.6298E-07   18.49297
7.7458E-07   18.51009
7.8619E-07   18.52723
7.9780E-07   18.54439
8.0942E-07   18.56157
8.2104E-07   18.57877
8.3267E-07   18.59599
8.4431E-07   18.61323
8.5595E-07   18.63049
8.6759E-07   18.64777
8.7925E-07   18.66507
8.9091E-07   18.68240
9.0257E-07   18.69974
9.1424E-07   18.71711
9.2592E-07   18.73449
9.3760E-07   18.75190
9.4929E-07   18.76933
9.6098E-07   18.78678
9.7268E-07   18.80425
9.8438E-07   18.82174
9.9609E-07   18.83925
1.0078E-06   18.85678
1.0195E-06   18.87433
1.0313E-06   18.89191
1.0430E-06   18.90950
1.0547E-06   18.92712
1.0665E-06   18.94476
1.0782E-06   18.96242
1.0900E-06   18.98010
1.1017E-06   18.99780
1.1135E-06   19.01552
1.1253E-06   19.03327
1.1370E-06   19.05103
1.1488E-06   19.06882
1.1606E-06   19.08663
1.1724E-06   19.10446
1.1842E-06   19.12231
1.1960E-06   19.14019
1.2078E-06   19.15808
1.2196E-06   19.17600
1.2314E-06   19.19393
1.2433E-06   19.21189
1.2551E-06   19.22988
1.2669E-06   19.24788
1.2788E-06   19.26590
1.2906E-06   19.28395
1.3025E-06   19.30202
1.3143E-06   19.32011
1.3262E-06   19.33822
1.3381E-06   19.35636
1.3499E-06   19.37451
1.3618E-06   19.39269
1.3737E-06   19.41089
1.3856E-06   19.42911
1.3975E-06   19.44735
1.4094E-06   19.46562
1.4213E-06   19.48391
1.4332E-06   19.50222
1.4451E-06   19.52055
1.4570E-06   19.53891
1.4689E-06   19.55728
1.4809E-06   19.57568
1.4928E-06   19.59411
1.5047E-06   19.61255
1.5167E-06   19.63102
1.5286E-06   19.64950
1.5406E-06   19.66802
1.5525E-06   19.68655
1.5645E-06   19.70511
1.5765E-06   19.72369
1.5884E-06   19.74229
1.6004E-06   19.76091
1.6124E-06   19.77956
1.6244E-06   19.79823
1.6364E-06   19.81692
1.6484E-06   19.83563
1.6604E-06   19.85437
1.6724E-06   19.87313
1.6844E-06   19.89192
1.6964E-06   19.91072
1.7084E-06   19.92955
1.7204E-06   19.94840
1.7325E-06   19.96728
1.7445E-06   19.98618
1.7565E-06   20.00510
1.7686E-06   20.02404
1.7806E-06   20.04301
1.7927E-06   20.06200
1.8047E-06   20.08101
1.8168E-06   20.10005
1.8288E-06   20.11911
1.8409E-06   20.13819
1.8530E-06   20.15730
1.8651E-06   20.17643
1.8772E-06   20.19559
1.8892E-06   20.21476
1.9013E-06   20.23396
1.9134E-06   20.25319
1.9255E-06   20.27243
1.9376E-06   20.29171
1.9497E-06   20.31100
1.9619E-06   20.33032
1.9740E-06   20.34966
1.9861E-06   20.36903
1.9982E-06   20.38842
2.0104E-06   20.40783
2.0225E-06   20.42727
2.0346E-06   20.44673
2.0468E-06   20.46621
2.0589E-06   20.48572
2.0711E-06   20.50525
2.0832E-06   20.52481
2.0954E-06   20.54439
2.1076E-06   20.56400
2.1197E-06   20.58362
2.1319E-06   20.60328
2.1441E-06   20.62295
2.1563E-06   20.64266
2.1684E-06   20.66238
2.1806E-06   20.68213
2.1928E-06   20.70191
2.2050E-06   20.72170
2.2172E-06   20.74153
2.2294E-06   20.76137
2.2416E-06   20.78125
2.2538E-06   20.80114
2.2661E-06   20.82106
2.2783E-06   20.84101
2.2905E-06   20.86098
2.3027E-06   20.88097
2.3150E-06   20.90099
2.3272E-06   20.92104
2.3394E-06   20.94110
2.3517E-06   20.96120
2.3639E-06   20.98132
2.3762E-06   21.00146
2.3884E-06   21.02163
2.4007E-06   21.04182
2.4130E-06   21.06204
2.4252E-06   21.08228
2.4375E-06   21.10255
2.4498E-06   21.12284
2.4620E-06   21.14316
2.4743E-06   21.16350
2.4866E-06   21.18387
2.4989E-06   21.20427
2.5112E-06   21.22468
2.5235E-06   21.24513
2.5358E-06   21.26560
2.5481E-06   21.28609
2.5604E-06   21.30661
2.5727E-06   21.32716
2.5850E-06   21.34773
2.5973E-06   21.36833
2.6097E-06   21.38895
2.6220E-06   21.40960
2.6343E-06   21.43027
2.6466E-06   21.45097
2.6590E-06   21.47170
2.6713E-06   21.49245
2.6837E-06   21.51322
2.6960E-06   21.53403
2.7083E-06   21.55486
2.7207E-06   21.57571
2.7330E-06   21.59659
2.7454E-06   21.61750
2.7578E-06   21.63843
2.7701E-06   21.65939
2.7825E-06   21.68037
2.7949E-06   21.70138
2.8072E-06   21.72242
2.8196E-06   21.74348
2.8320E-06   21.76457
2.8444E-06   21.78569
2.8568E-06   21.80683
2.8692E-06   21.82800
2.8815E-06   21.84919
2.8939E-06   21.87041
2.9063E-06   21.89166
2.9187E-06   21.91293
2.9311E-06   21.93423
2.9436E-06   21.95556
2.9560E-06   21.97692
2.9684E-06   21.99830
2.9808E-06   22.01970
2.9932E-06   22.04114
3.0056E-06   22.06260
3.0181E-06   22.08409
3.0305E-06   22.10560
3.0429E-06   22.12714
3.0554E-06   22.14871
3.0678E-06   22.17031
3.0802E-06   22.19193
3.0927E-06   22.21358
3.1051E-06   22.23526
3.1176E-06   22.25696
3.1300E-06   22.27869
3.1425E-06   22.30045
3.1549E-06   22.32224
3.1674E-06   22.34405
3.1798E-06   22.36589
3.1923E-06   22.38776
3.2048E-06   22.40966
3.2172E-06   22.43158
3.2297E-06   22.45353
3.2422E-06   22.47551
3.2547E-06   22.49752
3.2672E-06   22.51955
3.2796E-06   22.54161
3.2921E-06   22.56370
3.3046E-06   22.58582
3.3171E-06   22.60796
3.3296E-06   22.63014
3.3421E-06   22.65234
3.3546E-06   22.67457
3.3671E-06   22.69682
3.3796E-06   22.71911
3.3921E-06   22.74142
3.4046E-06   22.76376
3.4171E-06   22.78613
3.4296E-06   22.80853
3.4421E-06   22.83095
3.4546E-06   22.85341
3.4672E-06   22.87589
3.4797E-06   22.89840
3.4922E-06   22.92094
3.5047E-06   22.94351
3.5173E-06   22.96610
3.5298E-06   22.98873
3.5423E-06   23.01138
3.5549E-06   23.03406
3.5674E-06   23.05677
3.5799E-06   23.07951
3.5925E-06   23.10228
3.6050E-06   23.12508
3.6176E-06   23.14791
3.6301E-06   23.17076
3.6427E-06   23.19364
3.6552E-06   23.21656
3.6678E-06   23.23950
3.6803E-06   23.26247
3.6929E-06   23.28547
3.7054E-06   23.30850
3.7180E-06   23.33156
3.7306E-06   23.35465
3.7431E-06   23.37776
3.7557E-06   23.40091
3.7683E-06   23.42409
3.7808E-06   23.44729
3.7934E-06   23.47053
3.8060E-06   23.49379
3.8186E-06   23.51709
3.8311E-06   23.54041
3.8437E-06   23.56376
3.8563E-06   23.58715
3.8689E-06   23.61056
3.8815E-06   23.63400
3.8941E-06   23.65747
3.9067E-06   23.68098
3.9193E-06   23.70451
3.9318E-06   23.72807
3.9444E-06   23.75166
3.9570E-06   23.77529
3.9696E-06   23.79894
3.9822E-06   23.82262
3.9948E-06   23.84634
4.0074E-06   23.87008
4.0200E-06   23.89385
4.0326E-06   23.91766
4.0453E-06   23.94149
4.0579E-06   23.96536
4.0705E-06   23.98925
4.0831E-06   24.01318
4.0957E-06   24.03713
4.1083E-06   24.06112
4.1209E-06   24.08514
4.1335E-06   24.10919
4.1462E-06   24.13327
4.1588E-06   24.15738
4.1714E-06   24.18152
4.1840E-06   24.20569
4.1967E-06   24.22989
4.2093E-06   24.25413
4.2219E-06   24.27839
4.2345E-06   24.30269
4.2472E-06   24.32702
4.2598E-06   24.35138
4.2724E-06   24.37577
4.2851E-06   24.40019
4.2977E-06   24.42464
4.3103E-06   24.44913
4.3230E-06   24.47364
4.3356E-06   24.49819
4.3482E-06   24.52277
4.3609E-06   24.54738
4.3735E-06   24.57202
4.3862E-06   24.59669
4.3988E-06   24.62140
4.4115E-06   24.64613
4.4241E-06   24.67090
4.4368E-06   24.69570
4.4494E-06   24.72054
4.4621E-06   24.74540
4.4747E-06   24.77030
4.4874E-06   24.79523
4.5000E-06   24.82019
4.5127E-06   24.84518
4.5253E-06   24.87021
4.5380E-06   24.89527
4.5506E-06   24.92036
4.5633E-06   24.94548
4.5759E-06   24.97063
4.5886E-06   24.99582
4.6013E-06   25.02104
4.6139E-06   25.04629
4.6266E-06   25.07158
4.6392E-06   25.09690
4.6519E-06   25.12225
4.6646E-06   25.14763
4.6772E-06   25.17305
4.6899E-06   25.19850
4.7026E-06   25.22398
4.7152E-06   25.24950
4.7279E-06   25.27504
4.7405E-06   25.30062
4.7532E-06   25.32624
4.7659E-06   25.35189
4.7786E-06   25.37757
4.7912E-06   25.40328
4.8039E-06   25.42903
4.8166E-06   25.45481
4.8292E-06   25.48063
4.8419E-06   25.50647
4.8546E-06   25.53236
4.8672E-06   25.55827
4.8799E-06   25.58422
4.8926E-06   25.61020
4.9053E-06   25.63622
4.9179E-06   25.66227
4.9306E-06   25.68835
4.9433E-06   25.71447
4.9560E-06   25.74062
4.9686E-06   25.76681
4.9813E-06   25.79303
4.9940E-06   25.81928
5.0067E-06   25.84557
5.0193E-06   25.87190
5.0320E-06   25.89825
5.0447E-06   25.92464
5.0574E-06   25.95107
5.0701E-06   25.97753
5.0827E-06   26.00403
5.0954E-06   26.03056
5.1081E-06   26.05712
5.1208E-06   26.08372
5.1334E-06   26.11035
5.1461E-06   26.13702
5.1588E-06   26.16372
5.1715E-06   26.19046
5.1842E-06   26.21723
5.1968E-06   26.24404
5.2095E-06   26.27089
5.2222E-06   26.29776
5.2349E-06   26.32468
5.2476E-06   26.35163
5.2602E-06   26.37861
5.2729E-06   26.40563
5.2856E-06   26.43268
5.2983E-06   26.45977
5.3110E-06   26.48690
5.3236E-06   26.51406
5.3363E-06   26.54126
5.3490E-06   26.56849
5.3617E-06   26.59576
5.3743E-06   26.62306
5.3870E-06   26.65040
5.3997E-06   26.67778
5.4124E-06   26.70519
5.4251E-06   26.73264
5.4377E-06   26.76012
5.4504E-06   26.78764
5.4631E-06   26.81520
5.4758E-06   26.84279
5.4884E-06   26.87042
5.5011E-06   26.89808
5.5138E-06   26.92579
5.5265E-06   26.95352
5.5391E-06   26.98130
5.5518E-06   27.00911
5.5645E-06   27.03696
5.5772E-06   27.06484
5.5898E-06   27.09276
5.6025E-06   27.12072
5.6152E-06   27.14871
5.6278E-06   27.17675
5.6405E-06   27.20482
5.6532E-06   27.23292
5.6659E-06   27.26106
5.6785E-06   27.28924
5.6912E-06   27.31746
5.7039E-06   27.34572
5.7165E-06   27.37401
5.7292E-06   27.40234
5.7419E-06   27.43070
5.7545E-06   27.45911
5.7672E-06   27.48755
5.7799E-06   27.51603
5.7925E-06   27.54455
5.8052E-06   27.57310
5.8178E-06   27.60169
5.8305E-06   27.63032
5.8432E-06   27.65899
5.8558E-06   27.68770
5.8685E-06   27.71644
5.8811E-06   27.74523
5.8938E-06   27.77405
5.9065E-06   27.80291
5.9191E-06   27.83181
5.9318E-06   27.86074
5.9444E-06   27.88972
5.9571E-06   27.91873
5.9697E-06   27.94778
5.9824E-06   27.97687
5.9950E-06   28.00600
6.0077E-06   28.03517
6.0203E-06   28.06437
6.0330E-06   28.09362
6.0456E-06   28.12290
6.0583E-06   28.15222
6.0709E-06   28.18158
6.0836E-06   28.21099
6.0962E-06   28.24043
6.1088E-06   28.26990
6.1215E-06   28.29942
6.1341E-06   28.32898
6.1468E-06   28.35858
6.1594E-06   28.38822
6.1720E-06   28.41789
6.1847E-06   28.44761
6.1973E-06   28.47736
6.2099E-06   28.50716
6.2226E-06   28.53699
6.2352E-06   28.56687
6.2478E-06   28.59678
6.2604E-06   28.62674
6.2731E-06   28.65673
6.2857E-06   28.68677
6.2983E-06   28.71684
6.3109E-06   28.74696
6.3236E-06   28.77712
6.3362E-06   28.80731
6.3488E-06   28.83755
6.3614E-06   28.86783
6.3740E-06   28.89814
6.3866E-06   28.92850
6.3993E-06   28.95890
6.4119E-06   28.98934
6.4245E-06   29.01982
6.4371E-06   29.05034
6.4497E-06   29.08090
6.4623E-06   29.11151
6.4749E-06   29.14215
6.4875E-06   29.17284
6.5001E-06   29.20356
6.5127E-06   29.23433
6.5253E-06   29.26514
6.5379E-06   29.29599
6.5505E-06   29.32689
6.5631E-06   29.35782
6.5757E-06   29.38880
6.5883E-06   29.41981
6.6008E-06   29.45087
6.6134E-06   29.48197
6.6260E-06   29.51311
6.6386E-06   29.54430
6.6512E-06   29.57553
6.6638E-06   29.60679
6.6763E-06   29.63811
6.6889E-06   29.66946
6.7015E-06   29.70085
6.7141E-06   29.73229
6.7266E-06   29.76377
6.7392E-06   29.79529
6.7518E-06   29.82686
6.7643E-06   29.85847
6.7769E-06   29.89012
6.7894E-06   29.92181
6.8020E-06   29.95355
6.8146E-06   29.98533
6.8271E-06   30.01715
6.8397E-06   30.04901
6.8522E-06   30.08092
6.8648E-06   30.11287
6.8773E-06   30.14487
6.8899E-06   30.17691
6.9024E-06   30.20899
6.9150E-06   30.24111
6.9275E-06   30.27328
6.9400E-06   30.30549
6.9526E-06   30.33775
6.9651E-06   30.37005
6.9776E-06   30.40239
6.9902E-06   30.43478
7.0027E-06   30.46721
7.0152E-06   30.49968
7.0277E-06   30.53220
7.0402E-06   30.56477
7.0528E-06   30.59737
7.0653E-06   30.63002
7.0778E-06   30.66272
7.0903E-06   30.69546
7.1028E-06   30.72825
7.1153E-06   30.76108
7.1278E-06   30.79395
7.1403E-06   30.82687
7.1528E-06   30.85984
7.1653E-06   30.89284
7.1778E-06   30.92590
7.1903E-06   30.95900
7.2028E-06   30.99214
7.2153E-06   31.02533
7.2278E-06   31.05857
7.2403E-06   31.09185
7.2527E-06   31.12517
7.2652E-06   31.15854
7.2777E-06   31.19196
7.2902E-06   31.22542
7.3026E-06   31.25893
7.3151E-06   31.29248
7.3276E-06   31.32608
7.3400E-06   31.35973
7.3525E-06   31.39342
7.3650E-06   31.42715
7.3774E-06   31.46094
7.3899E-06   31.49477
7.4023E-06   31.52864
7.4148E-06   31.56257
7.4272E-06   31.59654
7.4397E-06   31.63055
7.4521E-06   31.66461
7.4645E-06   31.69872
7.4770E-06   31.73288
7.4894E-06   31.76708
7.5018E-06   31.80133
7.5143E-06   31.83563
7.5267E-06   31.86997
7.5391E-06   31.90436
7.5515E-06   31.93880
7.5640E-06   31.97328
7.5764E-06   32.00781
7.5888E-06   32.04239
7.6012E-06   32.07702
7.6136E-06   32.11170
7.6260E-06   32.14642
7.6384E-06   32.18119
7.6508E-06   32.21601
7.6632E-06   32.25087
7.6756E-06   32.28579
7.6880E-06   32.32075
7.7004E-06   32.35576
7.7127E-06   32.39082
7.7251E-06   32.42593
7.7375E-06   32.46108
7.7499E-06   32.49629
7.7622E-06   32.53154
7.7746E-06   32.56684
7.7870E-06   32.60219
7.7993E-06   32.63759
7.8117E-06   32.67304
7.8240E-06   32.70853
7.8364E-06   32.74408
7.8487E-06   32.77967
7.8611E-06   32.81532
7.8734E-06   32.85101
7.8858E-06   32.88675
7.8981E-06   32.92255
7.9104E-06   32.95839
7.9228E-06   32.99428
7.9351E-06   33.03022
7.9474E-06   33.06621
7.9597E-06   33.10225
7.9721E-06   33.13834
7.9844E-06   33.17448
7.9967E-06   33.21067
8.0090E-06   33.24691
8.0213E-06   33.28320
8.0336E-06   33.31955
8.0459E-06   33.35594
8.0582E-06   33.39238
8.0705E-06   33.42887
8.0828E-06   33.46542
8.0951E-06   33.50201
8.1074E-06   33.53866
8.1196E-06   33.57535
8.1319E-06   33.61210
8.1442E-06   33.64890
8.1564E-06   33.68575
8.1687E-06   33.72265
8.1810E-06   33.75960
8.1932E-06   33.79660
8.2055E-06   33.83366
8.2177E-06   33.87077
8.2300E-06   33.90792
8.2422E-06   33.94514
8.2545E-06   33.98240
8.2667E-06   34.01971
8.2789E-06   34.05708
8.2912E-06   34.09450
8.3034E-06   34.13197
8.3156E-06   34.16949
8.3278E-06   34.20707
8.3401E-06   34.24469
8.3523E-06   34.28237
8.3645E-06   34.32011
8.3767E-06   34.35789
8.3889E-06   34.39573
8.4011E-06   34.43362
8.4133E-06   34.47157
8.4255E-06   34.50957
8.4377E-06   34.54762
8.4499E-06   34.58572
8.4620E-06   34.62388
8.4742E-06   34.66209
8.4864E-06   34.70035
8.4985E-06   34.73867
8.5107E-06   34.77704
8.5229E-06   34.81547
8.5350E-06   34.85395
8.5472E-06   34.89248
8.5593E-06   34.93107
8.5715E-06   34.96971
8.5836E-06   35.00841
8.5958E-06   35.04716
8.6079E-06   35.08596
8.6200E-06   35.12482
8.6322E-06   35.16374
8.6443E-06   35.20271
8.6564E-06   35.24173
8.6685E-06   35.28081
8.6806E-06   35.31994
8.6927E-06   35.35913
8.7048E-06   35.39838
8.7169E-06   35.43768
8.7290E-06   35.47703
8.7411E-06   35.51644
8.7532E-06   35.55591
8.7653E-06   35.59543
8.7774E-06   35.63500
8.7895E-06   35.67464
8.8015E-06   35.71433
8.8136E-06   35.75407
8.8257E-06   35.79387
8.8377E-06   35.83373
8.8498E-06   35.87364
8.8618E-06   35.91361
8.8739E-06   35.95364
8.8859E-06   35.99372
8.8980E-06   36.03386
8.9100E-06   36.07406
8.9220E-06   36.11431
8.9340E-06   36.15462
8.9461E-06   36.19499
8.9581E-06   36.23541
8.9701E-06   36.27590
8.9821E-06   36.31644
8.9941E-06   36.35703
9.0061E-06   36.39769
9.0181E-06   36.43840
9.0301E-06   36.47917
9.0421E-06   36.52000
9.0541E-06   36.56088
9.0661E-06   36.60182
9.0780E-06   36.64283
9.0900E-06   36.68389
9.1020E-06   36.72500
9.1139E-06   36.76618
9.1259E-06   36.80742
9.1379E-06   36.84871
9.1498E-06   36.89006
9.1617E-06   36.93147
9.1737E-06   36.97294
9.1856E-06   37.01447
9.1976E-06   37.05606
9.2095E-06   37.09771
9.2214E-06   37.13942
9.2333E-06   37.18118
9.2452E-06   37.22301
9.2572E-06   37.26490
9.2691E-06   37.30684
9.2810E-06   37.34885
9.2929E-06   37.39091
9.3048E-06   37.43304
9.3166E-06   37.47522
9.3285E-06   37.51747
9.3404E-06   37.55978
9.3523E-06   37.60214
9.3641E-06   37.64457
9.3760E-06   37.68706
9.3879E-06   37.72961
9.3997E-06   37.77222
9.4116E-06   37.81489
9.4234E-06   37.85762
9.4353E-06   37.90041
9.4471E-06   37.94326
9.4589E-06   37.98618
9.4708E-06   38.02916
9.4826E-06   38.07220
9.4944E-06   38.11530
9.5062E-06   38.15846
9.5180E-06   38.20168
9.5298E-06   38.24497
9.5416E-06   38.28832
9.5534E-06   38.33173
9.5652E-06   38.37520
9.5770E-06   38.41873
9.5888E-06   38.46233
9.6006E-06   38.50599
9.6123E-06   38.54972
9.6241E-06   38.59350
9.6359E-06   38.63735
9.6476E-06   38.68126
9.6594E-06   38.72524
9.6711E-06   38.76928
9.6829E-06   38.81338
9.6946E-06   38.85754
9.7063E-06   38.90177
9.7181E-06   38.94607
9.7298E-06   38.99042
9.7415E-06   39.03484
9.7532E-06   39.07933
9.7649E-06   39.12388
9.7766E-06   39.16849
9.7883E-06   39.21317
9.8000E-06   39.25791
9.8117E-06   39.30272
9.8234E-06   39.34759
9.8351E-06   39.39253
9.8467E-06   39.43753
9.8584E-06   39.48260
9.8701E-06   39.52773
9.8817E-06   39.57292
9.8934E-06   39.61819
9.9050E-06   39.66351
9.9167E-06   39.70891
9.9283E-06   39.75437
9.9399E-06   39.79989
9.9516E-06   39.84548
9.9632E-06   39.89114
9.9748E-06   39.93686
9.9864E-06   39.98265
9.9980E-06   40.02851
1.0010E-05   40.07443
1.0021E-05   40.12042
1.0033E-05   40.16648
1.0044E-05   40.21260
1.0056E-05   40.25879
1.0068E-05   40.30505
1.0079E-05   40.35138
1.0091E-05   40.39777
1.0102E-05   40.44423
1.0114E-05   40.49075
1.0125E-05   40.53735
1.0137E-05   40.58401
1.0148E-05   40.63074
1.0160E-05   40.67754
1.0172E-05   40.72441
1.0183E-05   40.77134
1.0195E-05   40.81835
1.0206E-05   40.86542
1.0218E-05   40.91256
1.0229E-05   40.95977
1.0241E-05   41.00705
1.0252E-05   41.05439
1.0264E-05   41.10181
1.0275E-05   41.14930
1.0287E-05   41.19685
1.0298E-05   41.24448
1.0309E-05   41.29217
1.0321E-05   41.33993
1.0332E-05   41.38777
1.0344E-05   41.43567
1.0355E-05   41.48364
1.0367E-05   41.53169
1.0378E-05   41.57980
1.0390E-05   41.62799
1.0401E-05   41.67624
1.0412E-05   41.72457
1.0424E-05   41.77297
1.0435E-05   41.82144
1.0447E-05   41.86997
1.0458E-05   41.91859
1.0469E-05   41.96727
1.0481E-05   42.01602
1.0492E-05   42.06484
1.0504E-05   42.11374
1.0515E-05   42.16271
1.0526E-05   42.21175
1.0538E-05   42.26086
1.0549E-05   42.31005
1.0560E-05   42.35930
1.0572E-05   42.40863
1.0583E-05   42.45804
1.0594E-05   42.50751
1.0606E-05   42.55706
1.0617E-05   42.60668
1.0628E-05   42.65637
1.0640E-05   42.70614
1.0651E-05   42.75598
1.0662E-05   42.80589
1.0674E-05   42.85588
1.0685E-05   42.90594
1.0696E-05   42.95608
1.0707E-05   43.00628
1.0719E-05   43.05657
1.0730E-05   43.10693
1.0741E-05   43.15736
1.0752E-05   43.20786
1.0764E-05   43.25844
1.0775E-05   43.30910
1.0786E-05   43.35983
1.0797E-05   43.41064
1.0809E-05   43.46152
1.0820E-05   43.51247
1.0831E-05   43.56351
1.0842E-05   43.61461
1.0853E-05   43.66580
1.0865E-05   43.71705
1.0876E-05   43.76839
1.0887E-05   43.81980
1.0898E-05   43.87129
1.0909E-05   43.92285
1.0920E-05   43.97449
1.0932E-05   44.02621
1.0943E-05   44.07800
1.0954E-05   44.12987
1.0965E-05   44.18182
1.0976E-05   44.23384
1.0987E-05   44.28595
1.0998E-05   44.33813
1.1010E-05   44.39038
1.1021E-05   44.44272
1.1032E-05   44.49513
1.1043E-05   44.54762
1.1054E-05   44.60019
1.1065E-05   44.65284
1.1076E-05   44.70556
1.1087E-05   44.75837
1.1098E-05   44.81125
1.1109E-05   44.86421
1.1120E-05   44.91725
1.1131E-05   44.97037
1.1142E-05   45.02357
1.1154E-05   45.07685
1.1165E-05   45.13021
1.1176E-05   45.18365
1.1187E-05   45.23717
1.1198E-05   45.29076
1.1209E-05   45.34444
1.1220E-05   45.39820
1.1231E-05   45.45204
1.1242E-05   45.50596
1.1253E-05   45.55996
1.1264E-05   45.61404
1.1275E-05   45.66820
1.1286E-05   45.72244
1.1296E-05   45.77677
1.1307E-05   45.83117
1.1318E-05   45.88566
1.1329E-05   45.94023
1.1340E-05   45.99488
1.1351E-05   46.04961
1.1362E-05   46.10443
1.1373E-05   46.15933
1.1384E-05   46.21430
1.1395E-05   46.26937
1.1406E-05   46.32451
1.1417E-05   46.37974
1.1428E-05   46.43505
1.1438E-05   46.49044
1.1449E-05   46.54592
1.1460E-05   46.60148
1.1471E-05   46.65713
1.1482E-05   46.71286
1.1493E-05   46.76867
1.1504E-05   46.82456
1.1514E-05   46.88054
1.1525E-05   46.93661
1.1536E-05   46.99276
1.1547E-05   47.04899
1.1558E-05   47.10531
1.1568E-05   47.16172
1.1579E-05   47.21820
1.1590E-05   47.27478
1.1601E-05   47.33144
1.1612E-05   47.38818
1.1622E-05   47.44502
1.1633E-05   47.50193
1.1644E-05   47.55894
1.1655E-05   47.61602
1.1665E-05   47.67320
1.1676E-05   47.73046
1.1687E-05   47.78781
1.1698E-05   47.84525
1.1708E-05   47.90277
1.1719E-05   47.96038
1.1730E-05   48.01808
1.1741E-05   48.07586
1.1751E-05   48.13373
1.1762E-05   48.19169
1.1773E-05   48.24974
1.1783E-05   48.30788
1.1794E-05   48.36610
1.1805E-05   48.42442
1.1815E-05   48.48282
1.1826E-05   48.54131
1.1837E-05   48.59989
1.1847E-05   48.65855
1.1858E-05   48.71731
1.1868E-05   48.77616
1.1879E-05   48.83510
1.1890E-05   48.89412
1.1900E-05   48.95324
1.1911E-05   49.01244
1.1922E-05   49.07174
1.1932E-05   49.13113
1.1943E-05   49.19060
1.1953E-05   49.25017
1.1964E-05   49.30983
1.1974E-05   49.36958
1.1985E-05   49.42942
1.1996E-05   49.48935
1.2006E-05   49.54937
1.2017E-05   49.60949
1.2027E-05   49.66970
