  "Time"          "Temp"          "Pres"          "Dens"          "Th_MIX"        "X_OH*"         "X_H"           "X_H2"          "X_O"           "X_O2"          "X_OH"          "X_HO2"         "X_H2O2"        "X_H2O"         "X_AR"         
  "s"             "K"             "Pa"            "kg/m3"         "s"             "none"          "none"          "none"          "none"          "none"          "none"          "none"          "none"          "none"          "none"         
    0.000000        944.7304       0.3935243E+11    10099.61      -0.3928010E-05    0.000000        0.000000        1.000000        0.000000       0.1082891E-09    0.000000        0.000000        0.000000        0.000000        0.000000    
   0.7620492E-15    944.7304       0.3935243E+11    10099.61      -0.3904051E-05   0.2746737E-42   0.5268075E-22    1.000000       0.4350079E-35   0.1082891E-09   0.1957570E-20   0.2037455E-23   0.2172643E-30   0.8076719E-23    0.000000    
   0.2286148E-14    944.7304       0.3935243E+11    10099.61      -0.3856371E-05   0.1248461E-41   0.1775623E-21    1.000000       0.1491913E-34   0.1082891E-09   0.5853189E-20   0.6112365E-23   0.1179435E-29   0.4375023E-22    0.000000    
   0.5334344E-14    944.7304       0.3935243E+11    10099.61      -0.3762203E-05   0.4532469E-41   0.5247358E-21    1.000000       0.4758407E-34   0.1082891E-09   0.1354702E-19   0.1426218E-22   0.5756092E-29   0.2125076E-21    0.000000    
   0.1143074E-13    944.7304       0.3935243E+11    10099.61      -0.3578278E-05   0.1104343E-40   0.1579548E-20    1.000000       0.1881030E-33   0.1082891E-09   0.2857421E-19   0.3056181E-22   0.2500952E-28   0.9104874E-21    0.000000    
   0.2362352E-13    944.7304       0.3935243E+11    10099.61      -0.3227891E-05   0.2439236E-40   0.5115758E-20    1.000000       0.9601632E-33   0.1082891E-09   0.5720201E-19   0.6316102E-22   0.1051982E-27   0.3733033E-20    0.000000    
   0.4800910E-13    944.7304       0.3935243E+11    10099.61      -0.2590978E-05   0.4859654E-40   0.1740593E-19    1.000000       0.5877490E-32   0.1082891E-09   0.1092399E-18   0.1283593E-21   0.4321343E-27   0.1459587E-19    0.000000    
   0.7239467E-13    944.7304       0.3935243E+11    10099.61      -0.2032287E-05   0.6983579E-40   0.3608717E-19    1.000000       0.1695141E-31   0.1082891E-09   0.1548866E-18   0.1935573E-21   0.9814333E-27   0.3184979E-19    0.000000    
   0.9678025E-13    944.7304       0.3935243E+11    10099.61      -0.1542760E-05   0.8841142E-40   0.6041918E-19    1.000000       0.3628499E-31   0.1082891E-09   0.1948826E-18   0.2587552E-21   0.1753171E-26   0.5475447E-19    0.000000    
   0.1211658E-12    944.7304       0.3935243E+11    10099.61      -0.1114023E-05   0.1046756E-39   0.8971802E-19    1.000000       0.6576724E-31   0.1082891E-09   0.2299118E-18   0.3239529E-21   0.2747371E-26   0.8262597E-19    0.000000    
   0.1699370E-12    944.7304       0.3935243E+11    10099.61      -0.4129787E-06   0.1312740E-39   0.1610965E-18    1.000000       0.1607547E-30   0.1082891E-09   0.2871894E-18   0.4543476E-21   0.5403174E-26   0.1511498E-18    0.000000    
   0.2187081E-12    944.7304       0.3935243E+11    10099.61       0.1226438E-06   0.1515824E-39   0.2459905E-18    1.000000       0.3127853E-30   0.1082891E-09   0.3309514E-18   0.5847417E-21   0.8948871E-26   0.2331891E-18    0.000000    
   0.2816687E-12    944.7304       0.3935243E+11    10099.61       0.6320264E-06   0.1709113E-39   0.3704594E-18    1.000000       0.6047910E-30   0.1082891E-09   0.3725696E-18   0.7530715E-21   0.1484207E-25   0.3539729E-18    0.000000    
   0.3446293E-12    944.7304       0.3935243E+11    10099.61       0.9943930E-06   0.1846655E-39   0.5069401E-18    1.000000       0.1013898E-29   0.1082891E-09   0.4021761E-18   0.9214002E-21   0.2221829E-25   0.4867683E-18    0.000000    
   0.4075899E-12    944.7304       0.3935243E+11    10099.61       0.1253482E-05   0.1944917E-39   0.6518588E-18    1.000000       0.1545008E-29   0.1082891E-09   0.4233446E-18   0.1089728E-20   0.3107752E-25   0.6280019E-18    0.000000    
   0.4705505E-12    944.7304       0.3935243E+11    10099.61       0.1438998E-05   0.2015284E-39   0.8027888E-18    1.000000       0.2199381E-29   0.1082891E-09   0.4385018E-18   0.1258054E-20   0.4141975E-25   0.7752466E-18    0.000000    
   0.5335111E-12    944.7304       0.3935243E+11    10099.61       0.1571709E-05   0.2065647E-39   0.9580330E-18    1.000000       0.2976045E-29   0.1082891E-09   0.4493448E-18   0.1426380E-20   0.5324496E-25   0.9268056E-18    0.000000    
   0.5964717E-12    944.7304       0.3935243E+11    10099.61       0.1667045E-05   0.2101812E-39   0.1116331E-17    1.000000       0.3872794E-29   0.1082891E-09   0.4571339E-18   0.1594705E-20   0.6655315E-25   0.1081418E-17    0.000000    
   0.6594323E-12    944.7304       0.3935243E+11    10099.61       0.1735433E-05   0.2127755E-39   0.1276831E-17    1.000000       0.4886324E-29   0.1082891E-09   0.4627215E-18   0.1763028E-20   0.8134431E-25   0.1238233E-17    0.000000    
   0.7853535E-12    944.7304       0.3935243E+11    10099.61       0.1821282E-05   0.2160322E-39   0.1601991E-17    1.000000       0.7248615E-29   0.1082891E-09   0.4697356E-18   0.2099672E-20   0.1153755E-24   0.1556023E-17    0.000000    
   0.9112747E-12    944.7304       0.3935243E+11    10099.61       0.1861603E-05   0.2175620E-39   0.1930871E-17    1.000000       0.1002826E-28   0.1082891E-09   0.4730300E-18   0.2436312E-20   0.1553385E-24   0.1877532E-17    0.000000    
   0.1037196E-11    944.7304       0.3935243E+11    10099.61       0.1880170E-05   0.2182665E-39   0.2261528E-17    1.000000       0.1319138E-28   0.1082891E-09   0.4745470E-18   0.2772948E-20   0.2012331E-24   0.2200819E-17    0.000000    
   0.1240595E-11    944.7304       0.3935243E+11    10099.61       0.1897705E-05   0.2189317E-39   0.2796652E-17    1.000000       0.1899766E-28   0.1082891E-09   0.4759797E-18   0.3316702E-20   0.2878949E-24   0.2724038E-17    0.000000    
   0.1443993E-11    944.7304       0.3935243E+11    10099.61       0.1900525E-05   0.2190387E-39   0.3332978E-17    1.000000       0.2589502E-28   0.1082891E-09   0.4762101E-18   0.3860442E-20   0.3968993E-24   0.3248458E-17    0.000000    
   0.1647392E-11    944.7304       0.3935243E+11    10099.61       0.1901857E-05   0.2190893E-39   0.3869426E-17    1.000000       0.3339069E-28   0.1082891E-09   0.4763189E-18   0.4404171E-20   0.5216370E-24   0.3773000E-17    0.000000    
   0.2054189E-11    944.7304       0.3935243E+11    10099.61       0.1902687E-05   0.2191208E-39   0.4942471E-17    1.000000       0.5017964E-28   0.1082891E-09   0.4763867E-18   0.5491586E-20   0.8342401E-24   0.4822235E-17    0.000000    
   0.2867784E-11    944.7304       0.3935243E+11    10099.61       0.1902994E-05   0.2191327E-39   0.7088672E-17    1.000000       0.8806248E-28   0.1082891E-09   0.4764118E-18   0.7666249E-20   0.1707027E-23   0.6920814E-17    0.000000    
   0.4494974E-11    944.7304       0.3935243E+11    10099.61       0.1903056E-05   0.2191359E-39   0.1138112E-16    1.000000       0.1713917E-27   0.1082891E-09   0.4764169E-18   0.1201491E-19   0.4442774E-23   0.1111802E-16    0.000000    
   0.7749353E-11    944.7304       0.3935243E+11    10099.61       0.1903062E-05   0.2191394E-39   0.1996603E-16    1.000000       0.3465637E-27   0.1082891E-09   0.4764174E-18   0.2070955E-19   0.1387374E-22   0.1951243E-16    0.000000    
   0.1425811E-10    944.7304       0.3935243E+11    10099.61       0.1903061E-05   0.2191518E-39   0.3713585E-16    1.000000       0.7024838E-27   0.1082890E-09   0.4764174E-18   0.3808814E-19   0.4856381E-22   0.3630127E-16    0.000000    
   0.2727563E-10    944.7304       0.3935243E+11    10099.61       0.1903059E-05   0.2192005E-39   0.7147554E-16    1.000000       0.1416314E-26   0.1082890E-09   0.4764173E-18   0.7280264E-19   0.1811788E-21   0.6987893E-16    0.000000    
   0.5331066E-10    944.7304       0.3935243E+11    10099.61       0.1903054E-05   0.2193933E-39   0.1401551E-15    1.000000       0.2844347E-26   0.1082890E-09   0.4764172E-18   0.1420616E-18   0.6987284E-21   0.1370342E-15    0.000000    
   0.1053807E-09    944.7304       0.3935243E+11    10099.61       0.1903045E-05   0.2201606E-39   0.2775147E-15    1.000000       0.5700462E-26   0.1082889E-09   0.4764169E-18   0.2799040E-18   0.2738185E-20   0.2713447E-15    0.000000    
   0.1574508E-09    944.7304       0.3935243E+11    10099.61       0.1903036E-05   0.2214368E-39   0.4148749E-15    1.000000       0.8556589E-26   0.1082889E-09   0.4764166E-18   0.4170758E-18   0.5777112E-20   0.4056552E-15    0.000000    
   0.2095209E-09    944.7304       0.3935243E+11    10099.61       0.1903027E-05   0.2232218E-39   0.5522357E-15    1.000000       0.1141273E-25   0.1082888E-09   0.4764163E-18   0.5535820E-18   0.9810661E-20   0.5399655E-15    0.000000    
   0.3136610E-09    944.7304       0.3935243E+11    10099.61       0.1903010E-05   0.2283184E-39   0.8269587E-15    1.000000       0.1712503E-25   0.1082887E-09   0.4764157E-18   0.8250469E-18   0.2019716E-19   0.8085860E-15    0.000000    
   0.4178011E-09    944.7304       0.3935243E+11    10099.61       0.1902994E-05   0.2354507E-39   0.1101684E-14    1.000000       0.2283738E-25   0.1082885E-09   0.4764151E-18   0.1094055E-17   0.3427577E-19   0.1077206E-14    0.000000    
   0.5219413E-09    944.7304       0.3935243E+11    10099.61       0.1902979E-05   0.2446185E-39   0.1376411E-14    1.000000       0.2854976E-25   0.1082884E-09   0.4764145E-18   0.1360526E-17   0.5218337E-19   0.1345826E-14    0.000000    
   0.7302215E-09    944.7304       0.3935243E+11    10099.61       0.1902951E-05   0.2690612E-39   0.1925872E-14    1.000000       0.3997466E-25   0.1082881E-09   0.4764133E-18   0.1885920E-17   0.9948895E-19   0.1883065E-14    0.000000    
   0.1146782E-08    944.7304       0.3935243E+11    10099.61       0.1902909E-05   0.3423759E-39   0.3024819E-14    1.000000       0.6282494E-25   0.1082876E-09   0.4764110E-18   0.2907667E-17   0.2389114E-18   0.2957538E-14    0.000000    
   0.1521687E-08    944.7304       0.3935243E+11    10099.61       0.1902883E-05   0.4362103E-39   0.4013899E-14    1.000000       0.8339069E-25   0.1082871E-09   0.4764089E-18   0.3795251E-17   0.4143724E-18   0.3924560E-14    0.000000    
   0.1896591E-08    944.7304       0.3935243E+11    10099.61       0.1902870E-05   0.5564319E-39   0.5003003E-14    1.000000       0.1039569E-24   0.1082866E-09   0.4764067E-18   0.4654084E-17   0.6356353E-18   0.4891577E-14    0.000000    
   0.2271495E-08    944.7304       0.3935243E+11    10099.61       0.1902867E-05   0.7030420E-39   0.5992129E-14    1.000000       0.1245235E-24   0.1082861E-09   0.4764046E-18   0.5485618E-17   0.9012474E-18   0.5858590E-14    0.000000    
   0.2646400E-08    944.7304       0.3935243E+11    10099.61       0.1902875E-05   0.8760422E-39   0.6981277E-14    1.000000       0.1450905E-24   0.1082856E-09   0.4764025E-18   0.6291247E-17   0.1209818E-17   0.6825599E-14    0.000000    
   0.3396209E-08    944.7304       0.3935243E+11    10099.61       0.1902921E-05   0.1301218E-38   0.8959630E-14    1.000000       0.1862254E-24   0.1082847E-09   0.4763982E-18   0.7829504E-17   0.1951120E-17   0.8759603E-14    0.000000    
   0.4146018E-08    944.7304       0.3935243E+11    10099.61       0.1903005E-05   0.1831966E-38   0.1093805E-13    1.000000       0.2273614E-24   0.1082837E-09   0.4763940E-18   0.9278883E-17   0.2849512E-17   0.1069359E-13    0.000000    
   0.4895827E-08    944.7304       0.3935243E+11    10099.61       0.1903122E-05   0.2468294E-38   0.1291653E-13    1.000000       0.2684982E-24   0.1082827E-09   0.4763897E-18   0.1064856E-16   0.3895819E-17   0.1262756E-13    0.000000    
   0.5645636E-08    944.7304       0.3935243E+11    10099.61       0.1903271E-05   0.3210206E-38   0.1489507E-13    1.000000       0.3096358E-24   0.1082818E-09   0.4763855E-18   0.1194661E-16   0.5081974E-17   0.1456151E-13    0.000000    
   0.6395445E-08    944.7304       0.3935243E+11    10099.61       0.1903448E-05   0.4057703E-38   0.1687364E-13    1.000000       0.3507737E-24   0.1082808E-09   0.4763812E-18   0.1318016E-16   0.6400831E-17   0.1649545E-13    0.000000    
   0.7145254E-08    944.7304       0.3935243E+11    10099.61       0.1903652E-05   0.5010789E-38   0.1885225E-13    1.000000       0.3919120E-24   0.1082798E-09   0.4763770E-18   0.1435570E-16   0.7845926E-17   0.1842937E-13    0.000000    
   0.7895062E-08    944.7304       0.3935243E+11    10099.61       0.1903880E-05   0.6069462E-38   0.2083089E-13    1.000000       0.4330504E-24   0.1082789E-09   0.4763727E-18   0.1547897E-16   0.9411503E-17   0.2036327E-13    0.000000    
   0.9394680E-08    944.7304       0.3935243E+11    10099.61       0.1904401E-05   0.8503569E-38   0.2478824E-13    1.000000       0.5153272E-24   0.1082769E-09   0.4763642E-18   0.1758906E-16   0.1288374E-16   0.2423102E-13    0.000000    
   0.1074434E-07    944.7304       0.3935243E+11    10099.61       0.1904936E-05   0.1105536E-37   0.2834990E-13    1.000000       0.5893756E-24   0.1082752E-09   0.4763566E-18   0.1935626E-16   0.1637392E-16   0.2771193E-13    0.000000    
   0.1213986E-07    944.7304       0.3935243E+11    10099.61       0.1905546E-05   0.1405358E-37   0.3203264E-13    1.000000       0.6659394E-24   0.1082734E-09   0.4763486E-18   0.2107564E-16   0.2032301E-16   0.3131109E-13    0.000000    
   0.1353539E-07    944.7304       0.3935243E+11    10099.61       0.1906208E-05   0.1741749E-37   0.3571537E-13    1.000000       0.7425013E-24   0.1082716E-09   0.4763407E-18   0.2270459E-16   0.2459880E-16   0.3491020E-13    0.000000    
   0.1493092E-07    944.7304       0.3935243E+11    10099.61       0.1906916E-05   0.2114704E-37   0.3939808E-13    1.000000       0.8190609E-24   0.1082698E-09   0.4763328E-18   0.2425917E-16   0.2918522E-16   0.3850924E-13    0.000000    
   0.1632644E-07    944.7304       0.3935243E+11    10099.61       0.1907665E-05   0.2524221E-37   0.4308075E-13    1.000000       0.8956178E-24   0.1082680E-09   0.4763249E-18   0.2575258E-16   0.3406905E-16   0.4210822E-13    0.000000    
   0.1772197E-07    944.7304       0.3935243E+11    10099.61       0.1908452E-05   0.2970294E-37   0.4676337E-13    1.000000       0.9721718E-24   0.1082661E-09   0.4763170E-18   0.2719568E-16   0.3923945E-16   0.4570715E-13    0.000000    
   0.1911750E-07    944.7304       0.3935243E+11    10099.61       0.1909272E-05   0.3452919E-37   0.5044592E-13    1.000000       0.1048722E-23   0.1082643E-09   0.4763090E-18   0.2859738E-16   0.4468748E-16   0.4930601E-13    0.000000    
   0.2051303E-07    944.7304       0.3935243E+11    10099.61       0.1910123E-05   0.3972091E-37   0.5412840E-13    1.000000       0.1125270E-23   0.1082625E-09   0.4763011E-18   0.2996497E-16   0.5040582E-16   0.5290481E-13    0.000000    
   0.2190855E-07    944.7304       0.3935243E+11    10099.61       0.1911004E-05   0.4527806E-37   0.5781079E-13    1.000000       0.1201813E-23   0.1082607E-09   0.4762932E-18   0.3130451E-16   0.5638843E-16   0.5650356E-13    0.000000    
   0.2469961E-07    944.7304       0.3935243E+11    10099.61       0.1912847E-05   0.5748838E-37   0.6517529E-13    1.000000       0.1354888E-23   0.1082571E-09   0.4762773E-18   0.3391825E-16   0.6912752E-16   0.6370087E-13    0.000000    
   0.2714086E-07    944.7304       0.3935243E+11    10099.61       0.1914540E-05   0.6936625E-37   0.7161645E-13    1.000000       0.1488765E-23   0.1082540E-09   0.4762635E-18   0.3615191E-16   0.8109701E-16   0.6999595E-13    0.000000    
   0.2958212E-07    944.7304       0.3935243E+11    10099.61       0.1916305E-05   0.8236155E-37   0.7805724E-13    1.000000       0.1622629E-23   0.1082508E-09   0.4762496E-18   0.3835151E-16   0.9382318E-16   0.7629086E-13    0.000000    
   0.3202338E-07    944.7304       0.3935243E+11    10099.61       0.1918136E-05   0.9647395E-37   0.8449764E-13    1.000000       0.1756478E-23   0.1082476E-09   0.4762357E-18   0.4052681E-16   0.1072962E-15   0.8258558E-13    0.000000    
   0.3446463E-07    944.7304       0.3935243E+11    10099.61       0.1920033E-05   0.1117031E-36   0.9093761E-13    1.000000       0.1890313E-23   0.1082445E-09   0.4762219E-18   0.4268465E-16   0.1215090E-15   0.8888012E-13    0.000000    
   0.3690589E-07    944.7304       0.3935243E+11    10099.61       0.1921993E-05   0.1280487E-36   0.9737714E-13    1.000000       0.2024133E-23   0.1082413E-09   0.4762080E-18   0.4482995E-16   0.1364568E-15   0.9517447E-13    0.000000    
   0.3934715E-07    944.7304       0.3935243E+11    10099.61       0.1924015E-05   0.1455102E-36   0.1038162E-12    1.000000       0.2157937E-23   0.1082381E-09   0.4761941E-18   0.4696631E-16   0.1521357E-15   0.1014686E-12    0.000000    
   0.4178840E-07    944.7304       0.3935243E+11    10099.61       0.1926097E-05   0.1640875E-36   0.1102548E-12    1.000000       0.2291725E-23   0.1082350E-09   0.4761802E-18   0.4909627E-16   0.1685431E-15   0.1077626E-12    0.000000    
   0.4422966E-07    944.7304       0.3935243E+11    10099.61       0.1928240E-05   0.1837799E-36   0.1166928E-12    1.000000       0.2425497E-23   0.1082318E-09   0.4761664E-18   0.5122158E-16   0.1856772E-15   0.1140564E-12    0.000000    
   0.4911217E-07    944.7304       0.3935243E+11    10099.61       0.1932705E-05   0.2265090E-36   0.1295673E-12    1.000000       0.2692989E-23   0.1082255E-09   0.4761386E-18   0.5546280E-16   0.2221205E-15   0.1266435E-12    0.000000    
   0.5399469E-07    944.7304       0.3935243E+11    10099.61       0.1937407E-05   0.2736939E-36   0.1424394E-12    1.000000       0.2960410E-23   0.1082191E-09   0.4761108E-18   0.5969614E-16   0.2614586E-15   0.1392298E-12    0.000000    
   0.5838895E-07    944.7304       0.3935243E+11    10099.61       0.1941840E-05   0.3199671E-36   0.1540223E-12    1.000000       0.3201025E-23   0.1082134E-09   0.4760858E-18   0.6350235E-16   0.2993341E-15   0.1505569E-12    0.000000    
   0.6278321E-07    944.7304       0.3935243E+11    10099.61       0.1946463E-05   0.3698439E-36   0.1656030E-12    1.000000       0.3441578E-23   0.1082077E-09   0.4760608E-18   0.6730634E-16   0.3395487E-15   0.1618833E-12    0.000000    
   0.6717747E-07    944.7304       0.3935243E+11    10099.61       0.1951276E-05   0.4233212E-36   0.1771815E-12    1.000000       0.3682066E-23   0.1082020E-09   0.4760358E-18   0.7110857E-16   0.3821014E-15   0.1732092E-12    0.000000    
   0.7157173E-07    944.7304       0.3935243E+11    10099.61       0.1956278E-05   0.4803961E-36   0.1887576E-12    1.000000       0.3922486E-23   0.1081963E-09   0.4760108E-18   0.7490918E-16   0.4269912E-15   0.1845345E-12    0.000000    
   0.7596599E-07    944.7304       0.3935243E+11    10099.61       0.1961470E-05   0.5410652E-36   0.2003314E-12    1.000000       0.4162837E-23   0.1081906E-09   0.4759857E-18   0.7870832E-16   0.4742171E-15   0.1958592E-12    0.000000    
   0.8036026E-07    944.7304       0.3935243E+11    10099.61       0.1966851E-05   0.6053251E-36   0.2119025E-12    1.000000       0.4403115E-23   0.1081849E-09   0.4759607E-18   0.8250611E-16   0.5237784E-15   0.2071833E-12    0.000000    
   0.8914878E-07    944.7304       0.3935243E+11    10099.61       0.1978179E-05   0.7446036E-36   0.2350366E-12    1.000000       0.4883447E-23   0.1081734E-09   0.4759106E-18   0.9009780E-16   0.6299036E-15   0.2298297E-12    0.000000    
   0.9793730E-07    944.7304       0.3935243E+11    10099.61       0.1990261E-05   0.8982017E-36   0.2581591E-12    1.000000       0.5363461E-23   0.1081620E-09   0.4758604E-18   0.9768430E-16   0.7453600E-15   0.2524737E-12    0.000000    
   0.1067258E-06    944.7304       0.3935243E+11    10099.61       0.2003096E-05   0.1066087E-35   0.2812690E-12    1.000000       0.5843139E-23   0.1081505E-09   0.4758103E-18   0.1052653E-15   0.8701408E-15   0.2751153E-12    0.000000    
   0.1191352E-06    944.7304       0.3935243E+11    10099.61       0.2022495E-05   0.1327404E-35   0.3138771E-12    1.000000       0.6519835E-23   0.1081343E-09   0.4757394E-18   0.1159597E-15   0.1062195E-14   0.3070811E-12    0.000000    
   0.1315445E-06    944.7304       0.3935243E+11    10099.61       0.2043385E-05   0.1617035E-35   0.3464557E-12    1.000000       0.7195771E-23   0.1081181E-09   0.4756684E-18   0.1266416E-15   0.1272805E-14   0.3390421E-12    0.000000    
   0.1439539E-06    944.7304       0.3935243E+11    10099.61       0.2065759E-05   0.1934865E-35   0.3790026E-12    1.000000       0.7870893E-23   0.1081019E-09   0.4755974E-18   0.1373103E-15   0.1501948E-14   0.3709984E-12    0.000000    
   0.1563633E-06    944.7304       0.3935243E+11    10099.61       0.2089612E-05   0.2280775E-35   0.4115150E-12    1.000000       0.8545150E-23   0.1080857E-09   0.4755264E-18   0.1479650E-15   0.1749599E-14   0.4029499E-12    0.000000    
   0.1687726E-06    944.7304       0.3935243E+11    10099.61       0.2114936E-05   0.2654634E-35   0.4439905E-12    1.000000       0.9218490E-23   0.1080694E-09   0.4754552E-18   0.1586048E-15   0.2015732E-14   0.4348966E-12    0.000000    
   0.1935913E-06    944.7304       0.3935243E+11    10099.61       0.2169970E-05   0.3485638E-35   0.5088208E-12    1.000000       0.1056221E-22   0.1080369E-09   0.4753128E-18   0.1798367E-15   0.2603339E-14   0.4987757E-12    0.000000    
   0.2184101E-06    944.7304       0.3935243E+11    10099.61       0.2230797E-05   0.4426669E-35   0.5734738E-12    1.000000       0.1190163E-22   0.1080043E-09   0.4751702E-18   0.2009992E-15   0.3264536E-14   0.5626356E-12    0.000000    
   0.2432288E-06    944.7304       0.3935243E+11    10099.61       0.2297347E-05   0.5476387E-35   0.6379296E-12    1.000000       0.1323636E-22   0.1079716E-09   0.4750273E-18   0.2220861E-15   0.3999067E-14   0.6264764E-12    0.000000    
   0.2680475E-06    944.7304       0.3935243E+11    10099.61       0.2369543E-05   0.6633324E-35   0.7021691E-12    1.000000       0.1456598E-22   0.1079389E-09   0.4748842E-18   0.2430909E-15   0.4806656E-14   0.6902980E-12    0.000000    
   0.2928662E-06    944.7304       0.3935243E+11    10099.61       0.2447300E-05   0.7895888E-35   0.7661729E-12    1.000000       0.1589010E-22   0.1079061E-09   0.4747408E-18   0.2640074E-15   0.5687003E-14   0.7541003E-12    0.000000    
   0.3176849E-06    944.7304       0.3935243E+11    10099.61       0.2530530E-05   0.9262366E-35   0.8299224E-12    1.000000       0.1720833E-22   0.1078732E-09   0.4745973E-18   0.2848295E-15   0.6639788E-14   0.8178833E-12    0.000000    
   0.3425037E-06    944.7304       0.3935243E+11    10099.61       0.2619136E-05   0.1073093E-34   0.8933988E-12    1.000000       0.1852028E-22   0.1078403E-09   0.4744535E-18   0.3055510E-15   0.7664668E-14   0.8816470E-12    0.000000    
   0.3921411E-06    944.7304       0.3935243E+11    10099.61       0.2812061E-05   0.1396644E-34   0.1019460E-11    1.000000       0.2112385E-22   0.1077742E-09   0.4741652E-18   0.3466688E-15   0.9929243E-14   0.1009116E-11    0.000000    
   0.4368148E-06    944.7304       0.3935243E+11    10099.61       0.3002999E-05   0.1720697E-34   0.1131803E-11    1.000000       0.2344188E-22   0.1077146E-09   0.4739050E-18   0.3832726E-15   0.1221007E-13   0.1123773E-11    0.000000    
   0.4814885E-06    944.7304       0.3935243E+11    10099.61       0.3209607E-05   0.2074501E-34   0.1242989E-11    1.000000       0.2573394E-22   0.1076547E-09   0.4736441E-18   0.4194618E-15   0.1471825E-13   0.1238366E-11    0.000000    
   0.5261622E-06    944.7304       0.3935243E+11    10099.61       0.3431137E-05   0.2456634E-34   0.1352924E-11    1.000000       0.2799805E-22   0.1075947E-09   0.4733825E-18   0.4552059E-15   0.1745106E-13   0.1352896E-11    0.000000    
   0.5708359E-06    944.7304       0.3935243E+11    10099.61       0.3666798E-05   0.2865596E-34   0.1461517E-11    1.000000       0.3023238E-22   0.1075345E-09   0.4731202E-18   0.4904756E-15   0.2040561E-13   0.1467362E-11    0.000000    
   0.6155096E-06    944.7304       0.3935243E+11    10099.61       0.3915762E-05   0.3299815E-34   0.1568683E-11    1.000000       0.3243517E-22   0.1074741E-09   0.4728572E-18   0.5252435E-15   0.2357884E-13   0.1581765E-11    0.000000    
   0.6601833E-06    944.7304       0.3935243E+11    10099.61       0.4177174E-05   0.3757665E-34   0.1674342E-11    1.000000       0.3460476E-22   0.1074135E-09   0.4725936E-18   0.5594836E-15   0.2696749E-13   0.1696105E-11    0.000000    
   0.7048570E-06    944.7304       0.3935243E+11    10099.61       0.4450149E-05   0.4237469E-34   0.1778419E-11    1.000000       0.3673963E-22   0.1073527E-09   0.4723293E-18   0.5931721E-15   0.3056819E-13   0.1810380E-11    0.000000    
   0.7495307E-06    944.7304       0.3935243E+11    10099.61       0.4733787E-05   0.4737521E-34   0.1880844E-11    1.000000       0.3883836E-22   0.1072918E-09   0.4720644E-18   0.6262865E-15   0.3437739E-13   0.1924592E-11    0.000000    
   0.7942043E-06    944.7304       0.3935243E+11    10099.61       0.5027174E-05   0.5256086E-34   0.1981553E-11    1.000000       0.4089963E-22   0.1072306E-09   0.4717988E-18   0.6588064E-15   0.3839142E-13   0.2038739E-11    0.000000    
   0.8388780E-06    944.7304       0.3935243E+11    10099.61       0.5329388E-05   0.5791418E-34   0.2080488E-11    1.000000       0.4292227E-22   0.1071694E-09   0.4715326E-18   0.6907134E-15   0.4260649E-13   0.2152822E-11    0.000000    
   0.8835517E-06    944.7304       0.3935243E+11    10099.61       0.5639506E-05   0.6341771E-34   0.2177595E-11    1.000000       0.4490519E-22   0.1071079E-09   0.4712658E-18   0.7219907E-15   0.4701870E-13   0.2266841E-11    0.000000    
   0.9282254E-06    944.7304       0.3935243E+11    10099.61       0.5956610E-05   0.6905403E-34   0.2272826E-11    1.000000       0.4684745E-22   0.1070463E-09   0.4709985E-18   0.7526235E-15   0.5162404E-13   0.2380795E-11    0.000000    
   0.9728991E-06    944.7304       0.3935243E+11    10099.61       0.6279787E-05   0.7480590E-34   0.2366140E-11    1.000000       0.4874821E-22   0.1069845E-09   0.4707306E-18   0.7825987E-15   0.5641844E-13   0.2494685E-11    0.000000    
   0.1017573E-05    944.7304       0.3935243E+11    10099.61       0.6608142E-05   0.8065636E-34   0.2457500E-11    1.000000       0.5060675E-22   0.1069226E-09   0.4704621E-18   0.8119052E-15   0.6139772E-13   0.2608509E-11    0.000000    
   0.1062247E-05    944.7304       0.3935243E+11    10099.61       0.6940793E-05   0.8658876E-34   0.2546875E-11    1.000000       0.5242245E-22   0.1068605E-09   0.4701931E-18   0.8405335E-15   0.6655766E-13   0.2722269E-11    0.000000    
   0.1106920E-05    944.7304       0.3935243E+11    10099.61       0.7276883E-05   0.9258689E-34   0.2634238E-11    1.000000       0.5419484E-22   0.1067983E-09   0.4699236E-18   0.8684760E-15   0.7189398E-13   0.2835963E-11    0.000000    
   0.1151594E-05    944.7304       0.3935243E+11    10099.61       0.7615578E-05   0.9863500E-34   0.2719570E-11    1.000000       0.5592350E-22   0.1067360E-09   0.4696535E-18   0.8957268E-15   0.7740236E-13   0.2949592E-11    0.000000    
   0.1196268E-05    944.7304       0.3935243E+11    10099.61       0.7956073E-05   0.1047179E-33   0.2802853E-11    1.000000       0.5760817E-22   0.1066735E-09   0.4693830E-18   0.9222815E-15   0.8307844E-13   0.3063156E-11    0.000000    
   0.1240941E-05    944.7304       0.3935243E+11    10099.61       0.8297592E-05   0.1108209E-33   0.2884078E-11    1.000000       0.5924865E-22   0.1066109E-09   0.4691120E-18   0.9481375E-15   0.8891785E-13   0.3176654E-11    0.000000    
   0.1285615E-05    944.7304       0.3935243E+11    10099.61       0.8639395E-05   0.1169302E-33   0.2963237E-11    1.000000       0.6084486E-22   0.1065481E-09   0.4688406E-18   0.9732934E-15   0.9491621E-13   0.3290087E-11    0.000000    
   0.1330289E-05    944.7304       0.3935243E+11    10099.61       0.8980775E-05   0.1230323E-33   0.3040329E-11    1.000000       0.6239681E-22   0.1064853E-09   0.4685687E-18   0.9977497E-15   0.1010691E-12   0.3403454E-11    0.000000    
   0.1374962E-05    944.7304       0.3935243E+11    10099.61       0.9321062E-05   0.1291147E-33   0.3115356E-11    1.000000       0.6390458E-22   0.1064223E-09   0.4682964E-18   0.1021508E-14   0.1073722E-12   0.3516756E-11    0.000000    
   0.1419636E-05    944.7304       0.3935243E+11    10099.61       0.9659626E-05   0.1351655E-33   0.3188323E-11    1.000000       0.6536835E-22   0.1063592E-09   0.4680237E-18   0.1044571E-14   0.1138211E-12   0.3629991E-11    0.000000    
   0.1464310E-05    944.7304       0.3935243E+11    10099.61       0.9995873E-05   0.1411736E-33   0.3259241E-11    1.000000       0.6678837E-22   0.1062960E-09   0.4677506E-18   0.1066942E-14   0.1204114E-12   0.3743160E-11    0.000000    
   0.1508983E-05    944.7304       0.3935243E+11    10099.61       0.1032925E-04   0.1471285E-33   0.3328122E-11    1.000000       0.6816498E-22   0.1062327E-09   0.4674771E-18   0.1088629E-14   0.1271389E-12   0.3856264E-11    0.000000    
   0.1553657E-05    944.7304       0.3935243E+11    10099.61       0.1065924E-04   0.1530205E-33   0.3394985E-11    1.000000       0.6949856E-22   0.1061693E-09   0.4672033E-18   0.1109635E-14   0.1339992E-12   0.3969301E-11    0.000000    
   0.1598331E-05    944.7304       0.3935243E+11    10099.61       0.1098537E-04   0.1588409E-33   0.3459848E-11    1.000000       0.7078957E-22   0.1061058E-09   0.4669291E-18   0.1129970E-14   0.1409882E-12   0.4082272E-11    0.000000    
   0.1643005E-05    944.7304       0.3935243E+11    10099.61       0.1130720E-04   0.1645813E-33   0.3522733E-11    1.000000       0.7203852E-22   0.1060422E-09   0.4666547E-18   0.1149640E-14   0.1481016E-12   0.4195177E-11    0.000000    
   0.1687678E-05    944.7304       0.3935243E+11    10099.61       0.1162434E-04   0.1702345E-33   0.3583666E-11    1.000000       0.7324599E-22   0.1059786E-09   0.4663799E-18   0.1168656E-14   0.1553353E-12   0.4308015E-11    0.000000    
   0.1732352E-05    944.7304       0.3935243E+11    10099.61       0.1193642E-04   0.1757935E-33   0.3642675E-11    1.000000       0.7441259E-22   0.1059148E-09   0.4661048E-18   0.1187027E-14   0.1626852E-12   0.4420786E-11    0.000000    
   0.1777026E-05    944.7304       0.3935243E+11    10099.61       0.1224312E-04   0.1812525E-33   0.3699788E-11    1.000000       0.7553898E-22   0.1058510E-09   0.4658294E-18   0.1204764E-14   0.1701473E-12   0.4533492E-11    0.000000    
   0.1821699E-05    944.7304       0.3935243E+11    10099.61       0.1254416E-04   0.1866059E-33   0.3755037E-11    1.000000       0.7662585E-22   0.1057871E-09   0.4655538E-18   0.1221877E-14   0.1777178E-12   0.4646130E-11    0.000000    
   0.1866373E-05    944.7304       0.3935243E+11    10099.61       0.1283928E-04   0.1918493E-33   0.3808455E-11    1.000000       0.7767394E-22   0.1057231E-09   0.4652779E-18   0.1238378E-14   0.1853926E-12   0.4758702E-11    0.000000    
   0.1911047E-05    944.7304       0.3935243E+11    10099.61       0.1312826E-04   0.1969783E-33   0.3860077E-11    1.000000       0.7868401E-22   0.1056590E-09   0.4650018E-18   0.1254280E-14   0.1931680E-12   0.4871207E-11    0.000000    
   0.1955720E-05    944.7304       0.3935243E+11    10099.61       0.1341090E-04   0.2019896E-33   0.3909938E-11    1.000000       0.7965684E-22   0.1055949E-09   0.4647255E-18   0.1269594E-14   0.2010404E-12   0.4983646E-11    0.000000    
   0.2000394E-05    944.7304       0.3935243E+11    10099.61       0.1368706E-04   0.2068801E-33   0.3958076E-11    1.000000       0.8059326E-22   0.1055308E-09   0.4644489E-18   0.1284334E-14   0.2090059E-12   0.5096017E-11    0.000000    
   0.2045068E-05    944.7304       0.3935243E+11    10099.61       0.1395660E-04   0.2116476E-33   0.4004528E-11    1.000000       0.8149407E-22   0.1054665E-09   0.4641722E-18   0.1298513E-14   0.2170612E-12   0.5208322E-11    0.000000    
   0.2089741E-05    944.7304       0.3935243E+11    10099.61       0.1421941E-04   0.2162901E-33   0.4049334E-11    1.000000       0.8236014E-22   0.1054023E-09   0.4638953E-18   0.1312144E-14   0.2252027E-12   0.5320560E-11    0.000000    
   0.2134415E-05    944.7304       0.3935243E+11    10099.61       0.1447542E-04   0.2208061E-33   0.4092531E-11    1.000000       0.8319230E-22   0.1053379E-09   0.4636182E-18   0.1325241E-14   0.2334271E-12   0.5432730E-11    0.000000    
   0.2179089E-05    944.7304       0.3935243E+11    10099.61       0.1472457E-04   0.2251948E-33   0.4134161E-11    1.000000       0.8399143E-22   0.1052736E-09   0.4633410E-18   0.1337817E-14   0.2417309E-12   0.5544834E-11    0.000000    
   0.2223763E-05    944.7304       0.3935243E+11    10099.61       0.1496683E-04   0.2294554E-33   0.4174263E-11    1.000000       0.8475839E-22   0.1052092E-09   0.4630636E-18   0.1349886E-14   0.2501111E-12   0.5656871E-11    0.000000    
   0.2268436E-05    944.7304       0.3935243E+11    10099.61       0.1520219E-04   0.2335880E-33   0.4212876E-11    1.000000       0.8549405E-22   0.1051447E-09   0.4627861E-18   0.1361462E-14   0.2585645E-12   0.5768841E-11    0.000000    
   0.2313110E-05    944.7304       0.3935243E+11    10099.61       0.1543065E-04   0.2375925E-33   0.4250043E-11    1.000000       0.8619927E-22   0.1050802E-09   0.4625085E-18   0.1372558E-14   0.2670880E-12   0.5880743E-11    0.000000    
   0.2357784E-05    944.7304       0.3935243E+11    10099.61       0.1565223E-04   0.2414696E-33   0.4285802E-11    1.000000       0.8687494E-22   0.1050157E-09   0.4622307E-18   0.1383189E-14   0.2756786E-12   0.5992578E-11    0.000000    
   0.2402457E-05    944.7304       0.3935243E+11    10099.61       0.1586698E-04   0.2452200E-33   0.4320194E-11    1.000000       0.8752190E-22   0.1049512E-09   0.4619529E-18   0.1393367E-14   0.2843335E-12   0.6104347E-11    0.000000    
   0.2447131E-05    944.7304       0.3935243E+11    10099.61       0.1607495E-04   0.2488448E-33   0.4353259E-11    1.000000       0.8814103E-22   0.1048866E-09   0.4616750E-18   0.1403107E-14   0.2930500E-12   0.6216048E-11    0.000000    
   0.2536478E-05    944.7304       0.3935243E+11    10099.61       0.1647082E-04   0.2557228E-33   0.4415565E-11    1.000000       0.8929914E-22   0.1047574E-09   0.4611190E-18   0.1421324E-14   0.3106567E-12   0.6439248E-11    0.000000    
   0.2616891E-05    944.7304       0.3935243E+11    10099.61       0.1680470E-04   0.2614986E-33   0.4467494E-11    1.000000       0.9025465E-22   0.1046410E-09   0.4606183E-18   0.1436353E-14   0.3266867E-12   0.6639899E-11    0.000000    
   0.2697304E-05    944.7304       0.3935243E+11    10099.61       0.1711797E-04   0.2668936E-33   0.4515723E-11    1.000000       0.9113284E-22   0.1045246E-09   0.4601175E-18   0.1450164E-14   0.3428765E-12   0.6840332E-11    0.000000    
   0.2777716E-05    944.7304       0.3935243E+11    10099.61       0.1741130E-04   0.2719204E-33   0.4560468E-11    1.000000       0.9193830E-22   0.1044081E-09   0.4596167E-18   0.1462829E-14   0.3592126E-12   0.7040546E-11    0.000000    
   0.2858129E-05    944.7304       0.3935243E+11    10099.61       0.1768542E-04   0.2765930E-33   0.4601937E-11    1.000000       0.9267546E-22   0.1042916E-09   0.4591158E-18   0.1474420E-14   0.3756826E-12   0.7240543E-11    0.000000    
   0.2938542E-05    944.7304       0.3935243E+11    10099.61       0.1794111E-04   0.2809261E-33   0.4640328E-11    1.000000       0.9334856E-22   0.1041751E-09   0.4586150E-18   0.1485002E-14   0.3922748E-12   0.7440322E-11    0.000000    
   0.3018954E-05    944.7304       0.3935243E+11    10099.61       0.1817918E-04   0.2849348E-33   0.4675833E-11    1.000000       0.9396167E-22   0.1040587E-09   0.4581141E-18   0.1494639E-14   0.4089780E-12   0.7639883E-11    0.000000    
   0.3099367E-05    944.7304       0.3935243E+11    10099.61       0.1840044E-04   0.2886347E-33   0.4708635E-11    1.000000       0.9451868E-22   0.1039422E-09   0.4576134E-18   0.1503393E-14   0.4257821E-12   0.7839226E-11    0.000000    
   0.3179780E-05    944.7304       0.3935243E+11    10099.61       0.1860572E-04   0.2920412E-33   0.4738909E-11    1.000000       0.9502328E-22   0.1038257E-09   0.4571128E-18   0.1511323E-14   0.4426774E-12   0.8038351E-11    0.000000    
   0.3260192E-05    944.7304       0.3935243E+11    10099.61       0.1879585E-04   0.2951700E-33   0.4766819E-11    1.000000       0.9547897E-22   0.1037093E-09   0.4566124E-18   0.1518482E-14   0.4596549E-12   0.8237258E-11    0.000000    
   0.3340605E-05    944.7304       0.3935243E+11    10099.61       0.1897165E-04   0.2980363E-33   0.4792523E-11    1.000000       0.9588907E-22   0.1035929E-09   0.4561122E-18   0.1524925E-14   0.4767062E-12   0.8435948E-11    0.000000    
   0.3421018E-05    944.7304       0.3935243E+11    10099.61       0.1913392E-04   0.3006551E-33   0.4816170E-11    1.000000       0.9625671E-22   0.1034765E-09   0.4556121E-18   0.1530698E-14   0.4938236E-12   0.8634420E-11    0.000000    
   0.3501430E-05    944.7304       0.3935243E+11    10099.61       0.1928344E-04   0.3030411E-33   0.4837898E-11    1.000000       0.9658484E-22   0.1033602E-09   0.4551124E-18   0.1535851E-14   0.5109998E-12   0.8832674E-11    0.000000    
   0.3581843E-05    944.7304       0.3935243E+11    10099.61       0.1942097E-04   0.3052083E-33   0.4857840E-11    1.000000       0.9687624E-22   0.1032439E-09   0.4546129E-18   0.1540425E-14   0.5282280E-12   0.9030711E-11    0.000000    
   0.3662255E-05    944.7304       0.3935243E+11    10099.61       0.1954723E-04   0.3071703E-33   0.4876120E-11    1.000000       0.9713351E-22   0.1031278E-09   0.4541137E-18   0.1544462E-14   0.5455019E-12   0.9228531E-11    0.000000    
   0.3742668E-05    944.7304       0.3935243E+11    10099.61       0.1966294E-04   0.3089403E-33   0.4892854E-11    1.000000       0.9735909E-22   0.1030116E-09   0.4536148E-18   0.1548001E-14   0.5628157E-12   0.9426134E-11    0.000000    
   0.3823081E-05    944.7304       0.3935243E+11    10099.61       0.1976876E-04   0.3105307E-33   0.4908152E-11    1.000000       0.9755528E-22   0.1028956E-09   0.4531163E-18   0.1551077E-14   0.5801641E-12   0.9623519E-11    0.000000    
   0.3903493E-05    944.7304       0.3935243E+11    10099.61       0.1986533E-04   0.3119534E-33   0.4922115E-11    1.000000       0.9772421E-22   0.1027796E-09   0.4526182E-18   0.1553724E-14   0.5975419E-12   0.9820688E-11    0.000000    
   0.3983906E-05    944.7304       0.3935243E+11    10099.61       0.1995326E-04   0.3132196E-33   0.4934839E-11    1.000000       0.9786788E-22   0.1026637E-09   0.4521204E-18   0.1555974E-14   0.6149446E-12   0.1001764E-10    0.000000    
   0.4064319E-05    944.7304       0.3935243E+11    10099.61       0.2003312E-04   0.3143401E-33   0.4946413E-11    1.000000       0.9798816E-22   0.1025480E-09   0.4516230E-18   0.1557855E-14   0.6323678E-12   0.1021438E-10    0.000000    
   0.4144731E-05    944.7304       0.3935243E+11    10099.61       0.2010547E-04   0.3153249E-33   0.4956921E-11    1.000000       0.9808677E-22   0.1024323E-09   0.4511260E-18   0.1559396E-14   0.6498075E-12   0.1041089E-10    0.000000    
   0.4225144E-05    944.7304       0.3935243E+11    10099.61       0.2017082E-04   0.3161835E-33   0.4966440E-11    1.000000       0.9816535E-22   0.1023166E-09   0.4506294E-18   0.1560622E-14   0.6672601E-12   0.1060720E-10    0.000000    
   0.4305557E-05    944.7304       0.3935243E+11    10099.61       0.2022965E-04   0.3169249E-33   0.4975042E-11    1.000000       0.9822540E-22   0.1022011E-09   0.4501333E-18   0.1561556E-14   0.6847221E-12   0.1080328E-10    0.000000    
   0.4385969E-05    944.7304       0.3935243E+11    10099.61       0.2028242E-04   0.3175574E-33   0.4982795E-11    1.000000       0.9826831E-22   0.1020857E-09   0.4496376E-18   0.1562221E-14   0.7021904E-12   0.1099916E-10    0.000000    
   0.4466382E-05    944.7304       0.3935243E+11    10099.61       0.2032955E-04   0.3180890E-33   0.4989761E-11    1.000000       0.9829539E-22   0.1019704E-09   0.4491424E-18   0.1562637E-14   0.7196620E-12   0.1119481E-10    0.000000    
   0.4546795E-05    944.7304       0.3935243E+11    10099.61       0.2037146E-04   0.3185270E-33   0.4995999E-11    1.000000       0.9830784E-22   0.1018552E-09   0.4486477E-18   0.1562822E-14   0.7371343E-12   0.1139025E-10    0.000000    
   0.4627207E-05    944.7304       0.3935243E+11    10099.61       0.2040850E-04   0.3188783E-33   0.5001563E-11    1.000000       0.9830679E-22   0.1017402E-09   0.4481534E-18   0.1562795E-14   0.7546048E-12   0.1158548E-10    0.000000    
   0.4707620E-05    944.7304       0.3935243E+11    10099.61       0.2044103E-04   0.3191494E-33   0.5006502E-11    1.000000       0.9829326E-22   0.1016252E-09   0.4476596E-18   0.1562572E-14   0.7720712E-12   0.1178049E-10    0.000000    
   0.4788033E-05    944.7304       0.3935243E+11    10099.61       0.2046939E-04   0.3193461E-33   0.5010864E-11    1.000000       0.9826824E-22   0.1015103E-09   0.4471663E-18   0.1562168E-14   0.7895313E-12   0.1197528E-10    0.000000    
   0.4868445E-05    944.7304       0.3935243E+11    10099.61       0.2049387E-04   0.3194741E-33   0.5014692E-11    1.000000       0.9823260E-22   0.1013956E-09   0.4466735E-18   0.1561597E-14   0.8069832E-12   0.1216986E-10    0.000000    
   0.4948858E-05    944.7304       0.3935243E+11    10099.61       0.2051477E-04   0.3195387E-33   0.5018026E-11    1.000000       0.9818718E-22   0.1012810E-09   0.4461812E-18   0.1560872E-14   0.8244252E-12   0.1236423E-10    0.000000    
   0.5029270E-05    944.7304       0.3935243E+11    10099.61       0.2053233E-04   0.3195446E-33   0.5020902E-11    1.000000       0.9813274E-22   0.1011665E-09   0.4456894E-18   0.1560006E-14   0.8418555E-12   0.1255838E-10    0.000000    
   0.5109683E-05    944.7304       0.3935243E+11    10099.61       0.2054682E-04   0.3194963E-33   0.5023356E-11    1.000000       0.9806999E-22   0.1010521E-09   0.4451982E-18   0.1559008E-14   0.8592726E-12   0.1275232E-10    0.000000    
   0.5190096E-05    944.7304       0.3935243E+11    10099.61       0.2055847E-04   0.3193981E-33   0.5025419E-11    1.000000       0.9799958E-22   0.1009378E-09   0.4447074E-18   0.1557890E-14   0.8766751E-12   0.1294604E-10    0.000000    
   0.5270508E-05    944.7304       0.3935243E+11    10099.61       0.2056747E-04   0.3192537E-33   0.5027122E-11    1.000000       0.9792212E-22   0.1008237E-09   0.4442172E-18   0.1556661E-14   0.8940617E-12   0.1313956E-10    0.000000    
   0.5350921E-05    944.7304       0.3935243E+11    10099.61       0.2057404E-04   0.3190669E-33   0.5028490E-11    1.000000       0.9783818E-22   0.1007097E-09   0.4437275E-18   0.1555331E-14   0.9114312E-12   0.1333285E-10    0.000000    
   0.5431334E-05    944.7304       0.3935243E+11    10099.61       0.2057836E-04   0.3188408E-33   0.5029550E-11    1.000000       0.9774826E-22   0.1005958E-09   0.4432383E-18   0.1553906E-14   0.9287826E-12   0.1352594E-10    0.000000    
   0.5511746E-05    944.7304       0.3935243E+11    10099.61       0.2058059E-04   0.3185787E-33   0.5030325E-11    1.000000       0.9765285E-22   0.1004820E-09   0.4427497E-18   0.1552395E-14   0.9461147E-12   0.1371881E-10    0.000000    
   0.5592159E-05    944.7304       0.3935243E+11    10099.61       0.2058090E-04   0.3182833E-33   0.5030836E-11    1.000000       0.9755239E-22   0.1003684E-09   0.4422617E-18   0.1550804E-14   0.9634267E-12   0.1391147E-10    0.000000    
   0.5752984E-05    944.7304       0.3935243E+11    10099.61       0.2057632E-04   0.3176033E-33   0.5031148E-11    1.000000       0.9733794E-22   0.1001415E-09   0.4412871E-18   0.1547410E-14   0.9979870E-12   0.1429615E-10    0.000000    
   0.5897727E-05    944.7304       0.3935243E+11    10099.61       0.2056697E-04   0.3169022E-33   0.5030714E-11    1.000000       0.9713145E-22   0.9993769E-10   0.4404119E-18   0.1544143E-14   0.1029015E-11   0.1464164E-10    0.000000    
   0.6042470E-05    944.7304       0.3935243E+11    10099.61       0.2055336E-04   0.3161291E-33   0.5029697E-11    1.000000       0.9691409E-22   0.9973434E-10   0.4395385E-18   0.1540705E-14   0.1059966E-11   0.1498645E-10    0.000000    
   0.6187213E-05    944.7304       0.3935243E+11    10099.61       0.2053607E-04   0.3152943E-33   0.5028174E-11    1.000000       0.9668744E-22   0.9953141E-10   0.4386669E-18   0.1537122E-14   0.1090837E-11   0.1533057E-10    0.000000    
   0.6331955E-05    944.7304       0.3935243E+11    10099.61       0.2051559E-04   0.3144068E-33   0.5026213E-11    1.000000       0.9645288E-22   0.9932890E-10   0.4377971E-18   0.1533413E-14   0.1121626E-11   0.1567401E-10    0.000000    
   0.6476698E-05    944.7304       0.3935243E+11    10099.61       0.2049236E-04   0.3134742E-33   0.5023874E-11    1.000000       0.9621157E-22   0.9912682E-10   0.4369291E-18   0.1529599E-14   0.1152330E-11   0.1601677E-10    0.000000    
   0.6621441E-05    944.7304       0.3935243E+11    10099.61       0.2046675E-04   0.3125033E-33   0.5021206E-11    1.000000       0.9596456E-22   0.9892517E-10   0.4360629E-18   0.1525694E-14   0.1182947E-11   0.1635885E-10    0.000000    
   0.6766184E-05    944.7304       0.3935243E+11    10099.61       0.2043909E-04   0.3115000E-33   0.5018254E-11    1.000000       0.9571272E-22   0.9872394E-10   0.4351985E-18   0.1521714E-14   0.1213477E-11   0.1670025E-10    0.000000    
   0.6910926E-05    944.7304       0.3935243E+11    10099.61       0.2040967E-04   0.3104693E-33   0.5015057E-11    1.000000       0.9545683E-22   0.9852314E-10   0.4343360E-18   0.1517670E-14   0.1243916E-11   0.1704098E-10    0.000000    
   0.7055669E-05    944.7304       0.3935243E+11    10099.61       0.2037873E-04   0.3094155E-33   0.5011648E-11    1.000000       0.9519754E-22   0.9832277E-10   0.4334752E-18   0.1513573E-14   0.1274264E-11   0.1738103E-10    0.000000    
   0.7200412E-05    944.7304       0.3935243E+11    10099.61       0.2034648E-04   0.3083424E-33   0.5008055E-11    1.000000       0.9493544E-22   0.9812283E-10   0.4326163E-18   0.1509431E-14   0.1304521E-11   0.1772041E-10    0.000000    
   0.7345155E-05    944.7304       0.3935243E+11    10099.61       0.2031311E-04   0.3072532E-33   0.5004303E-11    1.000000       0.9467101E-22   0.9792332E-10   0.4317592E-18   0.1505253E-14   0.1334685E-11   0.1805911E-10    0.000000    
   0.7489897E-05    944.7304       0.3935243E+11    10099.61       0.2027879E-04   0.3061509E-33   0.5000416E-11    1.000000       0.9440470E-22   0.9772424E-10   0.4309040E-18   0.1501045E-14   0.1364756E-11   0.1839715E-10    0.000000    
   0.7634640E-05    944.7304       0.3935243E+11    10099.61       0.2024364E-04   0.3050377E-33   0.4996410E-11    1.000000       0.9413687E-22   0.9752558E-10   0.4300505E-18   0.1496813E-14   0.1394733E-11   0.1873451E-10    0.000000    
   0.7779383E-05    944.7304       0.3935243E+11    10099.61       0.2020779E-04   0.3039159E-33   0.4992302E-11    1.000000       0.9386784E-22   0.9732735E-10   0.4291989E-18   0.1492563E-14   0.1424616E-11   0.1907121E-10    0.000000    
   0.7924126E-05    944.7304       0.3935243E+11    10099.61       0.2017135E-04   0.3027873E-33   0.4988108E-11    1.000000       0.9359789E-22   0.9712955E-10   0.4283490E-18   0.1488297E-14   0.1454404E-11   0.1940724E-10    0.000000    
   0.8068868E-05    944.7304       0.3935243E+11    10099.61       0.2013441E-04   0.3016534E-33   0.4983838E-11    1.000000       0.9332725E-22   0.9693218E-10   0.4275010E-18   0.1484021E-14   0.1484097E-11   0.1974261E-10    0.000000    
   0.8213611E-05    944.7304       0.3935243E+11    10099.61       0.2009704E-04   0.3005155E-33   0.4979503E-11    1.000000       0.9305615E-22   0.9673523E-10   0.4266548E-18   0.1479738E-14   0.1513696E-11   0.2007731E-10    0.000000    
   0.8358354E-05    944.7304       0.3935243E+11    10099.61       0.2005931E-04   0.2993749E-33   0.4975114E-11    1.000000       0.9278475E-22   0.9653871E-10   0.4258104E-18   0.1475450E-14   0.1543200E-11   0.2041135E-10    0.000000    
   0.8503097E-05    944.7304       0.3935243E+11    10099.61       0.2002128E-04   0.2982326E-33   0.4970677E-11    1.000000       0.9251321E-22   0.9634262E-10   0.4249679E-18   0.1471160E-14   0.1572608E-11   0.2074473E-10    0.000000    
   0.8647840E-05    944.7304       0.3935243E+11    10099.61       0.1998301E-04   0.2970894E-33   0.4966200E-11    1.000000       0.9224166E-22   0.9614695E-10   0.4241271E-18   0.1466869E-14   0.1601922E-11   0.2107745E-10    0.000000    
   0.8792582E-05    944.7304       0.3935243E+11    10099.61       0.1994453E-04   0.2959460E-33   0.4961688E-11    1.000000       0.9197023E-22   0.9595170E-10   0.4232881E-18   0.1462581E-14   0.1631141E-11   0.2140952E-10    0.000000    
   0.8937325E-05    944.7304       0.3935243E+11    10099.61       0.1990589E-04   0.2948033E-33   0.4957148E-11    1.000000       0.9169900E-22   0.9575688E-10   0.4224509E-18   0.1458295E-14   0.1660264E-11   0.2174092E-10    0.000000    
   0.9082068E-05    944.7304       0.3935243E+11    10099.61       0.1986712E-04   0.2936616E-33   0.4952583E-11    1.000000       0.9142807E-22   0.9556248E-10   0.4216155E-18   0.1454014E-14   0.1689293E-11   0.2207168E-10    0.000000    
   0.9226811E-05    944.7304       0.3935243E+11    10099.61       0.1982824E-04   0.2925214E-33   0.4947998E-11    1.000000       0.9115750E-22   0.9536850E-10   0.4207819E-18   0.1449739E-14   0.1718228E-11   0.2240177E-10    0.000000    
   0.9371553E-05    944.7304       0.3935243E+11    10099.61       0.1978929E-04   0.2913833E-33   0.4943395E-11    1.000000       0.9088737E-22   0.9517495E-10   0.4199501E-18   0.1445471E-14   0.1747067E-11   0.2273122E-10    0.000000    
   0.9516296E-05    944.7304       0.3935243E+11    10099.61       0.1975028E-04   0.2902475E-33   0.4938779E-11    1.000000       0.9061772E-22   0.9498181E-10   0.4191200E-18   0.1441211E-14   0.1775813E-11   0.2306001E-10    0.000000    
   0.9661039E-05    944.7304       0.3935243E+11    10099.61       0.1971124E-04   0.2891143E-33   0.4934150E-11    1.000000       0.9034861E-22   0.9478909E-10   0.4182918E-18   0.1436958E-14   0.1804464E-11   0.2338816E-10    0.000000    
   0.9950524E-05    944.7304       0.3935243E+11    10099.61       0.1963310E-04   0.2868570E-33   0.4924868E-11    1.000000       0.8981213E-22   0.9440490E-10   0.4166406E-18   0.1428482E-14   0.1861485E-11   0.2404250E-10    0.000000    
   0.1024001E-04    944.7304       0.3935243E+11    10099.61       0.1955498E-04   0.2846129E-33   0.4915562E-11    1.000000       0.8927821E-22   0.9402238E-10   0.4149964E-18   0.1420045E-14   0.1918132E-11   0.2469427E-10    0.000000    
   0.1052950E-04    944.7304       0.3935243E+11    10099.61       0.1947696E-04   0.2823832E-33   0.4906245E-11    1.000000       0.8874703E-22   0.9364152E-10   0.4133593E-18   0.1411651E-14   0.1974407E-11   0.2534346E-10    0.000000    
   0.1081898E-04    944.7304       0.3935243E+11    10099.61       0.1939910E-04   0.2801689E-33   0.4896924E-11    1.000000       0.8821873E-22   0.9326230E-10   0.4117292E-18   0.1403302E-14   0.2030312E-11   0.2599010E-10    0.000000    
   0.1110847E-04    944.7304       0.3935243E+11    10099.61       0.1932144E-04   0.2779705E-33   0.4887605E-11    1.000000       0.8769339E-22   0.9288473E-10   0.4101060E-18   0.1395001E-14   0.2085849E-11   0.2663419E-10    0.000000    
   0.1139795E-04    944.7304       0.3935243E+11    10099.61       0.1924402E-04   0.2757886E-33   0.4878293E-11    1.000000       0.8717110E-22   0.9250879E-10   0.4084898E-18   0.1386747E-14   0.2141019E-11   0.2727574E-10    0.000000    
   0.1168744E-04    944.7304       0.3935243E+11    10099.61       0.1916685E-04   0.2736232E-33   0.4868993E-11    1.000000       0.8665189E-22   0.9213448E-10   0.4068805E-18   0.1378541E-14   0.2195827E-11   0.2791476E-10    0.000000    
   0.1197692E-04    944.7304       0.3935243E+11    10099.61       0.1908997E-04   0.2714747E-33   0.4859705E-11    1.000000       0.8613580E-22   0.9176179E-10   0.4052781E-18   0.1370384E-14   0.2250272E-11   0.2855127E-10    0.000000    
   0.1226641E-04    944.7304       0.3935243E+11    10099.61       0.1901338E-04   0.2693432E-33   0.4850433E-11    1.000000       0.8562285E-22   0.9139071E-10   0.4036825E-18   0.1362277E-14   0.2304358E-11   0.2918527E-10    0.000000    
   0.1255589E-04    944.7304       0.3935243E+11    10099.61       0.1893709E-04   0.2672286E-33   0.4841178E-11    1.000000       0.8511303E-22   0.9102124E-10   0.4020938E-18   0.1354219E-14   0.2358088E-11   0.2981678E-10    0.000000    
   0.1284538E-04    944.7304       0.3935243E+11    10099.61       0.1886110E-04   0.2651309E-33   0.4831941E-11    1.000000       0.8460635E-22   0.9065336E-10   0.4005118E-18   0.1346211E-14   0.2411462E-11   0.3044580E-10    0.000000    
   0.1313487E-04    944.7304       0.3935243E+11    10099.61       0.1878543E-04   0.2630502E-33   0.4822723E-11    1.000000       0.8410281E-22   0.9028707E-10   0.3989365E-18   0.1338251E-14   0.2464483E-11   0.3107235E-10    0.000000    
   0.1342435E-04    944.7304       0.3935243E+11    10099.61       0.1871008E-04   0.2609863E-33   0.4813525E-11    1.000000       0.8360240E-22   0.8992236E-10   0.3973680E-18   0.1330341E-14   0.2517154E-11   0.3169644E-10    0.000000    
   0.1371384E-04    944.7304       0.3935243E+11    10099.61       0.1863504E-04   0.2589392E-33   0.4804346E-11    1.000000       0.8310510E-22   0.8955923E-10   0.3958062E-18   0.1322480E-14   0.2569476E-11   0.3231807E-10    0.000000    
   0.1400332E-04    944.7304       0.3935243E+11    10099.61       0.1856033E-04   0.2569087E-33   0.4795188E-11    1.000000       0.8261090E-22   0.8919767E-10   0.3942510E-18   0.1314667E-14   0.2621452E-11   0.3293727E-10    0.000000    
   0.1429281E-04    944.7304       0.3935243E+11    10099.61       0.1848593E-04   0.2548947E-33   0.4786050E-11    1.000000       0.8211979E-22   0.8883766E-10   0.3927024E-18   0.1306904E-14   0.2673085E-11   0.3355403E-10    0.000000    
   0.1487178E-04    944.7304       0.3935243E+11    10099.61       0.1833810E-04   0.2509160E-33   0.4767837E-11    1.000000       0.8114676E-22   0.8812230E-10   0.3896250E-18   0.1291520E-14   0.2775325E-11   0.3478030E-10    0.000000    
   0.1545075E-04    944.7304       0.3935243E+11    10099.61       0.1819155E-04   0.2470020E-33   0.4749707E-11    1.000000       0.8018586E-22   0.8741309E-10   0.3865738E-18   0.1276328E-14   0.2876216E-11   0.3599697E-10    0.000000    
   0.1602972E-04    944.7304       0.3935243E+11    10099.61       0.1804627E-04   0.2431516E-33   0.4731661E-11    1.000000       0.7923696E-22   0.8670997E-10   0.3835484E-18   0.1261324E-14   0.2975773E-11   0.3720412E-10    0.000000    
   0.1660869E-04    944.7304       0.3935243E+11    10099.61       0.1790224E-04   0.2393640E-33   0.4713699E-11    1.000000       0.7829989E-22   0.8601289E-10   0.3805487E-18   0.1246506E-14   0.3074013E-11   0.3840183E-10    0.000000    
   0.1718766E-04    944.7304       0.3935243E+11    10099.61       0.1775947E-04   0.2356379E-33   0.4695820E-11    1.000000       0.7737450E-22   0.8532179E-10   0.3775744E-18   0.1231872E-14   0.3170952E-11   0.3959018E-10    0.000000    
   0.1776663E-04    944.7304       0.3935243E+11    10099.61       0.1761794E-04   0.2319724E-33   0.4678025E-11    1.000000       0.7646065E-22   0.8463662E-10   0.3746253E-18   0.1217420E-14   0.3266608E-11   0.4076925E-10    0.000000    
   0.1834560E-04    944.7304       0.3935243E+11    10099.61       0.1747763E-04   0.2283665E-33   0.4660313E-11    1.000000       0.7555818E-22   0.8395731E-10   0.3717011E-18   0.1203146E-14   0.3360995E-11   0.4193912E-10    0.000000    
   0.1892458E-04    944.7304       0.3935243E+11    10099.61       0.1733854E-04   0.2248191E-33   0.4642683E-11    1.000000       0.7466695E-22   0.8328382E-10   0.3688016E-18   0.1189049E-14   0.3454130E-11   0.4309986E-10    0.000000    
   0.1950355E-04    944.7304       0.3935243E+11    10099.61       0.1720065E-04   0.2213293E-33   0.4625135E-11    1.000000       0.7378679E-22   0.8261608E-10   0.3659267E-18   0.1175127E-14   0.3546028E-11   0.4425156E-10    0.000000    
   0.2008252E-04    944.7304       0.3935243E+11    10099.61       0.1706396E-04   0.2178961E-33   0.4607669E-11    1.000000       0.7291758E-22   0.8195406E-10   0.3630760E-18   0.1161376E-14   0.3636706E-11   0.4539428E-10    0.000000    
   0.2124046E-04    944.7304       0.3935243E+11    10099.61       0.1679411E-04   0.2111955E-33   0.4572981E-11    1.000000       0.7121140E-22   0.8064692E-10   0.3574464E-18   0.1134383E-14   0.3814457E-11   0.4765312E-10    0.000000    
   0.2239840E-04    944.7304       0.3935243E+11    10099.61       0.1652890E-04   0.2047100E-33   0.4538614E-11    1.000000       0.6954727E-22   0.7936197E-10   0.3519113E-18   0.1108051E-14   0.3987503E-11   0.4987697E-10    0.000000    
   0.2355634E-04    944.7304       0.3935243E+11    10099.61       0.1626825E-04   0.1984324E-33   0.4504565E-11    1.000000       0.6792411E-22   0.7809881E-10   0.3464689E-18   0.1082364E-14   0.4155961E-11   0.5206642E-10    0.000000    
   0.2471429E-04    944.7304       0.3935243E+11    10099.61       0.1601206E-04   0.1923557E-33   0.4470831E-11    1.000000       0.6634084E-22   0.7685704E-10   0.3411174E-18   0.1057305E-14   0.4319944E-11   0.5422205E-10    0.000000    
   0.2587223E-04    944.7304       0.3935243E+11    10099.61       0.1576026E-04   0.1864732E-33   0.4437409E-11    1.000000       0.6479644E-22   0.7563626E-10   0.3358553E-18   0.1032857E-14   0.4479562E-11   0.5634442E-10    0.000000    
   0.2703017E-04    944.7304       0.3935243E+11    10099.61       0.1551275E-04   0.1807784E-33   0.4404295E-11    1.000000       0.6328988E-22   0.7443609E-10   0.3306810E-18   0.1009006E-14   0.4634923E-11   0.5843408E-10    0.000000    
   0.2818811E-04    944.7304       0.3935243E+11    10099.61       0.1526947E-04   0.1752651E-33   0.4371486E-11    1.000000       0.6182020E-22   0.7325616E-10   0.3255928E-18   0.9857347E-15   0.4786132E-11   0.6049159E-10    0.000000    
   0.2934605E-04    944.7304       0.3935243E+11    10099.61       0.1503033E-04   0.1699272E-33   0.4338979E-11    1.000000       0.6038645E-22   0.7209608E-10   0.3205892E-18   0.9630294E-15   0.4933290E-11   0.6251747E-10    0.000000    
   0.3050400E-04    944.7304       0.3935243E+11    10099.61       0.1479526E-04   0.1647589E-33   0.4306770E-11    1.000000       0.5898768E-22   0.7095551E-10   0.3156687E-18   0.9408753E-15   0.5076497E-11   0.6451224E-10    0.000000    
   0.3219776E-04    944.7304       0.3935243E+11    10099.61       0.1445857E-04   0.1574930E-33   0.4260190E-11    1.000000       0.5700282E-22   0.6932154E-10   0.3086177E-18   0.9094332E-15   0.5279056E-11   0.6737513E-10    0.000000    
