  "Time"          "Temp"          "Pres"          "Dens"          "Th_MIX"        "X_OH*"         "X_H"           "X_H2"          "X_O"           "X_O2"          "X_OH"          "X_HO2"         "X_H2O2"        "X_H2O"         "X_AR"         
  "s"             "K"             "Pa"            "kg/m3"         "s"             "none"          "none"          "none"          "none"          "none"          "none"          "none"          "none"          "none"          "none"         
    0.000000        607.8791       0.1071047E+11    25448.91      -0.4737079E-01    0.000000        0.000000       0.6667004        0.000000       0.3332996        0.000000        0.000000        0.000000        0.000000        0.000000    
   0.5222800E-18    607.8791       0.1071047E+11    25448.91      -0.4737078E-01   0.8574359E-57   0.8342512E-25   0.6667004       0.7229137E-35   0.3332996       0.1170964E-19   0.8168568E-25   0.1078176E-38   0.1743409E-26    0.000000    
   0.1566840E-17    607.8791       0.1071047E+11    25448.91      -0.4737075E-01   0.4654392E-56   0.2545044E-24   0.6667004       0.3967502E-34   0.3332996       0.3512893E-19   0.2450620E-24   0.5853042E-38   0.9464218E-26    0.000000    
   0.3655960E-17    607.8791       0.1071047E+11    25448.91      -0.4737071E-01   0.2271243E-55   0.6179205E-24   0.6667004       0.1982564E-33   0.3332996       0.8196748E-19   0.5718403E-24   0.2856603E-37   0.4618900E-25    0.000000    
   0.7834200E-17    607.8791       0.1071047E+11    25448.91      -0.4737061E-01   0.9864675E-55   0.1425688E-23   0.6667004       0.9212275E-33   0.3332996       0.1756445E-18   0.1225508E-23   0.1241292E-36   0.2006856E-24    0.000000    
   0.1619068E-16    607.8791       0.1071047E+11    25448.91      -0.4737043E-01   0.4146595E-54   0.3375152E-23   0.6667004       0.4342540E-32   0.3332996       0.3629982E-18   0.2533386E-23   0.5222457E-36   0.8441483E-24    0.000000    
   0.3290364E-16    607.8791       0.1071047E+11    25448.91      -0.4737005E-01   0.1701065E-53   0.8607733E-23   0.6667004       0.2165792E-31   0.3332996       0.7377042E-18   0.5152014E-23   0.2146494E-35   0.3467601E-23    0.000000    
   0.6632956E-16    607.8791       0.1071047E+11    25448.91      -0.4736931E-01   0.6883872E-53   0.2441066E-22   0.6667004       0.1187991E-30   0.3332996       0.1487111E-17   0.1040642E-22   0.8722844E-35   0.1406942E-22    0.000000    
   0.1331814E-15    607.8791       0.1071047E+11    25448.91      -0.4736780E-01   0.2761044E-52   0.7732296E-22   0.6667004       0.7275412E-30   0.3332996       0.2985903E-17   0.2102892E-22   0.3532175E-34   0.5669320E-22    0.000000    
   0.2668851E-15    607.8791       0.1071047E+11    25448.91      -0.4736475E-01   0.1106171E-51   0.2680197E-21   0.6667004       0.4912899E-29   0.3332996       0.5983401E-17   0.4308806E-22   0.1442079E-33   0.2276271E-21    0.000000    
   0.5342925E-15    607.8791       0.1071047E+11    25448.91      -0.4735848E-01   0.4833133E-51   0.9860350E-21   0.6667004       0.3554893E-28   0.3332996       0.1197806E-16   0.9331413E-22   0.6129970E-33   0.9122244E-21    0.000000    
   0.1069107E-14    607.8791       0.1071047E+11    25448.91      -0.4734533E-01   0.4592407E-50   0.3745978E-20   0.6667004       0.2676731E-27   0.3332996       0.2396599E-16   0.2406342E-21   0.2986552E-32   0.3652199E-20    0.000000    
   0.2138737E-14    607.8791       0.1071047E+11    25448.91      -0.4731662E-01   0.1675073E-48   0.1438664E-19   0.6667004       0.2048583E-26   0.3332996       0.4793639E-16   0.8964610E-21   0.2012070E-31   0.1461411E-19    0.000000    
   0.4277996E-14    607.8791       0.1071047E+11    25448.91      -0.4725016E-01   0.8344176E-47   0.5483884E-19   0.6667004       0.1562661E-25   0.3332996       0.9585525E-16   0.4955790E-20   0.2049338E-30   0.5845650E-19    0.000000    
   0.6417255E-14    607.8791       0.1071047E+11    25448.91      -0.4717241E-01   0.6358655E-46   0.1192465E-18   0.6667004       0.4836843E-25   0.3332996       0.1437449E-15   0.1427224E-19   0.7815667E-30   0.1315115E-18    0.000000    
   0.1069577E-13    607.8791       0.1071047E+11    25448.91      -0.4698814E-01   0.1065314E-44   0.3091964E-18   0.6667004       0.2101284E-24   0.3332996       0.2394367E-15   0.5931680E-19   0.5314671E-29   0.3651679E-18    0.000000    
   0.1454644E-13    607.8791       0.1071047E+11    25448.91      -0.4679290E-01   0.4792257E-44   0.5425965E-18   0.6667004       0.4916248E-24   0.3332996       0.3254595E-15   0.1371426E-18   0.1563487E-28   0.6751895E-18    0.000000    
   0.1839710E-13    607.8791       0.1071047E+11    25448.91      -0.4657440E-01   0.1522475E-43   0.8254306E-18   0.6667004       0.9369369E-24   0.3332996       0.4113880E-15   0.2599101E-18   0.3592979E-28   0.1079587E-17    0.000000    
   0.2224777E-13    607.8791       0.1071047E+11    25448.91      -0.4633645E-01   0.3864414E-43   0.1149670E-17   0.6667004       0.1574949E-23   0.3332996       0.4972222E-15   0.4355447E-18   0.7094733E-28   0.1578257E-17    0.000000    
   0.2609844E-13    607.8791       0.1071047E+11    25448.91      -0.4608224E-01   0.8387359E-43   0.1508526E-17   0.6667004       0.2430024E-23   0.3332996       0.5829622E-15   0.6707320E-18   0.1261342E-27   0.2171097E-17    0.000000    
   0.3379977E-13    607.8791       0.1071047E+11    25448.91      -0.4553413E-01   0.2867531E-42   0.2310877E-17   0.6667004       0.4859987E-23   0.3332996       0.7541602E-15   0.1338598E-17   0.3200059E-27   0.3638908E-17    0.000000    
   0.4073097E-13    607.8791       0.1071047E+11    25448.91      -0.4500791E-01   0.6786281E-42   0.3103360E-17   0.6667004       0.7960583E-23   0.3332996       0.9079173E-15   0.2190358E-17   0.6269545E-27   0.5280986E-17    0.000000    
   0.4851245E-13    607.8791       0.1071047E+11    25448.91      -0.4439177E-01   0.1490896E-41   0.4047531E-17   0.6667004       0.1256091E-22   0.3332996       0.1080175E-14   0.3453755E-17   0.1177808E-26   0.7486124E-17    0.000000    
   0.5629394E-13    607.8791       0.1071047E+11    25448.91      -0.4375742E-01   0.2857475E-41   0.5031061E-17   0.6667004       0.1840874E-22   0.3332996       0.1252051E-14   0.5059483E-17   0.2010299E-26   0.1007295E-16    0.000000    
   0.6407543E-13    607.8791       0.1071047E+11    25448.91      -0.4311083E-01   0.4956286E-41   0.6041321E-17   0.6667004       0.2554691E-22   0.3332996       0.1423546E-14   0.7019323E-17   0.3193027E-26   0.1304063E-16    0.000000    
   0.7185692E-13    607.8791       0.1071047E+11    25448.91      -0.4245600E-01   0.7971431E-41   0.7069797E-17   0.6667004       0.3400329E-22   0.3332996       0.1594661E-14   0.9340945E-17   0.4796501E-26   0.1638830E-16    0.000000    
   0.7963840E-13    607.8791       0.1071047E+11    25448.91      -0.4179576E-01   0.1208961E-40   0.8110540E-17   0.6667004       0.4379639E-22   0.3332996       0.1765397E-14   0.1202946E-16   0.6892482E-26   0.2011513E-16    0.000000    
   0.8741989E-13    607.8791       0.1071047E+11    25448.91      -0.4113219E-01   0.1749803E-40   0.9159131E-17   0.6667004       0.5493913E-22   0.3332996       0.1935755E-14   0.1508844E-16   0.9553458E-26   0.2422028E-16    0.000000    
   0.9520138E-13    607.8791       0.1071047E+11    25448.91      -0.4046666E-01   0.2438360E-40   0.1021264E-16   0.6667004       0.6743902E-22   0.3332996       0.2105735E-14   0.1851998E-16   0.1285259E-25   0.2870291E-16    0.000000    
   0.1107644E-12    607.8791       0.1071047E+11    25448.91      -0.3913368E-01   0.4332622E-40   0.1232612E-16   0.6667004       0.9652791E-22   0.3332996       0.2444567E-14   0.2650571E-16   0.2165899E-25   0.3879728E-16    0.000000    
   0.1263273E-12    607.8791       0.1071047E+11    25448.91      -0.3780092E-01   0.7038691E-40   0.1444227E-16   0.6667004       0.1310696E-21   0.3332996       0.2781898E-14   0.3598867E-16   0.3390151E-25   0.5039155E-16    0.000000    
   0.1418903E-12    607.8791       0.1071047E+11    25448.91      -0.3647142E-01   0.1070108E-39   0.1655463E-16   0.6667004       0.1710624E-21   0.3332996       0.3117736E-14   0.4696868E-16   0.5016905E-25   0.6347910E-16    0.000000    
   0.1648622E-12    607.8791       0.1071047E+11    25448.91      -0.3451768E-01   0.1815386E-39   0.1965992E-16   0.6667004       0.2400240E-21   0.3332996       0.3610739E-14   0.6590336E-16   0.8278037E-25   0.8551195E-16    0.000000    
   0.1878341E-12    607.8791       0.1071047E+11    25448.91      -0.3257622E-01   0.2844435E-39   0.2274594E-16   0.6667004       0.3207682E-21   0.3332996       0.4100524E-14   0.8807523E-16   0.1273256E-24   0.1107627E-15    0.000000    
   0.2108060E-12    607.8791       0.1071047E+11    25448.91      -0.3064740E-01   0.4200814E-39   0.2581187E-16   0.6667004       0.4132185E-21   0.3332996       0.4587111E-14   0.1134641E-15   0.1856787E-24   0.1392105E-15    0.000000    
   0.2337779E-12    607.8791       0.1071047E+11    25448.91      -0.2873105E-01   0.5927166E-39   0.2885805E-16   0.6667004       0.5172948E-21   0.3332996       0.5070523E-14   0.1420488E-15   0.2597019E-24   0.1708342E-15    0.000000    
   0.2797216E-12    607.8791       0.1071047E+11    25448.91      -0.2493541E-01   0.1065534E-38   0.3489170E-16   0.6667004       0.7600110E-21   0.3332996       0.6027901E-14   0.2087224E-15   0.4621261E-24   0.2435274E-15    0.000000    
   0.3256654E-12    607.8791       0.1071047E+11    25448.91      -0.2118887E-01   0.1735132E-38   0.4084746E-16   0.6667004       0.1048293E-20   0.3332996       0.6972821E-14   0.2879313E-15   0.7492552E-24   0.3286779E-15    0.000000    
   0.3716092E-12    607.8791       0.1071047E+11    25448.91      -0.1749103E-01   0.2632187E-38   0.4672580E-16   0.6667004       0.1381527E-20   0.3332996       0.7905447E-14   0.3795126E-15   0.1135563E-23   0.4261236E-15    0.000000    
   0.4175530E-12    607.8791       0.1071047E+11    25448.91      -0.1384136E-01   0.3785919E-38   0.5252757E-16   0.6667004       0.1759102E-20   0.3332996       0.8825937E-14   0.4833056E-15   0.1635327E-23   0.5357043E-15    0.000000    
   0.4634967E-12    607.8791       0.1071047E+11    25448.91      -0.1023919E-01   0.5224179E-38   0.5825380E-16   0.6667004       0.2180420E-20   0.3332996       0.9734450E-14   0.5991513E-15   0.2262634E-23   0.6572624E-15    0.000000    
   0.5553843E-12    607.8791       0.1071047E+11    25448.91      -0.3174884E-02   0.9059034E-38   0.6948366E-16   0.6667004       0.3151914E-20   0.3332996       0.1151617E-13   0.8663752E-15   0.3955355E-23   0.9356883E-15    0.000000    
   0.6472718E-12    607.8791       0.1071047E+11    25448.91       0.3706853E-02   0.1433342E-37   0.8042334E-16   0.6667004       0.4291356E-20   0.3332996       0.1325182E-13   0.1179954E-14   0.6322788E-23   0.1260179E-14    0.000000    
   0.7391594E-12    607.8791       0.1071047E+11    25448.91       0.1041068E-01   0.2122457E-37   0.9108019E-16   0.6667004       0.5594218E-20   0.3332996       0.1494260E-13   0.1538689E-14   0.9471166E-23   0.1629543E-14    0.000000    
   0.8310469E-12    607.8791       0.1071047E+11    25448.91       0.1694115E-01   0.2989152E-37   0.1014615E-15   0.6667004       0.7056086E-20   0.3332996       0.1658966E-13   0.1941414E-14   0.1350398E-22   0.2042622E-14    0.000000    
   0.9229345E-12    607.8791       0.1071047E+11    25448.91       0.2330277E-01   0.4047640E-37   0.1115743E-15   0.6667004       0.8672661E-20   0.3332996       0.1819414E-13   0.2386990E-14   0.1852208E-22   0.2498284E-14    0.000000    
   0.1014822E-11    607.8791       0.1071047E+11    25448.91       0.2949993E-01   0.5310560E-37   0.1214257E-15   0.6667004       0.1043975E-19   0.3332996       0.1975714E-13   0.2874311E-14   0.2462367E-22   0.2995430E-14    0.000000    
   0.1198597E-11    607.8791       0.1071047E+11    25448.91       0.4141775E-01   0.8492993E-37   0.1403711E-15   0.6667004       0.1440928E-19   0.3332996       0.2276295E-13   0.3969895E-14   0.4045763E-22   0.4109906E-14    0.000000    
   0.1382372E-11    607.8791       0.1071047E+11    25448.91       0.5272724E-01   0.1260996E-36   0.1583494E-15   0.6667004       0.1893329E-19   0.3332996       0.2561534E-13   0.5219864E-14   0.6174203E-22   0.5377800E-14    0.000000    
   0.1566147E-11    607.8791       0.1071047E+11    25448.91       0.6345948E-01   0.1771605E-36   0.1754101E-15   0.6667004       0.2398199E-19   0.3332996       0.2832215E-13   0.6616336E-14   0.8917546E-22   0.6791280E-14    0.000000    
   0.1749922E-11    607.8791       0.1071047E+11    25448.91       0.7364398E-01   0.2384959E-36   0.1916000E-15   0.6667004       0.2952713E-19   0.3332996       0.3089080E-13   0.8151835E-14   0.1234209E-21   0.8342917E-14    0.000000    
   0.1933698E-11    607.8791       0.1071047E+11    25448.91       0.8330866E-01   0.3103495E-36   0.2069636E-15   0.6667004       0.3554189E-19   0.3332996       0.3332835E-13   0.9819264E-14   0.1651073E-21   0.1002566E-13    0.000000    
   0.2117473E-11    607.8791       0.1071047E+11    25448.91       0.9248005E-01   0.3928462E-36   0.2215431E-15   0.6667004       0.4200083E-19   0.3332996       0.3564149E-13   0.1161189E-13   0.2148318E-21   0.1183281E-13    0.000000    
   0.2301248E-11    607.8791       0.1071047E+11    25448.91       0.1011833       0.4860100E-36   0.2353784E-15   0.6667004       0.4887982E-19   0.3332996       0.3783656E-13   0.1352332E-13   0.2731609E-21   0.1375803E-13    0.000000    
   0.2485023E-11    607.8791       0.1071047E+11    25448.91       0.1094424       0.5897802E-36   0.2485075E-15   0.6667004       0.5615594E-19   0.3332996       0.3991960E-13   0.1554750E-13   0.3406321E-21   0.1579528E-13    0.000000    
   0.2668798E-11    607.8791       0.1071047E+11    25448.91       0.1172799       0.7040249E-36   0.2609666E-15   0.6667004       0.6380747E-19   0.3332996       0.4189631E-13   0.1767866E-13   0.4177555E-21   0.1793886E-13    0.000000    
   0.2852573E-11    607.8791       0.1071047E+11    25448.91       0.1247174       0.8285537E-36   0.2727897E-15   0.6667004       0.7181378E-19   0.3332996       0.4377214E-13   0.1991135E-13   0.5050153E-21   0.2018332E-13    0.000000    
   0.3036348E-11    607.8791       0.1071047E+11    25448.91       0.1317753       0.9631281E-36   0.2840094E-15   0.6667004       0.8015531E-19   0.3332996       0.4555222E-13   0.2224039E-13   0.6028709E-21   0.2252353E-13    0.000000    
   0.3220123E-11    607.8791       0.1071047E+11    25448.91       0.1384730       0.1107471E-35   0.2946564E-15   0.6667004       0.8881350E-19   0.3332996       0.4724145E-13   0.2466085E-13   0.7117582E-21   0.2495459E-13    0.000000    
   0.3403898E-11    607.8791       0.1071047E+11    25448.91       0.1448288       0.1261273E-35   0.3047600E-15   0.6667004       0.9777072E-19   0.3332996       0.4884446E-13   0.2716808E-13   0.8320909E-21   0.2747187E-13    0.000000    
   0.3587673E-11    607.8791       0.1071047E+11    25448.91       0.1508602       0.1424204E-35   0.3143480E-15   0.6667004       0.1070103E-18   0.3332996       0.5036566E-13   0.2975764E-13   0.9642615E-21   0.3007097E-13    0.000000    
   0.3771449E-11    607.8791       0.1071047E+11    25448.91       0.1565837       0.1595914E-35   0.3234465E-15   0.6667004       0.1165163E-18   0.3332996       0.5180921E-13   0.3242533E-13   0.1108643E-20   0.3274771E-13    0.000000    
   0.3955224E-11    607.8791       0.1071047E+11    25448.91       0.1620152       0.1776042E-35   0.3320807E-15   0.6667004       0.1262738E-18   0.3332996       0.5317908E-13   0.3516716E-13   0.1265588E-20   0.3549813E-13    0.000000    
   0.4138999E-11    607.8791       0.1071047E+11    25448.91       0.1671694       0.1964217E-35   0.3402741E-15   0.6667004       0.1362684E-18   0.3332996       0.5447903E-13   0.3797936E-13   0.1435432E-20   0.3831847E-13    0.000000    
   0.4322774E-11    607.8791       0.1071047E+11    25448.91       0.1720605       0.2160065E-35   0.3480494E-15   0.6667004       0.1464866E-18   0.3332996       0.5571264E-13   0.4085832E-13   0.1618495E-20   0.4120516E-13    0.000000    
   0.4506549E-11    607.8791       0.1071047E+11    25448.91       0.1767020       0.2363213E-35   0.3554279E-15   0.6667004       0.1569156E-18   0.3332996       0.5688328E-13   0.4380064E-13   0.1815077E-20   0.4415481E-13    0.000000    
   0.4690324E-11    607.8791       0.1071047E+11    25448.91       0.1811066       0.2573288E-35   0.3624297E-15   0.6667004       0.1675432E-18   0.3332996       0.5799417E-13   0.4680309E-13   0.2025466E-20   0.4716422E-13    0.000000    
   0.4874099E-11    607.8791       0.1071047E+11    25448.91       0.1852864       0.2789920E-35   0.3690742E-15   0.6667004       0.1783577E-18   0.3332996       0.5904836E-13   0.4986259E-13   0.2249934E-20   0.5023032E-13    0.000000    
   0.5241649E-11    607.8791       0.1071047E+11    25448.91       0.1930168       0.3241416E-35   0.3813630E-15   0.6667004       0.2005046E-18   0.3332996       0.6099807E-13   0.5614127E-13   0.2742125E-20   0.5652120E-13    0.000000    
   0.5572445E-11    607.8791       0.1071047E+11    25448.91       0.1993145       0.3666638E-35   0.3913742E-15   0.6667004       0.2209721E-18   0.3332996       0.6258642E-13   0.6195953E-13   0.3235701E-20   0.6234938E-13    0.000000    
   0.5903240E-11    607.8791       0.1071047E+11    25448.91       0.2050454       0.4107734E-35   0.4004845E-15   0.6667004       0.2418909E-18   0.3332996       0.6403183E-13   0.6792162E-13   0.3778528E-20   0.6832050E-13    0.000000    
   0.6234035E-11    607.8791       0.1071047E+11    25448.91       0.2102607       0.4562885E-35   0.4087749E-15   0.6667004       0.2632125E-18   0.3332996       0.6534718E-13   0.7401460E-13   0.4371756E-20   0.7442169E-13    0.000000    
   0.6564830E-11    607.8791       0.1071047E+11    25448.91       0.2150066       0.5030398E-35   0.4163193E-15   0.6667004       0.2848926E-18   0.3332996       0.6654415E-13   0.8022670E-13   0.5016427E-20   0.8064125E-13    0.000000    
   0.6895625E-11    607.8791       0.1071047E+11    25448.91       0.2193254       0.5508706E-35   0.4231848E-15   0.6667004       0.3068909E-18   0.3332996       0.6763341E-13   0.8654719E-13   0.5713492E-20   0.8696852E-13    0.000000    
   0.7226420E-11    607.8791       0.1071047E+11    25448.91       0.2232556       0.5996369E-35   0.4294325E-15   0.6667004       0.3291707E-18   0.3332996       0.6862464E-13   0.9296632E-13   0.6463816E-20   0.9339382E-13    0.000000    
   0.7557216E-11    607.8791       0.1071047E+11    25448.91       0.2268321       0.6492071E-35   0.4351179E-15   0.6667004       0.3516988E-18   0.3332996       0.6952668E-13   0.9947521E-13   0.7268185E-20   0.9990832E-13    0.000000    
   0.7888011E-11    607.8791       0.1071047E+11    25448.91       0.2300867       0.6994615E-35   0.4402917E-15   0.6667004       0.3744450E-18   0.3332996       0.7034754E-13   0.1060658E-12   0.8127315E-20   0.1065040E-12    0.000000    
   0.8218806E-11    607.8791       0.1071047E+11    25448.91       0.2330485       0.7502917E-35   0.4450000E-15   0.6667004       0.3973816E-18   0.3332996       0.7109453E-13   0.1127307E-12   0.9041859E-20   0.1131735E-12    0.000000    
   0.8549601E-11    607.8791       0.1071047E+11    25448.91       0.2357437       0.8016001E-35   0.4492845E-15   0.6667004       0.4204837E-18   0.3332996       0.7177430E-13   0.1194633E-12   0.1001241E-19   0.1199103E-12    0.000000    
   0.8880396E-11    607.8791       0.1071047E+11    25448.91       0.2381964       0.8532988E-35   0.4531835E-15   0.6667004       0.4437286E-18   0.3332996       0.7239290E-13   0.1262574E-12   0.1103950E-19   0.1267082E-12    0.000000    
   0.9211192E-11    607.8791       0.1071047E+11    25448.91       0.2404284       0.9053094E-35   0.4567316E-15   0.6667004       0.4670956E-18   0.3332996       0.7295583E-13   0.1331075E-12   0.1212364E-19   0.1335618E-12    0.000000    
   0.9541987E-11    607.8791       0.1071047E+11    25448.91       0.2424595       0.9575620E-35   0.4599604E-15   0.6667004       0.4905659E-18   0.3332996       0.7346811E-13   0.1400086E-12   0.1326525E-19   0.1404661E-12    0.000000    
   0.9872782E-11    607.8791       0.1071047E+11    25448.91       0.2443079       0.1009994E-34   0.4628986E-15   0.6667004       0.5141225E-18   0.3332996       0.7393428E-13   0.1469561E-12   0.1446476E-19   0.1474165E-12    0.000000    
   0.1020358E-10    607.8791       0.1071047E+11    25448.91       0.2459899       0.1062552E-34   0.4655725E-15   0.6667004       0.5377498E-18   0.3332996       0.7435850E-13   0.1539459E-12   0.1572253E-19   0.1544088E-12    0.000000    
   0.1053437E-10    607.8791       0.1071047E+11    25448.91       0.2475205       0.1115185E-34   0.4680057E-15   0.6667004       0.5614339E-18   0.3332996       0.7474455E-13   0.1609740E-12   0.1703889E-19   0.1614393E-12    0.000000    
   0.1086517E-10    607.8791       0.1071047E+11    25448.91       0.2489134       0.1167853E-34   0.4702200E-15   0.6667004       0.5851618E-18   0.3332996       0.7509586E-13   0.1680371E-12   0.1841416E-19   0.1685045E-12    0.000000    
   0.1119596E-10    607.8791       0.1071047E+11    25448.91       0.2501810       0.1220516E-34   0.4722350E-15   0.6667004       0.6089221E-18   0.3332996       0.7541555E-13   0.1751320E-12   0.1984861E-19   0.1756013E-12    0.000000    
   0.1152676E-10    607.8791       0.1071047E+11    25448.91       0.2513345       0.1273144E-34   0.4740686E-15   0.6667004       0.6327042E-18   0.3332996       0.7570648E-13   0.1822559E-12   0.2134250E-19   0.1827270E-12    0.000000    
   0.1185755E-10    607.8791       0.1071047E+11    25448.91       0.2523842       0.1325706E-34   0.4757373E-15   0.6667004       0.6564984E-18   0.3332996       0.7597122E-13   0.1894061E-12   0.2289606E-19   0.1898787E-12    0.000000    
   0.1218835E-10    607.8791       0.1071047E+11    25448.91       0.2533394       0.1378180E-34   0.4772558E-15   0.6667004       0.6802963E-18   0.3332996       0.7621214E-13   0.1965802E-12   0.2450949E-19   0.1970544E-12    0.000000    
   0.1251914E-10    607.8791       0.1071047E+11    25448.91       0.2542087       0.1430544E-34   0.4786376E-15   0.6667004       0.7040898E-18   0.3332996       0.7643138E-13   0.2037762E-12   0.2618300E-19   0.2042517E-12    0.000000    
   0.1284994E-10    607.8791       0.1071047E+11    25448.91       0.2549997       0.1482779E-34   0.4798951E-15   0.6667004       0.7278720E-18   0.3332996       0.7663089E-13   0.2109921E-12   0.2791674E-19   0.2114687E-12    0.000000    
   0.1318073E-10    607.8791       0.1071047E+11    25448.91       0.2557196       0.1534871E-34   0.4810395E-15   0.6667004       0.7516362E-18   0.3332996       0.7681245E-13   0.2182260E-12   0.2971089E-19   0.2187037E-12    0.000000    
   0.1351153E-10    607.8791       0.1071047E+11    25448.91       0.2563747       0.1586806E-34   0.4820809E-15   0.6667004       0.7753766E-18   0.3332996       0.7697766E-13   0.2254764E-12   0.3156558E-19   0.2259550E-12    0.000000    
   0.1384232E-10    607.8791       0.1071047E+11    25448.91       0.2569708       0.1638574E-34   0.4830285E-15   0.6667004       0.7990881E-18   0.3332996       0.7712802E-13   0.2327417E-12   0.3348095E-19   0.2332212E-12    0.000000    
   0.1417312E-10    607.8791       0.1071047E+11    25448.91       0.2575133       0.1690165E-34   0.4838909E-15   0.6667004       0.8227656E-18   0.3332996       0.7726484E-13   0.2400206E-12   0.3545712E-19   0.2405009E-12    0.000000    
   0.1450391E-10    607.8791       0.1071047E+11    25448.91       0.2580070       0.1741573E-34   0.4846757E-15   0.6667004       0.8464050E-18   0.3332996       0.7738934E-13   0.2473119E-12   0.3749419E-19   0.2477929E-12    0.000000    
   0.1483471E-10    607.8791       0.1071047E+11    25448.91       0.2584562       0.1792790E-34   0.4853898E-15   0.6667004       0.8700023E-18   0.3332996       0.7750265E-13   0.2546145E-12   0.3959226E-19   0.2550962E-12    0.000000    
   0.1516550E-10    607.8791       0.1071047E+11    25448.91       0.2588650       0.1843812E-34   0.4860397E-15   0.6667004       0.8935540E-18   0.3332996       0.7760576E-13   0.2619274E-12   0.4175143E-19   0.2624096E-12    0.000000    
   0.1549630E-10    607.8791       0.1071047E+11    25448.91       0.2592370       0.1894635E-34   0.4866311E-15   0.6667004       0.9170567E-18   0.3332996       0.7769958E-13   0.2692496E-12   0.4397177E-19   0.2697323E-12    0.000000    
   0.1582710E-10    607.8791       0.1071047E+11    25448.91       0.2595756       0.1945257E-34   0.4871693E-15   0.6667004       0.9405078E-18   0.3332996       0.7778497E-13   0.2765803E-12   0.4625337E-19   0.2770635E-12    0.000000    
   0.1615789E-10    607.8791       0.1071047E+11    25448.91       0.2598837       0.1995676E-34   0.4876590E-15   0.6667004       0.9639045E-18   0.3332996       0.7786267E-13   0.2839187E-12   0.4859628E-19   0.2844023E-12    0.000000    
   0.1648869E-10    607.8791       0.1071047E+11    25448.91       0.2601640       0.2045889E-34   0.4881047E-15   0.6667004       0.9872445E-18   0.3332996       0.7793338E-13   0.2912642E-12   0.5100057E-19   0.2917481E-12    0.000000    
   0.1715028E-10    607.8791       0.1071047E+11    25448.91       0.2606513       0.2145698E-34   0.4888794E-15   0.6667004       0.1033746E-17   0.3332996       0.7805628E-13   0.3059737E-12   0.5599351E-19   0.3064583E-12    0.000000    
   0.1774571E-10    607.8791       0.1071047E+11    25448.91       0.2610179       0.2234822E-34   0.4894620E-15   0.6667004       0.1075385E-17   0.3332996       0.7814872E-13   0.3192306E-12   0.6069759E-19   0.3197156E-12    0.000000    
   0.1830514E-10    607.8791       0.1071047E+11    25448.91       0.2613099       0.2317953E-34   0.4899263E-15   0.6667004       0.1114315E-17   0.3332996       0.7822238E-13   0.3316993E-12   0.6529911E-19   0.3321846E-12    0.000000    
   0.1886457E-10    607.8791       0.1071047E+11    25448.91       0.2615589       0.2400504E-34   0.4903222E-15   0.6667004       0.1153053E-17   0.3332996       0.7828518E-13   0.3441788E-12   0.7007700E-19   0.3446644E-12    0.000000    
   0.1942400E-10    607.8791       0.1071047E+11    25448.91       0.2617712       0.2482480E-34   0.4906597E-15   0.6667004       0.1191595E-17   0.3332996       0.7833873E-13   0.3566677E-12   0.7503140E-19   0.3571535E-12    0.000000    
   0.1998343E-10    607.8791       0.1071047E+11    25448.91       0.2619523       0.2563890E-34   0.4909474E-15   0.6667004       0.1229937E-17   0.3332996       0.7838438E-13   0.3691645E-12   0.8016242E-19   0.3696504E-12    0.000000    
   0.2054286E-10    607.8791       0.1071047E+11    25448.91       0.2621066       0.2644741E-34   0.4911928E-15   0.6667004       0.1268075E-17   0.3332996       0.7842330E-13   0.3816681E-12   0.8547018E-19   0.3821541E-12    0.000000    
   0.2110229E-10    607.8791       0.1071047E+11    25448.91       0.2622382       0.2725042E-34   0.4914019E-15   0.6667004       0.1306008E-17   0.3332996       0.7845649E-13   0.3941774E-12   0.9095476E-19   0.3946635E-12    0.000000    
   0.2166172E-10    607.8791       0.1071047E+11    25448.91       0.2623504       0.2804801E-34   0.4915803E-15   0.6667004       0.1343734E-17   0.3332996       0.7848478E-13   0.4066917E-12   0.9661624E-19   0.4071778E-12    0.000000    
   0.2222115E-10    607.8791       0.1071047E+11    25448.91       0.2624460       0.2884026E-34   0.4917324E-15   0.6667004       0.1381250E-17   0.3332996       0.7850891E-13   0.4192102E-12   0.1024547E-18   0.4196963E-12    0.000000    
   0.2278058E-10    607.8791       0.1071047E+11    25448.91       0.2625276       0.2962727E-34   0.4918620E-15   0.6667004       0.1418557E-17   0.3332996       0.7852948E-13   0.4317322E-12   0.1084701E-18   0.4322184E-12    0.000000    
   0.2334001E-10    607.8791       0.1071047E+11    25448.91       0.2625971       0.3040910E-34   0.4919726E-15   0.6667004       0.1455654E-17   0.3332996       0.7854701E-13   0.4442573E-12   0.1146627E-18   0.4447435E-12    0.000000    
   0.2389944E-10    607.8791       0.1071047E+11    25448.91       0.2626564       0.3118585E-34   0.4920668E-15   0.6667004       0.1492539E-17   0.3332996       0.7856196E-13   0.4567850E-12   0.1210323E-18   0.4572711E-12    0.000000    
   0.2445887E-10    607.8791       0.1071047E+11    25448.91       0.2627069       0.3195757E-34   0.4921472E-15   0.6667004       0.1529213E-17   0.3332996       0.7857471E-13   0.4693150E-12   0.1275791E-18   0.4698010E-12    0.000000    
   0.2501830E-10    607.8791       0.1071047E+11    25448.91       0.2627500       0.3272434E-34   0.4922157E-15   0.6667004       0.1565677E-17   0.3332996       0.7858558E-13   0.4818468E-12   0.1343030E-18   0.4823327E-12    0.000000    
   0.2557773E-10    607.8791       0.1071047E+11    25448.91       0.2627868       0.3348624E-34   0.4922741E-15   0.6667004       0.1601929E-17   0.3332996       0.7859485E-13   0.4943802E-12   0.1412041E-18   0.4948661E-12    0.000000    
   0.2613716E-10    607.8791       0.1071047E+11    25448.91       0.2628181       0.3424331E-34   0.4923239E-15   0.6667004       0.1637972E-17   0.3332996       0.7860275E-13   0.5069150E-12   0.1482825E-18   0.5074008E-12    0.000000    
   0.2669659E-10    607.8791       0.1071047E+11    25448.91       0.2628448       0.3499563E-34   0.4923664E-15   0.6667004       0.1673804E-17   0.3332996       0.7860948E-13   0.5194510E-12   0.1555380E-18   0.5199367E-12    0.000000    
   0.2725602E-10    607.8791       0.1071047E+11    25448.91       0.2628676       0.3574324E-34   0.4924026E-15   0.6667004       0.1709427E-17   0.3332996       0.7861523E-13   0.5319879E-12   0.1629709E-18   0.5324735E-12    0.000000    
   0.2781545E-10    607.8791       0.1071047E+11    25448.91       0.2628870       0.3648621E-34   0.4924335E-15   0.6667004       0.1744842E-17   0.3332996       0.7862013E-13   0.5445258E-12   0.1705809E-18   0.5450113E-12    0.000000    
   0.2893431E-10    607.8791       0.1071047E+11    25448.91       0.2629177       0.3795841E-34   0.4924823E-15   0.6667004       0.1815049E-17   0.3332996       0.7862786E-13   0.5696035E-12   0.1863329E-18   0.5700887E-12    0.000000    
   0.2994128E-10    607.8791       0.1071047E+11    25448.91       0.2629381       0.3926797E-34   0.4925147E-15   0.6667004       0.1877531E-17   0.3332996       0.7863300E-13   0.5921753E-12   0.2011161E-18   0.5926603E-12    0.000000    
   0.3092894E-10    607.8791       0.1071047E+11    25448.91       0.2629531       0.4053848E-34   0.4925386E-15   0.6667004       0.1938170E-17   0.3332996       0.7863679E-13   0.6143153E-12   0.2161736E-18   0.6148001E-12    0.000000    
   0.3191659E-10    607.8791       0.1071047E+11    25448.91       0.2629645       0.4179541E-34   0.4925567E-15   0.6667004       0.1998179E-17   0.3332996       0.7863965E-13   0.6364562E-12   0.2317838E-18   0.6369408E-12    0.000000    
   0.3290424E-10    607.8791       0.1071047E+11    25448.91       0.2629731       0.4303896E-34   0.4925703E-15   0.6667004       0.2057563E-17   0.3332996       0.7864181E-13   0.6585978E-12   0.2479466E-18   0.6590822E-12    0.000000    
   0.3389190E-10    607.8791       0.1071047E+11    25448.91       0.2629796       0.4426932E-34   0.4925806E-15   0.6667004       0.2116327E-17   0.3332996       0.7864344E-13   0.6807400E-12   0.2646622E-18   0.6812241E-12    0.000000    
   0.3487955E-10    607.8791       0.1071047E+11    25448.91       0.2629845       0.4548667E-34   0.4925884E-15   0.6667004       0.2174477E-17   0.3332996       0.7864468E-13   0.7028825E-12   0.2819305E-18   0.7033664E-12    0.000000    
   0.3586721E-10    607.8791       0.1071047E+11    25448.91       0.2629882       0.4669116E-34   0.4925943E-15   0.6667004       0.2232020E-17   0.3332996       0.7864561E-13   0.7250254E-12   0.2997514E-18   0.7255090E-12    0.000000    
   0.3685486E-10    607.8791       0.1071047E+11    25448.91       0.2629909       0.4788297E-34   0.4925988E-15   0.6667004       0.2288962E-17   0.3332996       0.7864631E-13   0.7471685E-12   0.3181251E-18   0.7476519E-12    0.000000    
   0.3784252E-10    607.8791       0.1071047E+11    25448.91       0.2629931       0.4906223E-34   0.4926022E-15   0.6667004       0.2345309E-17   0.3332996       0.7864684E-13   0.7693118E-12   0.3370516E-18   0.7697949E-12    0.000000    
   0.3883017E-10    607.8791       0.1071047E+11    25448.91       0.2629947       0.5022911E-34   0.4926047E-15   0.6667004       0.2401067E-17   0.3332996       0.7864724E-13   0.7914552E-12   0.3565307E-18   0.7919381E-12    0.000000    
   0.3981782E-10    607.8791       0.1071047E+11    25448.91       0.2629959       0.5138372E-34   0.4926066E-15   0.6667004       0.2456241E-17   0.3332996       0.7864754E-13   0.8135987E-12   0.3765627E-18   0.8140813E-12    0.000000    
   0.4080548E-10    607.8791       0.1071047E+11    25448.91       0.2629968       0.5252623E-34   0.4926081E-15   0.6667004       0.2510839E-17   0.3332996       0.7864777E-13   0.8357423E-12   0.3971473E-18   0.8362246E-12    0.000000    
   0.4179313E-10    607.8791       0.1071047E+11    25448.91       0.2629975       0.5365675E-34   0.4926092E-15   0.6667004       0.2564865E-17   0.3332996       0.7864795E-13   0.8578859E-12   0.4182847E-18   0.8583680E-12    0.000000    
   0.4376844E-10    607.8791       0.1071047E+11    25448.91       0.2629984       0.5588238E-34   0.4926107E-15   0.6667004       0.2671228E-17   0.3332996       0.7864818E-13   0.9021733E-12   0.4622177E-18   0.9026549E-12    0.000000    
   0.4574375E-10    607.8791       0.1071047E+11    25448.91       0.2629990       0.5806163E-34   0.4926116E-15   0.6667004       0.2775377E-17   0.3332996       0.7864831E-13   0.9464608E-12   0.5083618E-18   0.9469419E-12    0.000000    
   0.4771906E-10    607.8791       0.1071047E+11    25448.91       0.2629993       0.6019548E-34   0.4926121E-15   0.6667004       0.2877359E-17   0.3332996       0.7864839E-13   0.9907484E-12   0.5567168E-18   0.9912289E-12    0.000000    
   0.4969437E-10    607.8791       0.1071047E+11    25448.91       0.2629995       0.6228489E-34   0.4926125E-15   0.6667004       0.2977217E-17   0.3332996       0.7864843E-13   0.1035036E-11   0.6072829E-18   0.1035516E-11    0.000000    
   0.5166968E-10    607.8791       0.1071047E+11    25448.91       0.2629996       0.6433080E-34   0.4926127E-15   0.6667004       0.3074997E-17   0.3332996       0.7864846E-13   0.1079324E-11   0.6600600E-18   0.1079803E-11    0.000000    
   0.5364498E-10    607.8791       0.1071047E+11    25448.91       0.2629997       0.6633411E-34   0.4926129E-15   0.6667004       0.3170741E-17   0.3332996       0.7864848E-13   0.1123611E-11   0.7150482E-18   0.1124090E-11    0.000000    
   0.5562029E-10    607.8791       0.1071047E+11    25448.91       0.2629998       0.6829571E-34   0.4926130E-15   0.6667004       0.3264492E-17   0.3332996       0.7864849E-13   0.1167899E-11   0.7722474E-18   0.1168377E-11    0.000000    
   0.5759560E-10    607.8791       0.1071047E+11    25448.91       0.2629998       0.7021647E-34   0.4926131E-15   0.6667004       0.3356291E-17   0.3332996       0.7864850E-13   0.1212186E-11   0.8316577E-18   0.1212664E-11    0.000000    
   0.6154622E-10    607.8791       0.1071047E+11    25448.91       0.2629999       0.7393887E-34   0.4926133E-15   0.6667004       0.3534196E-17   0.3332996       0.7864851E-13   0.1300762E-11   0.9571115E-18   0.1301239E-11    0.000000    
   0.6549683E-10    607.8791       0.1071047E+11    25448.91       0.2630000       0.7750791E-34   0.4926134E-15   0.6667004       0.3704772E-17   0.3332996       0.7864852E-13   0.1389337E-11   0.1091410E-17   0.1389813E-11    0.000000    
   0.6944745E-10    607.8791       0.1071047E+11    25448.91       0.2630000       0.8092989E-34   0.4926135E-15   0.6667004       0.3868319E-17   0.3332996       0.7864853E-13   0.1477912E-11   0.1234552E-17   0.1478387E-11    0.000000    
   0.7339807E-10    607.8791       0.1071047E+11    25448.91       0.2630001       0.8421084E-34   0.4926137E-15   0.6667004       0.4025126E-17   0.3332996       0.7864853E-13   0.1566488E-11   0.1386539E-17   0.1566962E-11    0.000000    
   0.8129930E-10    607.8791       0.1071047E+11    25448.91       0.2630002       0.9037236E-34   0.4926139E-15   0.6667004       0.4319604E-17   0.3332996       0.7864854E-13   0.1743639E-11   0.1717048E-17   0.1744110E-11    0.000000    
   0.9710177E-10    607.8791       0.1071047E+11    25448.91       0.2630004       0.1012389E-33   0.4926143E-15   0.6667004       0.4838949E-17   0.3332996       0.7864856E-13   0.2097940E-11   0.2484201E-17   0.2098407E-11    0.000000    
   0.1104421E-09    607.8791       0.1071047E+11    25448.91       0.2630005       0.1090897E-33   0.4926147E-15   0.6667004       0.5214160E-17   0.3332996       0.7864858E-13   0.2397040E-11   0.3241989E-17   0.2397503E-11    0.000000    
   0.1371228E-09    607.8791       0.1071047E+11    25448.91       0.2630008       0.1217754E-33   0.4926153E-15   0.6667004       0.5820443E-17   0.3332996       0.7864860E-13   0.2995238E-11   0.5060145E-17   0.2995694E-11    0.000000    
   0.1611354E-09    607.8791       0.1071047E+11    25448.91       0.2630010       0.1304802E-33   0.4926158E-15   0.6667004       0.6236467E-17   0.3332996       0.7864862E-13   0.3533617E-11   0.7041439E-17   0.3534066E-11    0.000000    
   0.1851480E-09    607.8791       0.1071047E+11    25448.91       0.2630012       0.1372300E-33   0.4926163E-15   0.6667004       0.6559056E-17   0.3332996       0.7864863E-13   0.4071997E-11   0.9349547E-17   0.4072438E-11    0.000000    
   0.2091606E-09    607.8791       0.1071047E+11    25448.91       0.2630013       0.1424671E-33   0.4926167E-15   0.6667004       0.6809348E-17   0.3332996       0.7864864E-13   0.4610376E-11   0.1198449E-16   0.4610810E-11    0.000000    
   0.2331732E-09    607.8791       0.1071047E+11    25448.91       0.2630014       0.1465302E-33   0.4926171E-15   0.6667004       0.7003532E-17   0.3332996       0.7864865E-13   0.5148756E-11   0.1494627E-16   0.5149182E-11    0.000000    
   0.2571858E-09    607.8791       0.1071047E+11    25448.91       0.2630016       0.1496816E-33   0.4926174E-15   0.6667004       0.7154143E-17   0.3332996       0.7864865E-13   0.5687135E-11   0.1823492E-16   0.5687555E-11    0.000000    
   0.3052110E-09    607.8791       0.1071047E+11    25448.91       0.2630018       0.1540525E-33   0.4926181E-15   0.6667004       0.7363028E-17   0.3332996       0.7864866E-13   0.6763895E-11   0.2579285E-16   0.6764299E-11    0.000000    
   0.3532362E-09    607.8791       0.1071047E+11    25448.91       0.2630020       0.1567044E-33   0.4926188E-15   0.6667004       0.7489761E-17   0.3332996       0.7864867E-13   0.7840654E-11   0.3465841E-16   0.7841044E-11    0.000000    
   0.4118804E-09    607.8791       0.1071047E+11    25448.91       0.2630023       0.1584585E-33   0.4926196E-15   0.6667004       0.7573582E-17   0.3332996       0.7864867E-13   0.9155498E-11   0.4725773E-16   0.9155870E-11    0.000000    
   0.4646601E-09    607.8791       0.1071047E+11    25448.91       0.2630025       0.1593032E-33   0.4926202E-15   0.6667004       0.7613945E-17   0.3332996       0.7864867E-13   0.1033886E-10   0.6026456E-16   0.1033921E-10    0.000000    
   0.5174399E-09    607.8791       0.1071047E+11    25448.91       0.2630027       0.1598015E-33   0.4926209E-15   0.6667004       0.7637750E-17   0.3332996       0.7864867E-13   0.1152222E-10   0.7485123E-16   0.1152256E-10    0.000000    
   0.5702196E-09    607.8791       0.1071047E+11    25448.91       0.2630029       0.1601071E-33   0.4926216E-15   0.6667004       0.7652344E-17   0.3332996       0.7864867E-13   0.1270558E-10   0.9101793E-16   0.1270590E-10    0.000000    
   0.6229993E-09    607.8791       0.1071047E+11    25448.91       0.2630031       0.1602948E-33   0.4926222E-15   0.6667004       0.7661303E-17   0.3332996       0.7864867E-13   0.1388894E-10   0.1087648E-15   0.1388924E-10    0.000000    
   0.6757791E-09    607.8791       0.1071047E+11    25448.91       0.2630033       0.1604076E-33   0.4926229E-15   0.6667004       0.7666685E-17   0.3332996       0.7864867E-13   0.1507230E-10   0.1280920E-15   0.1507259E-10    0.000000    
   0.7813385E-09    607.8791       0.1071047E+11    25448.91       0.2630037       0.1604999E-33   0.4926242E-15   0.6667004       0.7671078E-17   0.3332996       0.7864867E-13   0.1743902E-10   0.1714881E-15   0.1743927E-10    0.000000    
   0.8868980E-09    607.8791       0.1071047E+11    25448.91       0.2630041       0.1605285E-33   0.4926255E-15   0.6667004       0.7672423E-17   0.3332996       0.7864867E-13   0.1980574E-10   0.2212075E-15   0.1980596E-10    0.000000    
   0.1098017E-08    607.8791       0.1071047E+11    25448.91       0.2630048       0.1605106E-33   0.4926281E-15   0.6667004       0.7671524E-17   0.3332996       0.7864867E-13   0.2453917E-10   0.3396216E-15   0.2453933E-10    0.000000    
   0.1288024E-08    607.8791       0.1071047E+11    25448.91       0.2630056       0.1605305E-33   0.4926305E-15   0.6667004       0.7672439E-17   0.3332996       0.7864867E-13   0.2879927E-10   0.4678331E-15   0.2879937E-10    0.000000    
   0.1668038E-08    607.8791       0.1071047E+11    25448.91       0.2630070       0.1605405E-33   0.4926352E-15   0.6667004       0.7672846E-17   0.3332996       0.7864867E-13   0.3731946E-10   0.7857874E-15   0.3731944E-10    0.000000    
   0.1982347E-08    607.8791       0.1071047E+11    25448.91       0.2630082       0.1605625E-33   0.4926392E-15   0.6667004       0.7673837E-17   0.3332996       0.7864867E-13   0.4436649E-10   0.1110793E-14   0.4436637E-10    0.000000    
   0.2296656E-08    607.8791       0.1071047E+11    25448.91       0.2630093       0.1605785E-33   0.4926431E-15   0.6667004       0.7674538E-17   0.3332996       0.7864867E-13   0.5141352E-10   0.1491991E-14   0.5141330E-10    0.000000    
   0.2925273E-08    607.8791       0.1071047E+11    25448.91       0.2630117       0.1605888E-33   0.4926509E-15   0.6667004       0.7674909E-17   0.3332996       0.7864867E-13   0.6550757E-10   0.2423106E-14   0.6550717E-10    0.000000    
   0.3553891E-08    607.8791       0.1071047E+11    25448.91       0.2630140       0.1605900E-33   0.4926587E-15   0.6667004       0.7674844E-17   0.3332996       0.7864867E-13   0.7960163E-10   0.3579407E-14   0.7960103E-10    0.000000    
   0.4811126E-08    607.8791       0.1071047E+11    25448.91       0.2630188       0.1605977E-33   0.4926744E-15   0.6667004       0.7674968E-17   0.3332996       0.7864867E-13   0.1077897E-09   0.6568674E-14   0.1077888E-09    0.000000    
   0.6068362E-08    607.8791       0.1071047E+11    25448.91       0.2630235       0.1606105E-33   0.4926900E-15   0.6667004       0.7675337E-17   0.3332996       0.7864868E-13   0.1359778E-09   0.1046200E-13   0.1359765E-09    0.000000    
   0.7325597E-08    607.8791       0.1071047E+11    25448.91       0.2630283       0.1606219E-33   0.4927057E-15   0.6667004       0.7675635E-17   0.3332996       0.7864868E-13   0.1641659E-09   0.1526159E-13   0.1641642E-09    0.000000    
   0.9840067E-08    607.8791       0.1071047E+11    25448.91       0.2630378       0.1606432E-33   0.4927370E-15   0.6667004       0.7676168E-17   0.3332996       0.7864868E-13   0.2205419E-09   0.2758839E-13   0.2205397E-09    0.000000    
   0.1235454E-07    607.8791       0.1071047E+11    25448.91       0.2630475       0.1606641E-33   0.4927683E-15   0.6667004       0.7676677E-17   0.3332996       0.7864868E-13   0.2769178E-09   0.4356672E-13   0.2769152E-09    0.000000    
   0.1738348E-07    607.8791       0.1071047E+11    25448.91       0.2630669       0.1607064E-33   0.4928309E-15   0.6667004       0.7677724E-17   0.3332996       0.7864868E-13   0.3896690E-09   0.8654860E-13   0.3896661E-09    0.000000    
   0.2156999E-07    607.8791       0.1071047E+11    25448.91       0.2630833       0.1607418E-33   0.4928831E-15   0.6667004       0.7678602E-17   0.3332996       0.7864868E-13   0.4835319E-09   0.1336268E-12   0.4835295E-09    0.000000    
   0.2575651E-07    607.8791       0.1071047E+11    25448.91       0.2630998       0.1607771E-33   0.4929352E-15   0.6667004       0.7679475E-17   0.3332996       0.7864868E-13   0.5773939E-09   0.1910557E-12   0.5773928E-09    0.000000    
   0.2994302E-07    607.8791       0.1071047E+11    25448.91       0.2631165       0.1608124E-33   0.4929873E-15   0.6667004       0.7680348E-17   0.3332996       0.7864868E-13   0.6712550E-09   0.2589166E-12   0.6712562E-09    0.000000    
   0.3412953E-07    607.8791       0.1071047E+11    25448.91       0.2631334       0.1608477E-33   0.4930395E-15   0.6667004       0.7681223E-17   0.3332996       0.7864868E-13   0.7651148E-09   0.3372911E-12   0.7651196E-09    0.000000    
   0.3831605E-07    607.8791       0.1071047E+11    25448.91       0.2631505       0.1608830E-33   0.4930916E-15   0.6667004       0.7682097E-17   0.3332996       0.7864868E-13   0.8589734E-09   0.4262603E-12   0.8589829E-09    0.000000    
   0.4668907E-07    607.8791       0.1071047E+11    25448.91       0.2631851       0.1609536E-33   0.4931958E-15   0.6667004       0.7683845E-17   0.3332996       0.7864869E-13   0.1046686E-08   0.6363087E-12   0.1046710E-08    0.000000    
   0.5480615E-07    607.8791       0.1071047E+11    25448.91       0.2632193       0.1610221E-33   0.4932969E-15   0.6667004       0.7685539E-17   0.3332996       0.7864869E-13   0.1228653E-08   0.8813175E-12   0.1228698E-08    0.000000    
   0.6292323E-07    607.8791       0.1071047E+11    25448.91       0.2632541       0.1610906E-33   0.4933979E-15   0.6667004       0.7687233E-17   0.3332996       0.7864869E-13   0.1410613E-08   0.1167664E-11   0.1410687E-08    0.000000    
   0.7104032E-07    607.8791       0.1071047E+11    25448.91       0.2632895       0.1611591E-33   0.4934990E-15   0.6667004       0.7688928E-17   0.3332996       0.7864869E-13   0.1592563E-08   0.1495939E-11   0.1592675E-08    0.000000    
   0.7915740E-07    607.8791       0.1071047E+11    25448.91       0.2633256       0.1612276E-33   0.4936000E-15   0.6667004       0.7690622E-17   0.3332996       0.7864870E-13   0.1774503E-08   0.1866736E-11   0.1774663E-08    0.000000    
   0.8727448E-07    607.8791       0.1071047E+11    25448.91       0.2633624       0.1612962E-33   0.4937011E-15   0.6667004       0.7692316E-17   0.3332996       0.7864870E-13   0.1956431E-08   0.2280644E-11   0.1956652E-08    0.000000    
   0.9539156E-07    607.8791       0.1071047E+11    25448.91       0.2633997       0.1613647E-33   0.4938021E-15   0.6667004       0.7694011E-17   0.3332996       0.7864870E-13   0.2138347E-08   0.2738255E-11   0.2138640E-08    0.000000    
   0.1116257E-06    607.8791       0.1071047E+11    25448.91       0.2634763       0.1615018E-33   0.4940042E-15   0.6667004       0.7697399E-17   0.3332996       0.7864871E-13   0.2502135E-08   0.3786947E-11   0.2502617E-08    0.000000    
   0.1278599E-06    607.8791       0.1071047E+11    25448.91       0.2635555       0.1616390E-33   0.4942062E-15   0.6667004       0.7700787E-17   0.3332996       0.7864871E-13   0.2865858E-08   0.5017529E-11   0.2866594E-08    0.000000    
   0.1440940E-06    607.8791       0.1071047E+11    25448.91       0.2636372       0.1617762E-33   0.4944081E-15   0.6667004       0.7704174E-17   0.3332996       0.7864872E-13   0.3229505E-08   0.6434712E-11   0.3230572E-08    0.000000    
   0.1603282E-06    607.8791       0.1071047E+11    25448.91       0.2637214       0.1619134E-33   0.4946100E-15   0.6667004       0.7707561E-17   0.3332996       0.7864872E-13   0.3593069E-08   0.8043198E-11   0.3594549E-08    0.000000    
   0.1765624E-06    607.8791       0.1071047E+11    25448.91       0.2638081       0.1620506E-33   0.4948119E-15   0.6667004       0.7710947E-17   0.3332996       0.7864873E-13   0.3956539E-08   0.9847682E-11   0.3958526E-08    0.000000    
   0.2090307E-06    607.8791       0.1071047E+11    25448.91       0.2639890       0.1623252E-33   0.4952155E-15   0.6667004       0.7717716E-17   0.3332996       0.7864873E-13   0.4683160E-08   0.1406338E-10   0.4686481E-08    0.000000    
   0.2414990E-06    607.8792       0.1071047E+11    25448.91       0.2641800       0.1625998E-33   0.4956187E-15   0.6667004       0.7724482E-17   0.3332996       0.7864874E-13   0.5409293E-08   0.1911917E-10   0.5414436E-08    0.000000    
   0.2739673E-06    607.8792       0.1071047E+11    25448.91       0.2643810       0.1628745E-33   0.4960217E-15   0.6667004       0.7731244E-17   0.3332996       0.7864875E-13   0.6134862E-08   0.2505226E-10   0.6142392E-08    0.000000    
   0.3064357E-06    607.8792       0.1071047E+11    25448.91       0.2645918       0.1631492E-33   0.4964243E-15   0.6667004       0.7738000E-17   0.3332996       0.7864876E-13   0.6859792E-08   0.3189969E-10   0.6870347E-08    0.000000    
   0.3389040E-06    607.8792       0.1071047E+11    25448.91       0.2648126       0.1634238E-33   0.4968265E-15   0.6667004       0.7744751E-17   0.3332996       0.7864877E-13   0.7584010E-08   0.3969829E-10   0.7598304E-08    0.000000    
   0.3713723E-06    607.8792       0.1071047E+11    25448.91       0.2650432       0.1636984E-33   0.4972283E-15   0.6667004       0.7751495E-17   0.3332996       0.7864878E-13   0.8307440E-08   0.4848468E-10   0.8326260E-08    0.000000    
   0.4038406E-06    607.8792       0.1071047E+11    25448.91       0.2652835       0.1639729E-33   0.4976296E-15   0.6667004       0.7758231E-17   0.3332996       0.7864879E-13   0.9030007E-08   0.5829527E-10   0.9054217E-08    0.000000    
   0.4363090E-06    607.8792       0.1071047E+11    25448.91       0.2655335       0.1642473E-33   0.4980304E-15   0.6667004       0.7764960E-17   0.3332996       0.7864880E-13   0.9751639E-08   0.6916622E-10   0.9782174E-08    0.000000    
   0.4687773E-06    607.8792       0.1071047E+11    25448.91       0.2657932       0.1645216E-33   0.4984306E-15   0.6667004       0.7771680E-17   0.3332996       0.7864881E-13   0.1047226E-07   0.8113343E-10   0.1051013E-07    0.000000    
   0.5012456E-06    607.8792       0.1071047E+11    25448.91       0.2660625       0.1647957E-33   0.4988303E-15   0.6667004       0.7778391E-17   0.3332996       0.7864882E-13   0.1119180E-07   0.9423256E-10   0.1123809E-07    0.000000    
   0.5337139E-06    607.8792       0.1071047E+11    25448.91       0.2663412       0.1650696E-33   0.4992292E-15   0.6667004       0.7785091E-17   0.3332996       0.7864883E-13   0.1191019E-07   0.1084990E-09   0.1196605E-07    0.000000    
   0.5661823E-06    607.8792       0.1071047E+11    25448.91       0.2666294       0.1653432E-33   0.4996275E-15   0.6667004       0.7791782E-17   0.3332996       0.7864884E-13   0.1262735E-07   0.1239677E-09   0.1269400E-07    0.000000    
   0.5986506E-06    607.8792       0.1071047E+11    25448.91       0.2669269       0.1656167E-33   0.5000251E-15   0.6667004       0.7798460E-17   0.3332996       0.7864885E-13   0.1334321E-07   0.1406735E-09   0.1342196E-07    0.000000    
   0.6311189E-06    607.8792       0.1071047E+11    25448.91       0.2672336       0.1658898E-33   0.5004220E-15   0.6667004       0.7805127E-17   0.3332996       0.7864886E-13   0.1405770E-07   0.1586508E-09   0.1414992E-07    0.000000    
   0.6635872E-06    607.8793       0.1071047E+11    25448.91       0.2675496       0.1661626E-33   0.5008180E-15   0.6667004       0.7811781E-17   0.3332995       0.7864887E-13   0.1477075E-07   0.1779337E-09   0.1487788E-07    0.000000    
   0.6960556E-06    607.8793       0.1071047E+11    25448.91       0.2678745       0.1664351E-33   0.5012132E-15   0.6667004       0.7818422E-17   0.3332995       0.7864888E-13   0.1548229E-07   0.1985560E-09   0.1560584E-07    0.000000    
   0.7609922E-06    607.8793       0.1071047E+11    25448.91       0.2685513       0.1669790E-33   0.5020009E-15   0.6667004       0.7831661E-17   0.3332995       0.7864891E-13   0.1690057E-07   0.2439518E-09   0.1706176E-07    0.000000    
   0.8194352E-06    607.8793       0.1071047E+11    25448.91       0.2691905       0.1674670E-33   0.5027066E-15   0.6667004       0.7843524E-17   0.3332995       0.7864892E-13   0.1817117E-07   0.2897195E-09   0.1837209E-07    0.000000    
   0.8778782E-06    607.8793       0.1071047E+11    25448.91       0.2698575       0.1679535E-33   0.5034090E-15   0.6667004       0.7855334E-17   0.3332995       0.7864894E-13   0.1943582E-07   0.3403342E-09   0.1968242E-07    0.000000    
   0.9363212E-06    607.8793       0.1071047E+11    25448.91       0.2705516       0.1684384E-33   0.5041078E-15   0.6667004       0.7867087E-17   0.3332995       0.7864896E-13   0.2069414E-07   0.3959784E-09   0.2099275E-07    0.000000    
   0.9947641E-06    607.8793       0.1071047E+11    25448.91       0.2712723       0.1689214E-33   0.5048030E-15   0.6667004       0.7878780E-17   0.3332995       0.7864898E-13   0.2194574E-07   0.4568301E-09   0.2230308E-07    0.000000    
   0.1053207E-05    607.8793       0.1071047E+11    25448.91       0.2720187       0.1694023E-33   0.5054942E-15   0.6667004       0.7890409E-17   0.3332995       0.7864900E-13   0.2319028E-07   0.5230623E-09   0.2361341E-07    0.000000    
   0.1111650E-05    607.8794       0.1071047E+11    25448.91       0.2727901       0.1698812E-33   0.5061813E-15   0.6667004       0.7901971E-17   0.3332995       0.7864902E-13   0.2442738E-07   0.5948434E-09   0.2492375E-07    0.000000    
   0.1170093E-05    607.8794       0.1071047E+11    25448.91       0.2735859       0.1703578E-33   0.5068641E-15   0.6667004       0.7913463E-17   0.3332995       0.7864905E-13   0.2565670E-07   0.6723362E-09   0.2623408E-07    0.000000    
   0.1228536E-05    607.8794       0.1071047E+11    25448.91       0.2744051       0.1708319E-33   0.5075424E-15   0.6667004       0.7924881E-17   0.3332995       0.7864907E-13   0.2687790E-07   0.7556985E-09   0.2754442E-07    0.000000    
   0.1286979E-05    607.8794       0.1071047E+11    25448.91       0.2752471       0.1713034E-33   0.5082160E-15   0.6667004       0.7936222E-17   0.3332995       0.7864909E-13   0.2809066E-07   0.8450825E-09   0.2885475E-07    0.000000    
   0.1345422E-05    607.8794       0.1071047E+11    25448.91       0.2761109       0.1717723E-33   0.5088847E-15   0.6667004       0.7947483E-17   0.3332995       0.7864911E-13   0.2929464E-07   0.9406348E-09   0.3016509E-07    0.000000    
   0.1403865E-05    607.8794       0.1071047E+11    25448.91       0.2769957       0.1722382E-33   0.5095484E-15   0.6667004       0.7958662E-17   0.3332995       0.7864913E-13   0.3048955E-07   0.1042497E-08   0.3147543E-07    0.000000    
   0.1462308E-05    607.8794       0.1071047E+11    25448.91       0.2779008       0.1727012E-33   0.5102069E-15   0.6667004       0.7969756E-17   0.3332995       0.7864916E-13   0.3167509E-07   0.1150803E-08   0.3278577E-07    0.000000    
   0.1520751E-05    607.8795       0.1071047E+11    25448.91       0.2788251       0.1731611E-33   0.5108600E-15   0.6667004       0.7980761E-17   0.3332995       0.7864918E-13   0.3285097E-07   0.1265683E-08   0.3409611E-07    0.000000    
   0.1579194E-05    607.8795       0.1071047E+11    25448.91       0.2797679       0.1736178E-33   0.5115076E-15   0.6667004       0.7991675E-17   0.3332995       0.7864920E-13   0.3401691E-07   0.1387259E-08   0.3540645E-07    0.000000    
   0.1637637E-05    607.8795       0.1071047E+11    25448.91       0.2807282       0.1740711E-33   0.5121496E-15   0.6667004       0.8002496E-17   0.3332995       0.7864923E-13   0.3517266E-07   0.1515650E-08   0.3671680E-07    0.000000    
   0.1696080E-05    607.8795       0.1071047E+11    25448.91       0.2817052       0.1745209E-33   0.5127857E-15   0.6667004       0.8013221E-17   0.3332995       0.7864925E-13   0.3631795E-07   0.1650967E-08   0.3802714E-07    0.000000    
   0.1754523E-05    607.8795       0.1071048E+11    25448.91       0.2826978       0.1749671E-33   0.5134160E-15   0.6667004       0.8023848E-17   0.3332995       0.7864928E-13   0.3745255E-07   0.1793313E-08   0.3933748E-07    0.000000    
   0.1812966E-05    607.8795       0.1071048E+11    25448.91       0.2837054       0.1754097E-33   0.5140401E-15   0.6667004       0.8034374E-17   0.3332995       0.7864930E-13   0.3857623E-07   0.1942789E-08   0.4064783E-07    0.000000    
   0.1871409E-05    607.8796       0.1071048E+11    25448.91       0.2847268       0.1758484E-33   0.5146581E-15   0.6667004       0.8044798E-17   0.3332995       0.7864933E-13   0.3968876E-07   0.2099486E-08   0.4195818E-07    0.000000    
   0.1929852E-05    607.8796       0.1071048E+11    25448.91       0.2857613       0.1762833E-33   0.5152698E-15   0.6667004       0.8055118E-17   0.3332995       0.7864935E-13   0.4078995E-07   0.2263492E-08   0.4326853E-07    0.000000    
   0.1988295E-05    607.8796       0.1071048E+11    25448.91       0.2868078       0.1767142E-33   0.5158751E-15   0.6667004       0.8065332E-17   0.3332995       0.7864938E-13   0.4187960E-07   0.2434885E-08   0.4457887E-07    0.000000    
   0.2046738E-05    607.8796       0.1071048E+11    25448.91       0.2878656       0.1771410E-33   0.5164738E-15   0.6667004       0.8075437E-17   0.3332995       0.7864941E-13   0.4295753E-07   0.2613741E-08   0.4588922E-07    0.000000    
   0.2105181E-05    607.8796       0.1071048E+11    25448.91       0.2889336       0.1775636E-33   0.5170660E-15   0.6667004       0.8085433E-17   0.3332995       0.7864943E-13   0.4402356E-07   0.2800128E-08   0.4719958E-07    0.000000    
   0.2163624E-05    607.8796       0.1071048E+11    25448.91       0.2900110       0.1779820E-33   0.5176515E-15   0.6667004       0.8095317E-17   0.3332995       0.7864946E-13   0.4507754E-07   0.2994106E-08   0.4850993E-07    0.000000    
   0.2222067E-05    607.8796       0.1071048E+11    25448.91       0.2910970       0.1783961E-33   0.5182302E-15   0.6667004       0.8105089E-17   0.3332995       0.7864949E-13   0.4611932E-07   0.3195732E-08   0.4982028E-07    0.000000    
   0.2280510E-05    607.8797       0.1071048E+11    25448.91       0.2921906       0.1788058E-33   0.5188021E-15   0.6667004       0.8114747E-17   0.3332995       0.7864952E-13   0.4714877E-07   0.3405056E-08   0.5113064E-07    0.000000    
   0.2338953E-05    607.8797       0.1071048E+11    25448.91       0.2932909       0.1792110E-33   0.5193670E-15   0.6667004       0.8124289E-17   0.3332995       0.7864955E-13   0.4816575E-07   0.3622122E-08   0.5244099E-07    0.000000    
   0.2397396E-05    607.8797       0.1071048E+11    25448.91       0.2943972       0.1796117E-33   0.5199250E-15   0.6667004       0.8133715E-17   0.3332995       0.7864958E-13   0.4917016E-07   0.3846967E-08   0.5375135E-07    0.000000    
   0.2455839E-05    607.8797       0.1071048E+11    25448.91       0.2955085       0.1800079E-33   0.5204759E-15   0.6667004       0.8143024E-17   0.3332995       0.7864961E-13   0.5016190E-07   0.4079624E-08   0.5506170E-07    0.000000    
   0.2514282E-05    607.8797       0.1071048E+11    25448.91       0.2966241       0.1803994E-33   0.5210198E-15   0.6667004       0.8152215E-17   0.3332995       0.7864964E-13   0.5114087E-07   0.4320119E-08   0.5637206E-07    0.000000    
   0.2572725E-05    607.8797       0.1071048E+11    25448.91       0.2977431       0.1807862E-33   0.5215565E-15   0.6667004       0.8161286E-17   0.3332995       0.7864967E-13   0.5210699E-07   0.4568474E-08   0.5768242E-07    0.000000    
   0.2631168E-05    607.8797       0.1071048E+11    25448.91       0.2988647       0.1811683E-33   0.5220861E-15   0.6667004       0.8170238E-17   0.3332995       0.7864970E-13   0.5306020E-07   0.4824704E-08   0.5899278E-07    0.000000    
   0.2748054E-05    607.8798       0.1071048E+11    25448.91       0.3011126       0.1819181E-33   0.5231236E-15   0.6667004       0.8187780E-17   0.3332995       0.7864977E-13   0.5492765E-07   0.5360827E-08   0.6161351E-07    0.000000    
   0.2853251E-05    607.8798       0.1071048E+11    25448.91       0.3031372       0.1825764E-33   0.5240325E-15   0.6667004       0.8203153E-17   0.3332995       0.7864983E-13   0.5656369E-07   0.5870320E-08   0.6397216E-07    0.000000    
   0.2954608E-05    607.8798       0.1071048E+11    25448.91       0.3050849       0.1831956E-33   0.5248860E-15   0.6667004       0.8217591E-17   0.3332995       0.7864989E-13   0.5809986E-07   0.6385356E-08   0.6624472E-07    0.000000    
   0.3055965E-05    607.8799       0.1071048E+11    25448.91       0.3070263       0.1838001E-33   0.5257176E-15   0.6667004       0.8231662E-17   0.3332995       0.7864995E-13   0.5959656E-07   0.6924008E-08   0.6851727E-07    0.000000    
   0.3157322E-05    607.8799       0.1071048E+11    25448.91       0.3089579       0.1843897E-33   0.5265273E-15   0.6667004       0.8245366E-17   0.3332995       0.7865002E-13   0.6105383E-07   0.7486155E-08   0.7078984E-07    0.000000    
   0.3258679E-05    607.8799       0.1071048E+11    25448.91       0.3108766       0.1849644E-33   0.5273152E-15   0.6667004       0.8258704E-17   0.3332995       0.7865008E-13   0.6247180E-07   0.8071641E-08   0.7306240E-07    0.000000    
   0.3360036E-05    607.8799       0.1071048E+11    25448.91       0.3127794       0.1855242E-33   0.5280814E-15   0.6667004       0.8271678E-17   0.3332995       0.7865015E-13   0.6385064E-07   0.8680273E-08   0.7533497E-07    0.000000    
   0.3461393E-05    607.8800       0.1071048E+11    25448.91       0.3146635       0.1860691E-33   0.5288260E-15   0.6667004       0.8284288E-17   0.3332995       0.7865022E-13   0.6519061E-07   0.9311825E-08   0.7760754E-07    0.000000    
   0.3562750E-05    607.8800       0.1071048E+11    25448.91       0.3165265       0.1865991E-33   0.5295492E-15   0.6667004       0.8296539E-17   0.3332995       0.7865029E-13   0.6649201E-07   0.9966041E-08   0.7988011E-07    0.000000    
   0.3664107E-05    607.8800       0.1071048E+11    25448.91       0.3183660       0.1871144E-33   0.5302512E-15   0.6667004       0.8308433E-17   0.3332995       0.7865036E-13   0.6775523E-07   0.1064264E-07   0.8215269E-07    0.000000    
   0.3866821E-05    607.8801       0.1071048E+11    25448.91       0.3219660       0.1881012E-33   0.5315926E-15   0.6667004       0.8331168E-17   0.3332995       0.7865050E-13   0.7016887E-07   0.1206170E-07   0.8669785E-07    0.000000    
   0.4045688E-05    607.8801       0.1071049E+11    25448.91       0.3250456       0.1889241E-33   0.5327084E-15   0.6667004       0.8350085E-17   0.3332995       0.7865064E-13   0.7217634E-07   0.1338492E-07   0.9070834E-07    0.000000    
   0.4224555E-05    607.8802       0.1071049E+11    25448.91       0.3280255       0.1897032E-33   0.5337624E-15   0.6667004       0.8367960E-17   0.3332995       0.7865078E-13   0.7407251E-07   0.1477262E-07   0.9471885E-07    0.000000    
   0.4385536E-05    607.8802       0.1071049E+11    25448.91       0.3306170       0.1903679E-33   0.5346598E-15   0.6667003       0.8383184E-17   0.3332995       0.7865090E-13   0.7568677E-07   0.1607482E-07   0.9832831E-07    0.000000    
   0.4546516E-05    607.8803       0.1071049E+11    25448.91       0.3331188       0.1909990E-33   0.5355102E-15   0.6667003       0.8397615E-17   0.3332995       0.7865104E-13   0.7721643E-07   0.1742573E-07   0.1019378E-06    0.000000    
   0.4707496E-05    607.8803       0.1071049E+11    25448.91       0.3355284       0.1915975E-33   0.5363153E-15   0.6667003       0.8411279E-17   0.3332995       0.7865117E-13   0.7866434E-07   0.1882357E-07   0.1055473E-06    0.000000    
   0.4868477E-05    607.8804       0.1071049E+11    25448.91       0.3378440       0.1921644E-33   0.5370766E-15   0.6667003       0.8424203E-17   0.3332995       0.7865131E-13   0.8003346E-07   0.2026654E-07   0.1091567E-06    0.000000    
   0.5029457E-05    607.8804       0.1071049E+11    25448.91       0.3400646       0.1927008E-33   0.5377959E-15   0.6667003       0.8436417E-17   0.3332994       0.7865145E-13   0.8132681E-07   0.2175281E-07   0.1127662E-06    0.000000    
   0.5190437E-05    607.8805       0.1071049E+11    25448.91       0.3421899       0.1932079E-33   0.5384748E-15   0.6667003       0.8447948E-17   0.3332994       0.7865159E-13   0.8254747E-07   0.2328055E-07   0.1163758E-06    0.000000    
   0.5351418E-05    607.8805       0.1071049E+11    25448.91       0.3442203       0.1936867E-33   0.5391151E-15   0.6667003       0.8458825E-17   0.3332994       0.7865174E-13   0.8369852E-07   0.2484792E-07   0.1199853E-06    0.000000    
   0.5512398E-05    607.8806       0.1071049E+11    25448.91       0.3461566       0.1941386E-33   0.5397185E-15   0.6667003       0.8469076E-17   0.3332994       0.7865189E-13   0.8478304E-07   0.2645310E-07   0.1235948E-06    0.000000    
   0.5673379E-05    607.8806       0.1071049E+11    25448.91       0.3480003       0.1945646E-33   0.5402867E-15   0.6667003       0.8478731E-17   0.3332994       0.7865204E-13   0.8580409E-07   0.2809431E-07   0.1272043E-06    0.000000    
   0.5834359E-05    607.8807       0.1071049E+11    25448.91       0.3497532       0.1949659E-33   0.5408213E-15   0.6667003       0.8487817E-17   0.3332994       0.7865219E-13   0.8676469E-07   0.2976977E-07   0.1308139E-06    0.000000    
   0.5995339E-05    607.8807       0.1071050E+11    25448.91       0.3514175       0.1953437E-33   0.5413240E-15   0.6667003       0.8496362E-17   0.3332994       0.7865235E-13   0.8766779E-07   0.3147778E-07   0.1344234E-06    0.000000    
   0.6156320E-05    607.8808       0.1071050E+11    25448.91       0.3529954       0.1956991E-33   0.5417964E-15   0.6667003       0.8504394E-17   0.3332994       0.7865251E-13   0.8851630E-07   0.3321665E-07   0.1380330E-06    0.000000    
   0.6317300E-05    607.8808       0.1071050E+11    25448.91       0.3544897       0.1960332E-33   0.5422400E-15   0.6667003       0.8511937E-17   0.3332994       0.7865266E-13   0.8931303E-07   0.3498476E-07   0.1416426E-06    0.000000    
   0.6478281E-05    607.8809       0.1071050E+11    25448.91       0.3559031       0.1963470E-33   0.5426565E-15   0.6667003       0.8519019E-17   0.3332994       0.7865283E-13   0.9006072E-07   0.3678053E-07   0.1452522E-06    0.000000    
   0.6639261E-05    607.8809       0.1071050E+11    25448.91       0.3572387       0.1966417E-33   0.5430472E-15   0.6667003       0.8525664E-17   0.3332994       0.7865299E-13   0.9076202E-07   0.3860245E-07   0.1488618E-06    0.000000    
   0.6800241E-05    607.8810       0.1071050E+11    25448.91       0.3584993       0.1969183E-33   0.5434135E-15   0.6667003       0.8531896E-17   0.3332994       0.7865316E-13   0.9141947E-07   0.4044907E-07   0.1524714E-06    0.000000    
   0.6961222E-05    607.8810       0.1071050E+11    25448.91       0.3596882       0.1971778E-33   0.5437569E-15   0.6667003       0.8537738E-17   0.3332994       0.7865332E-13   0.9203554E-07   0.4231897E-07   0.1560810E-06    0.000000    
   0.7122202E-05    607.8811       0.1071050E+11    25448.91       0.3608085       0.1974210E-33   0.5440787E-15   0.6667003       0.8543212E-17   0.3332994       0.7865349E-13   0.9261256E-07   0.4421082E-07   0.1596906E-06    0.000000    
   0.7283182E-05    607.8811       0.1071050E+11    25448.91       0.3618631       0.1976490E-33   0.5443800E-15   0.6667003       0.8548339E-17   0.3332994       0.7865366E-13   0.9315280E-07   0.4612334E-07   0.1633002E-06    0.000000    
   0.7444163E-05    607.8812       0.1071050E+11    25448.91       0.3628553       0.1978625E-33   0.5446620E-15   0.6667003       0.8553140E-17   0.3332994       0.7865383E-13   0.9365841E-07   0.4805531E-07   0.1669099E-06    0.000000    
   0.7605143E-05    607.8812       0.1071050E+11    25448.91       0.3637880       0.1980625E-33   0.5449260E-15   0.6667003       0.8557633E-17   0.3332994       0.7865400E-13   0.9413144E-07   0.5000557E-07   0.1705195E-06    0.000000    
   0.7766124E-05    607.8813       0.1071050E+11    25448.91       0.3646643       0.1982498E-33   0.5451730E-15   0.6667003       0.8561837E-17   0.3332994       0.7865418E-13   0.9457383E-07   0.5197301E-07   0.1741292E-06    0.000000    
   0.7927104E-05    607.8813       0.1071051E+11    25448.91       0.3654870       0.1984250E-33   0.5454041E-15   0.6667003       0.8565770E-17   0.3332994       0.7865435E-13   0.9498744E-07   0.5395658E-07   0.1777388E-06    0.000000    
   0.8088084E-05    607.8814       0.1071051E+11    25448.91       0.3662590       0.1985889E-33   0.5456201E-15   0.6667003       0.8569448E-17   0.3332994       0.7865453E-13   0.9537404E-07   0.5595530E-07   0.1813485E-06    0.000000    
   0.8249065E-05    607.8814       0.1071051E+11    25448.91       0.3669830       0.1987422E-33   0.5458221E-15   0.6667003       0.8572886E-17   0.3332994       0.7865470E-13   0.9573528E-07   0.5796821E-07   0.1849582E-06    0.000000    
   0.8410045E-05    607.8815       0.1071051E+11    25448.91       0.3676617       0.1988856E-33   0.5460108E-15   0.6667003       0.8576100E-17   0.3332994       0.7865488E-13   0.9607275E-07   0.5999444E-07   0.1885679E-06    0.000000    
   0.8571026E-05    607.8815       0.1071051E+11    25448.91       0.3682976       0.1990196E-33   0.5461872E-15   0.6667003       0.8579104E-17   0.3332994       0.7865506E-13   0.9638793E-07   0.6203315E-07   0.1921776E-06    0.000000    
   0.8732006E-05    607.8816       0.1071051E+11    25448.91       0.3688931       0.1991449E-33   0.5463520E-15   0.6667003       0.8581911E-17   0.3332994       0.7865524E-13   0.9668223E-07   0.6408354E-07   0.1957874E-06    0.000000    
   0.8892986E-05    607.8816       0.1071051E+11    25448.91       0.3694506       0.1992619E-33   0.5465060E-15   0.6667003       0.8584533E-17   0.3332994       0.7865542E-13   0.9695698E-07   0.6614487E-07   0.1993971E-06    0.000000    
   0.9214947E-05    607.8818       0.1071051E+11    25448.91       0.3704604       0.1994735E-33   0.5467841E-15   0.6667003       0.8589270E-17   0.3332994       0.7865578E-13   0.9745274E-07   0.7029759E-07   0.2066166E-06    0.000000    
   0.9536908E-05    607.8819       0.1071051E+11    25448.91       0.3713435       0.1996582E-33   0.5470265E-15   0.6667002       0.8593402E-17   0.3332994       0.7865615E-13   0.9788435E-07   0.7448617E-07   0.2138361E-06    0.000000    
   0.9858869E-05    607.8820       0.1071052E+11    25448.91       0.3721150       0.1998192E-33   0.5472379E-15   0.6667002       0.8597003E-17   0.3332994       0.7865651E-13   0.9825988E-07   0.7870608E-07   0.2210557E-06    0.000000    
   0.1018083E-04    607.8821       0.1071052E+11    25448.91       0.3727883       0.1999596E-33   0.5474221E-15   0.6667002       0.8600143E-17   0.3332994       0.7865688E-13   0.9858645E-07   0.8295335E-07   0.2282753E-06    0.000000    
   0.1050279E-04    607.8822       0.1071052E+11    25448.91       0.3733754       0.2000821E-33   0.5475825E-15   0.6667002       0.8602878E-17   0.3332993       0.7865725E-13   0.9887032E-07   0.8722448E-07   0.2354949E-06    0.000000    
   0.1082475E-04    607.8823       0.1071052E+11    25448.91       0.3738870       0.2001888E-33   0.5477224E-15   0.6667002       0.8605263E-17   0.3332993       0.7865762E-13   0.9911698E-07   0.9151639E-07   0.2427146E-06    0.000000    
   0.1114671E-04    607.8824       0.1071052E+11    25448.91       0.3743326       0.2002819E-33   0.5478442E-15   0.6667002       0.8607341E-17   0.3332993       0.7865800E-13   0.9933122E-07   0.9582640E-07   0.2499344E-06    0.000000    
   0.1146867E-04    607.8825       0.1071052E+11    25448.91       0.3747203       0.2003631E-33   0.5479504E-15   0.6667002       0.8609152E-17   0.3332993       0.7865837E-13   0.9951727E-07   0.1001522E-06   0.2571541E-06    0.000000    
   0.1179063E-04    607.8826       0.1071053E+11    25448.91       0.3750577       0.2004339E-33   0.5480429E-15   0.6667002       0.8610732E-17   0.3332993       0.7865875E-13   0.9967879E-07   0.1044916E-06   0.2643740E-06    0.000000    
   0.1211259E-04    607.8827       0.1071053E+11    25448.91       0.3753512       0.2004957E-33   0.5481237E-15   0.6667002       0.8612111E-17   0.3332993       0.7865912E-13   0.9981899E-07   0.1088430E-06   0.2715938E-06    0.000000    
   0.1243455E-04    607.8828       0.1071053E+11    25448.91       0.3756064       0.2005497E-33   0.5481941E-15   0.6667002       0.8613314E-17   0.3332993       0.7865950E-13   0.9994067E-07   0.1132047E-06   0.2788137E-06    0.000000    
   0.1275652E-04    607.8829       0.1071053E+11    25448.91       0.3758282       0.2005969E-33   0.5482557E-15   0.6667002       0.8614365E-17   0.3332993       0.7865988E-13   0.1000463E-06   0.1175754E-06   0.2860337E-06    0.000000    
   0.1307848E-04    607.8830       0.1071053E+11    25448.91       0.3760211       0.2006381E-33   0.5483094E-15   0.6667002       0.8615285E-17   0.3332993       0.7866025E-13   0.1001379E-06   0.1219539E-06   0.2932536E-06    0.000000    
   0.1340044E-04    607.8831       0.1071054E+11    25448.91       0.3761887       0.2006743E-33   0.5483565E-15   0.6667002       0.8616089E-17   0.3332993       0.7866063E-13   0.1002174E-06   0.1263392E-06   0.3004736E-06    0.000000    
   0.1372240E-04    607.8832       0.1071054E+11    25448.91       0.3763345       0.2007060E-33   0.5483977E-15   0.6667002       0.8616794E-17   0.3332993       0.7866101E-13   0.1002863E-06   0.1307304E-06   0.3076937E-06    0.000000    
   0.1404436E-04    607.8833       0.1071054E+11    25448.91       0.3764612       0.2007338E-33   0.5484338E-15   0.6667002       0.8617413E-17   0.3332993       0.7866139E-13   0.1003461E-06   0.1351266E-06   0.3149138E-06    0.000000    
   0.1436632E-04    607.8834       0.1071054E+11    25448.91       0.3765713       0.2007583E-33   0.5484655E-15   0.6667002       0.8617957E-17   0.3332993       0.7866177E-13   0.1003980E-06   0.1395274E-06   0.3221339E-06    0.000000    
   0.1468828E-04    607.8836       0.1071054E+11    25448.91       0.3766672       0.2007799E-33   0.5484934E-15   0.6667001       0.8618436E-17   0.3332993       0.7866215E-13   0.1004431E-06   0.1439320E-06   0.3293541E-06    0.000000    
   0.1501024E-04    607.8837       0.1071054E+11    25448.91       0.3767505       0.2007989E-33   0.5485180E-15   0.6667001       0.8618859E-17   0.3332993       0.7866253E-13   0.1004822E-06   0.1483399E-06   0.3365743E-06    0.000000    
   0.1533220E-04    607.8838       0.1071055E+11    25448.91       0.3768231       0.2008158E-33   0.5485398E-15   0.6667001       0.8619233E-17   0.3332993       0.7866291E-13   0.1005161E-06   0.1527507E-06   0.3437946E-06    0.000000    
   0.1565416E-04    607.8839       0.1071055E+11    25448.91       0.3768863       0.2008307E-33   0.5485590E-15   0.6667001       0.8619564E-17   0.3332993       0.7866329E-13   0.1005455E-06   0.1571641E-06   0.3510149E-06    0.000000    
   0.1597612E-04    607.8840       0.1071055E+11    25448.91       0.3769413       0.2008441E-33   0.5485761E-15   0.6667001       0.8619859E-17   0.3332993       0.7866367E-13   0.1005710E-06   0.1615796E-06   0.3582352E-06    0.000000    
   0.1629808E-04    607.8841       0.1071055E+11    25448.91       0.3769893       0.2008560E-33   0.5485913E-15   0.6667001       0.8620122E-17   0.3332993       0.7866405E-13   0.1005932E-06   0.1659970E-06   0.3654556E-06    0.000000    
   0.1662004E-04    607.8842       0.1071055E+11    25448.91       0.3770312       0.2008666E-33   0.5486050E-15   0.6667001       0.8620357E-17   0.3332992       0.7866443E-13   0.1006125E-06   0.1704161E-06   0.3726761E-06    0.000000    
   0.1694201E-04    607.8843       0.1071056E+11    25448.91       0.3770677       0.2008762E-33   0.5486172E-15   0.6667001       0.8620569E-17   0.3332992       0.7866481E-13   0.1006292E-06   0.1748366E-06   0.3798965E-06    0.000000    
   0.1726397E-04    607.8844       0.1071056E+11    25448.91       0.3770997       0.2008849E-33   0.5486281E-15   0.6667001       0.8620759E-17   0.3332992       0.7866519E-13   0.1006437E-06   0.1792584E-06   0.3871170E-06    0.000000    
   0.1758593E-04    607.8845       0.1071056E+11    25448.91       0.3771277       0.2008927E-33   0.5486381E-15   0.6667001       0.8620932E-17   0.3332992       0.7866557E-13   0.1006564E-06   0.1836813E-06   0.3943376E-06    0.000000    
   0.1790789E-04    607.8846       0.1071056E+11    25448.91       0.3771522       0.2008999E-33   0.5486471E-15   0.6667001       0.8621089E-17   0.3332992       0.7866595E-13   0.1006674E-06   0.1881051E-06   0.4015582E-06    0.000000    
   0.1822985E-04    607.8847       0.1071056E+11    25448.91       0.3771737       0.2009064E-33   0.5486553E-15   0.6667001       0.8621233E-17   0.3332992       0.7866633E-13   0.1006769E-06   0.1925297E-06   0.4087788E-06    0.000000    
   0.1855181E-04    607.8848       0.1071056E+11    25448.91       0.3771927       0.2009125E-33   0.5486629E-15   0.6667001       0.8621365E-17   0.3332992       0.7866671E-13   0.1006853E-06   0.1969550E-06   0.4159995E-06    0.000000    
   0.1887377E-04    607.8849       0.1071057E+11    25448.91       0.3772093       0.2009180E-33   0.5486698E-15   0.6667001       0.8621487E-17   0.3332992       0.7866709E-13   0.1006925E-06   0.2013810E-06   0.4232202E-06    0.000000    
   0.1919573E-04    607.8850       0.1071057E+11    25448.91       0.3772241       0.2009232E-33   0.5486762E-15   0.6667001       0.8621600E-17   0.3332992       0.7866748E-13   0.1006988E-06   0.2058075E-06   0.4304409E-06    0.000000    
   0.1951769E-04    607.8852       0.1071057E+11    25448.91       0.3772371       0.2009281E-33   0.5486822E-15   0.6667001       0.8621705E-17   0.3332992       0.7866786E-13   0.1007044E-06   0.2102344E-06   0.4376617E-06    0.000000    
   0.1983965E-04    607.8853       0.1071057E+11    25448.91       0.3772487       0.2009326E-33   0.5486878E-15   0.6667000       0.8621804E-17   0.3332992       0.7866824E-13   0.1007092E-06   0.2146618E-06   0.4448825E-06    0.000000    
   0.2016161E-04    607.8854       0.1071057E+11    25448.91       0.3772590       0.2009369E-33   0.5486931E-15   0.6667000       0.8621897E-17   0.3332992       0.7866862E-13   0.1007134E-06   0.2190895E-06   0.4521034E-06    0.000000    
   0.2048357E-04    607.8855       0.1071057E+11    25448.91       0.3772682       0.2009410E-33   0.5486980E-15   0.6667000       0.8621986E-17   0.3332992       0.7866900E-13   0.1007171E-06   0.2235176E-06   0.4593243E-06    0.000000    
   0.2080553E-04    607.8856       0.1071058E+11    25448.91       0.3772764       0.2009449E-33   0.5487027E-15   0.6667000       0.8622070E-17   0.3332992       0.7866938E-13   0.1007203E-06   0.2279459E-06   0.4665453E-06    0.000000    
   0.2112750E-04    607.8857       0.1071058E+11    25448.91       0.3772839       0.2009486E-33   0.5487072E-15   0.6667000       0.8622150E-17   0.3332992       0.7866976E-13   0.1007232E-06   0.2323745E-06   0.4737663E-06    0.000000    
   0.2144946E-04    607.8858       0.1071058E+11    25448.91       0.3772906       0.2009521E-33   0.5487115E-15   0.6667000       0.8622227E-17   0.3332992       0.7867014E-13   0.1007257E-06   0.2368033E-06   0.4809873E-06    0.000000    
   0.2177142E-04    607.8859       0.1071058E+11    25448.91       0.3772966       0.2009556E-33   0.5487157E-15   0.6667000       0.8622301E-17   0.3332992       0.7867052E-13   0.1007279E-06   0.2412323E-06   0.4882084E-06    0.000000    
   0.2209338E-04    607.8860       0.1071058E+11    25448.91       0.3773022       0.2009589E-33   0.5487197E-15   0.6667000       0.8622373E-17   0.3332992       0.7867091E-13   0.1007298E-06   0.2456615E-06   0.4954295E-06    0.000000    
   0.2273730E-04    607.8862       0.1071059E+11    25448.91       0.3773119       0.2009653E-33   0.5487273E-15   0.6667000       0.8622510E-17   0.3332991       0.7867167E-13   0.1007331E-06   0.2545202E-06   0.5098719E-06    0.000000    
   0.2331683E-04    607.8864       0.1071059E+11    25448.91       0.3773195       0.2009708E-33   0.5487339E-15   0.6667000       0.8622628E-17   0.3332991       0.7867235E-13   0.1007355E-06   0.2624935E-06   0.5228701E-06    0.000000    
   0.2387455E-04    607.8866       0.1071059E+11    25448.91       0.3773260       0.2009759E-33   0.5487400E-15   0.6667000       0.8622739E-17   0.3332991       0.7867302E-13   0.1007374E-06   0.2701670E-06   0.5353793E-06    0.000000    
   0.2443226E-04    607.8868       0.1071060E+11    25448.91       0.3773318       0.2009810E-33   0.5487459E-15   0.6667000       0.8622846E-17   0.3332991       0.7867368E-13   0.1007389E-06   0.2778407E-06   0.5478885E-06    0.000000    
   0.2498998E-04    607.8870       0.1071060E+11    25448.91       0.3773371       0.2009859E-33   0.5487517E-15   0.6666999       0.8622951E-17   0.3332991       0.7867434E-13   0.1007403E-06   0.2855146E-06   0.5603979E-06    0.000000    
   0.2554770E-04    607.8871       0.1071060E+11    25448.91       0.3773420       0.2009907E-33   0.5487574E-15   0.6666999       0.8623054E-17   0.3332991       0.7867500E-13   0.1007414E-06   0.2931887E-06   0.5729074E-06    0.000000    
   0.2610541E-04    607.8873       0.1071061E+11    25448.91       0.3773467       0.2009955E-33   0.5487631E-15   0.6666999       0.8623156E-17   0.3332991       0.7867566E-13   0.1007425E-06   0.3008630E-06   0.5854171E-06    0.000000    
   0.2666313E-04    607.8875       0.1071061E+11    25448.91       0.3773511       0.2010002E-33   0.5487686E-15   0.6666999       0.8623257E-17   0.3332991       0.7867632E-13   0.1007434E-06   0.3085374E-06   0.5979268E-06    0.000000    
   0.2722085E-04    607.8877       0.1071061E+11    25448.91       0.3773553       0.2010049E-33   0.5487741E-15   0.6666999       0.8623357E-17   0.3332991       0.7867698E-13   0.1007442E-06   0.3162119E-06   0.6104367E-06    0.000000    
   0.2777856E-04    607.8879       0.1071062E+11    25448.91       0.3773594       0.2010095E-33   0.5487796E-15   0.6666999       0.8623457E-17   0.3332991       0.7867764E-13   0.1007449E-06   0.3238865E-06   0.6229467E-06    0.000000    
   0.2833628E-04    607.8881       0.1071062E+11    25448.91       0.3773633       0.2010142E-33   0.5487850E-15   0.6666999       0.8623555E-17   0.3332990       0.7867830E-13   0.1007456E-06   0.3315613E-06   0.6354568E-06    0.000000    
   0.2889400E-04    607.8883       0.1071062E+11    25448.91       0.3773672       0.2010188E-33   0.5487904E-15   0.6666999       0.8623654E-17   0.3332990       0.7867896E-13   0.1007463E-06   0.3392361E-06   0.6479671E-06    0.000000    
   0.2937060E-04    607.8884       0.1071062E+11    25448.91       0.3773705       0.2010227E-33   0.5487951E-15   0.6666999       0.8623738E-17   0.3332990       0.7867953E-13   0.1007468E-06   0.3457948E-06   0.6586580E-06    0.000000    
