  "Time"          "Temp"          "Pres"          "Dens"          "Th_MIX"        "X_OH*"         "X_H"           "X_H2"          "X_O"           "X_O2"          "X_OH"          "X_HO2"         "X_H2O2"        "X_H2O"         "X_AR"         
  "s"             "K"             "Pa"            "kg/m3"         "s"             "none"          "none"          "none"          "none"          "none"          "none"          "none"          "none"          "none"          "none"         
    0.000000        569.8698       0.8554619E+10    21682.20      -0.5026231E-02    0.000000        0.000000       0.6667000        0.000000       0.3333000        0.000000        0.000000        0.000000        0.000000        0.000000    
   0.5280344E-17    569.8698       0.8554619E+10    21682.20      -0.5026223E-02   0.4499583E-58   0.4344683E-25   0.6667000       0.1308414E-34   0.3333000       0.1170965E-19   0.3219196E-25   0.9353092E-39   0.1127197E-25    0.000000    
   0.1584103E-16    569.8698       0.8554619E+10    21682.20      -0.5026207E-02   0.2441469E-57   0.1576882E-24   0.6667000       0.8071774E-34   0.3333000       0.3512891E-19   0.9660296E-25   0.5078388E-38   0.6119067E-25    0.000000    
   0.3696241E-16    569.8698       0.8554619E+10    21682.20      -0.5026175E-02   0.1190293E-56   0.5235921E-24   0.6667000       0.4978931E-33   0.3333000       0.8196731E-19   0.2256091E-24   0.2479853E-37   0.2986335E-24    0.000000    
   0.7920515E-16    569.8698       0.8554619E+10    21682.20      -0.5026111E-02   0.5156305E-56   0.1777983E-23   0.6667000       0.3506422E-32   0.3333000       0.1756436E-18   0.4850419E-24   0.1080399E-36   0.1297523E-23    0.000000    
   0.1636907E-15    569.8698       0.8554619E+10    21682.20      -0.5025982E-02   0.2160065E-55   0.6438974E-23   0.6667000       0.2522970E-31   0.3333000       0.3629939E-18   0.1014168E-23   0.4585156E-36   0.5457771E-23    0.000000    
   0.3326616E-15    569.8698       0.8554619E+10    21682.20      -0.5025722E-02   0.8978144E-55   0.2432334E-22   0.6667000       0.1889988E-30   0.3333000       0.7376860E-18   0.2151028E-23   0.1944878E-35   0.2241925E-22    0.000000    
   0.6706036E-15    569.8698       0.8554619E+10    21682.20      -0.5025186E-02   0.4766766E-54   0.9409937E-22   0.6667000       0.1453801E-29   0.3333000       0.1487036E-17   0.5037063E-23   0.8840971E-35   0.9096185E-22    0.000000    
   0.1346488E-14    569.8698       0.8554619E+10    21682.20      -0.5024058E-02   0.8919418E-53   0.3673299E-21   0.6667000       0.1132020E-28   0.3333000       0.2985596E-17   0.1560228E-22   0.5045874E-34   0.3665186E-21    0.000000    
   0.2698256E-14    569.8698       0.8554619E+10    21682.20      -0.5021589E-02   0.4343550E-51   0.1430332E-20   0.6667000       0.8815099E-28   0.3333000       0.5982164E-17   0.7403510E-22   0.4335996E-33   0.1471475E-20    0.000000    
   0.5401792E-14    569.8698       0.8554619E+10    21682.20      -0.5015849E-02   0.2225269E-49   0.5486053E-20   0.6667000       0.6779188E-27   0.3333000       0.1197308E-16   0.4758129E-21   0.5279653E-32   0.5896019E-20    0.000000    
   0.1080886E-13    569.8698       0.8554619E+10    21682.20      -0.5001563E-02   0.9955866E-48   0.2035630E-19   0.6667000       0.5062165E-26   0.3333000       0.2394607E-16   0.3373064E-20   0.7364067E-31   0.2359761E-19    0.000000    
   0.2162301E-13    569.8698       0.8554619E+10    21682.20      -0.4964274E-02   0.3552625E-46   0.7110707E-19   0.6667000       0.3579668E-25   0.3333000       0.4785669E-16   0.2351877E-19   0.1026419E-29   0.9436230E-19    0.000000    
   0.3243715E-13    569.8698       0.8554619E+10    21682.20      -0.4917919E-02   0.2286465E-45   0.1437229E-18   0.6667000       0.1051326E-24   0.3333000       0.7172021E-16   0.6888483E-19   0.4077289E-29   0.2122125E-18    0.000000    
   0.4325129E-13    569.8698       0.8554619E+10    21682.20      -0.4865338E-02   0.8411579E-45   0.2313822E-18   0.6667000       0.2233742E-24   0.3333000       0.9553675E-16   0.1462047E-18   0.1089523E-28   0.3770599E-18    0.000000    
   0.5406544E-13    569.8698       0.8554619E+10    21682.20      -0.4808621E-02   0.2267113E-44   0.3290584E-18   0.6667000       0.3980729E-24   0.3333000       0.1193064E-15   0.2604137E-18   0.2350005E-28   0.5888135E-18    0.000000    
   0.6487958E-13    569.8698       0.8554619E+10    21682.20      -0.4749006E-02   0.4957930E-44   0.4337749E-18   0.6667000       0.6336672E-24   0.3333000       0.1430292E-15   0.4144132E-18   0.4373773E-28   0.8473979E-18    0.000000    
   0.7569373E-13    569.8698       0.8554619E+10    21682.20      -0.4687680E-02   0.9523701E-44   0.5426822E-18   0.6667000       0.9343653E-24   0.3333000       0.1667052E-15   0.6109551E-18   0.7414985E-28   0.1152715E-17    0.000000    
   0.9732201E-13    569.8698       0.8554619E+10    21682.20      -0.4562203E-02   0.2673486E-43   0.7675096E-18   0.6667000       0.1738969E-23   0.3333000       0.2139175E-15   0.1136835E-17   0.1765048E-27   0.1903160E-17    0.000000    
   0.1189503E-12    569.8698       0.8554619E+10    21682.20      -0.4435580E-02   0.5875427E-43   0.9953964E-18   0.6667000       0.2823163E-23   0.3333000       0.2609441E-15   0.1845443E-17   0.3522707E-27   0.2839392E-17    0.000000    
   0.1405786E-12    569.8698       0.8554619E+10    21682.20      -0.4308958E-02   0.1103747E-42   0.1223581E-17   0.6667000       0.4190015E-23   0.3333000       0.3077855E-15   0.2738806E-17   0.6233229E-27   0.3960677E-17    0.000000    
   0.1622069E-12    569.8698       0.8554619E+10    21682.20      -0.4182533E-02   0.1863814E-42   0.1451591E-17   0.6667000       0.5839105E-23   0.3333000       0.3544427E-15   0.3816669E-17   0.1011633E-26   0.5266289E-17    0.000000    
   0.1838352E-12    569.8698       0.8554619E+10    21682.20      -0.4056345E-02   0.2915034E-42   0.1679332E-17   0.6667000       0.7769435E-23   0.3333000       0.4009162E-15   0.5078403E-17   0.1539145E-26   0.6755502E-17    0.000000    
   0.2270917E-12    569.8698       0.8554619E+10    21682.20      -0.3805035E-02   0.6075899E-42   0.2133139E-17   0.6667000       0.1247060E-22   0.3333000       0.4933154E-15   0.8151470E-17   0.3099067E-26   0.1028185E-16    0.000000    
   0.2703483E-12    569.8698       0.8554619E+10    21682.20      -0.3555487E-02   0.1095099E-41   0.2583891E-17   0.6667000       0.1828616E-22   0.3333000       0.5849888E-15   0.1195337E-16   0.5477212E-26   0.1453399E-16    0.000000    
   0.3568615E-12    569.8698       0.8554619E+10    21682.20      -0.3062150E-02   0.2724794E-41   0.3475058E-17   0.6667000       0.3322648E-22   0.3333000       0.7661809E-15   0.2172216E-16   0.1337636E-25   0.2519290E-16    0.000000    
   0.4433746E-12    569.8698       0.8554619E+10    21682.20      -0.2576697E-02   0.5452109E-41   0.4351884E-17   0.6667000       0.5252078E-22   0.3333000       0.9445377E-15   0.3434061E-16   0.2660429E-25   0.3868714E-16    0.000000    
   0.5298878E-12    569.8698       0.8554619E+10    21682.20      -0.2098868E-02   0.9533682E-41   0.5214924E-17   0.6667000       0.7609820E-22   0.3333000       0.1120104E-14   0.4976378E-16   0.4650797E-25   0.5497232E-16    0.000000    
   0.7029141E-12    569.8698       0.8554619E+10    21682.20      -0.1165425E-02   0.2271547E-40   0.6900941E-17   0.6667000       0.1358280E-21   0.3333000       0.1463035E-14   0.8885007E-16   0.1115863E-24   0.9574258E-16    0.000000    
   0.8759404E-12    569.8698       0.8554619E+10    21682.20      -0.2608917E-03   0.4405281E-40   0.8534785E-17   0.6667000       0.2118748E-21   0.3333000       0.1795318E-14   0.1386377E-15   0.2189752E-24   0.1471620E-15    0.000000    
   0.1048967E-11    569.8698       0.8554619E+10    21682.20       0.6155417E-03   0.7512168E-40   0.1011787E-16   0.6667000       0.3037144E-21   0.3333000       0.2117283E-14   0.1987940E-15   0.3787214E-24   0.2088994E-15    0.000000    
   0.1221993E-11    569.8698       0.8554619E+10    21682.20       0.1464746E-02   0.1173127E-39   0.1165175E-16   0.6667000       0.4108391E-21   0.3333000       0.2429251E-14   0.2689967E-15   0.6005513E-24   0.2806340E-15    0.000000    
   0.1395019E-11    569.8698       0.8554619E+10    21682.20       0.2287582E-02   0.1718465E-39   0.1313801E-16   0.6667000       0.5327572E-21   0.3333000       0.2731531E-14   0.3489339E-15   0.8938832E-24   0.3620554E-15    0.000000    
   0.1741072E-11    569.8698       0.8554619E+10    21682.20       0.3857407E-02   0.3220513E-39   0.1597353E-16   0.6667000       0.8190784E-21   0.3333000       0.3308229E-14   0.5368086E-15   0.1731353E-23   0.5527617E-15    0.000000    
   0.2052519E-11    569.8698       0.8554619E+10    21682.20       0.5188034E-02   0.5086557E-39   0.1837700E-16   0.6667000       0.1122732E-20   0.3333000       0.3797052E-14   0.7362498E-15   0.2818281E-23   0.7546029E-15    0.000000    
   0.2363967E-11    569.8698       0.8554619E+10    21682.20       0.6445215E-02   0.7477788E-39   0.2064781E-16   0.6667000       0.1467343E-20   0.3333000       0.4258894E-14   0.9628042E-15   0.4270469E-23   0.9834247E-15    0.000000    
   0.2675414E-11    569.8698       0.8554619E+10    21682.20       0.7633002E-02   0.1041966E-38   0.2279327E-16   0.6667000       0.1850554E-20   0.3333000       0.4695244E-14   0.1214976E-14   0.6133061E-23   0.1237739E-14    0.000000    
   0.2986861E-11    569.8698       0.8554619E+10    21682.20       0.8755227E-02   0.1392844E-38   0.2482030E-16   0.6667000       0.2270139E-20   0.3333000       0.5107509E-14   0.1491352E-14   0.8448736E-23   0.1516138E-14    0.000000    
   0.3298309E-11    569.8698       0.8554619E+10    21682.20       0.9815510E-02   0.1801262E-38   0.2673546E-16   0.6667000       0.2723992E-20   0.3333000       0.5497019E-14   0.1790595E-14   0.1125783E-22   0.1817293E-14    0.000000    
   0.3609756E-11    569.8698       0.8554619E+10    21682.20       0.1081727E-01   0.2267421E-38   0.2854490E-16   0.6667000       0.3210125E-20   0.3333000       0.5865029E-14   0.2111443E-14   0.1459843E-22   0.2139947E-14    0.000000    
   0.4232650E-11    569.8698       0.8554619E+10    21682.20       0.1265796E-01   0.3371165E-38   0.3186968E-16   0.6667000       0.4271826E-20   0.3333000       0.6541232E-14   0.2813250E-14   0.2301615E-22   0.2845072E-14    0.000000    
   0.4855545E-11    569.8698       0.8554619E+10    21682.20       0.1430106E-01   0.4696520E-38   0.3483755E-16   0.6667000       0.5441430E-20   0.3333000       0.7144846E-14   0.3588003E-14   0.3396661E-22   0.3622787E-14    0.000000    
   0.5478440E-11    569.8698       0.8554619E+10    21682.20       0.1576777E-01   0.6231183E-38   0.3748683E-16   0.6667000       0.6706610E-20   0.3333000       0.7683664E-14   0.4427871E-14   0.4768615E-22   0.4465297E-14    0.000000    
   0.6101334E-11    569.8698       0.8554619E+10    21682.20       0.1707705E-01   0.7959958E-38   0.3985173E-16   0.6667000       0.8056360E-20   0.3333000       0.8164643E-14   0.5325862E-14   0.6438580E-22   0.5365647E-14    0.000000    
   0.6724229E-11    569.8698       0.8554619E+10    21682.20       0.1824578E-01   0.9866115E-38   0.4196277E-16   0.6667000       0.9480864E-20   0.3333000       0.8593992E-14   0.6275736E-14   0.8425385E-22   0.6317627E-14    0.000000    
   0.7347124E-11    569.8698       0.8554619E+10    21682.20       0.1928905E-01   0.1193236E-37   0.4384720E-16   0.6667000       0.1097136E-19   0.3333000       0.8977253E-14   0.7271926E-14   0.1074584E-21   0.7315695E-14    0.000000    
   0.7970018E-11    569.8698       0.8554619E+10    21682.20       0.2022033E-01   0.1414151E-37   0.4552934E-16   0.6667000       0.1252003E-19   0.3333000       0.9319372E-14   0.8309460E-14   0.1341495E-21   0.8354905E-14    0.000000    
   0.8592913E-11    569.8698       0.8554619E+10    21682.20       0.2105164E-01   0.1647695E-37   0.4703091E-16   0.6667000       0.1411990E-19   0.3333000       0.9624766E-14   0.9383899E-14   0.1644610E-21   0.9430840E-14    0.000000    
   0.9215808E-11    569.8698       0.8554619E+10    21682.20       0.2179372E-01   0.1892303E-37   0.4837130E-16   0.6667000       0.1576474E-19   0.3333000       0.9897378E-14   0.1049128E-13   0.1985126E-21   0.1053956E-13    0.000000    
   0.9838702E-11    569.8698       0.8554619E+10    21682.20       0.2245614E-01   0.2146509E-37   0.4956780E-16   0.6667000       0.1744899E-19   0.3333000       0.1014073E-13   0.1162807E-13   0.2364110E-21   0.1167754E-13    0.000000    
   0.1046160E-10    569.8698       0.8554619E+10    21682.20       0.2304745E-01   0.2408969E-37   0.5063587E-16   0.6667000       0.1916771E-19   0.3333000       0.1035795E-13   0.1279111E-13   0.2782514E-21   0.1284164E-13    0.000000    
   0.1108449E-10    569.8698       0.8554619E+10    21682.20       0.2357529E-01   0.2678465E-37   0.5158928E-16   0.6667000       0.2091647E-19   0.3333000       0.1055186E-13   0.1397759E-13   0.3241189E-21   0.1402906E-13    0.000000    
   0.1170739E-10    569.8698       0.8554619E+10    21682.20       0.2404646E-01   0.2953893E-37   0.5244035E-16   0.6667000       0.2269132E-19   0.3333000       0.1072495E-13   0.1518498E-13   0.3740894E-21   0.1523730E-13    0.000000    
   0.1233028E-10    569.8698       0.8554619E+10    21682.20       0.2446706E-01   0.3234263E-37   0.5320006E-16   0.6667000       0.2448875E-19   0.3333000       0.1087947E-13   0.1641104E-13   0.4282307E-21   0.1646412E-13    0.000000    
   0.1295318E-10    569.8698       0.8554619E+10    21682.20       0.2484251E-01   0.3518704E-37   0.5387822E-16   0.6667000       0.2630562E-19   0.3333000       0.1101739E-13   0.1765377E-13   0.4866032E-21   0.1770752E-13    0.000000    
   0.1357607E-10    569.8698       0.8554619E+10    21682.20       0.2517765E-01   0.3806444E-37   0.5448358E-16   0.6667000       0.2813912E-19   0.3333000       0.1114051E-13   0.1891138E-13   0.5492610E-21   0.1896573E-13    0.000000    
   0.1419897E-10    569.8698       0.8554619E+10    21682.20       0.2547682E-01   0.4096793E-37   0.5502396E-16   0.6667000       0.2998677E-19   0.3333000       0.1125042E-13   0.2018227E-13   0.6162523E-21   0.2023715E-13    0.000000    
   0.1482186E-10    569.8698       0.8554619E+10    21682.20       0.2574388E-01   0.4389165E-37   0.5550634E-16   0.6667000       0.3184633E-19   0.3333000       0.1134852E-13   0.2146502E-13   0.6876201E-21   0.2152038E-13    0.000000    
   0.1544475E-10    569.8698       0.8554619E+10    21682.20       0.2598226E-01   0.4683050E-37   0.5593693E-16   0.6667000       0.3371583E-19   0.3333000       0.1143610E-13   0.2275835E-13   0.7634028E-21   0.2281413E-13    0.000000    
   0.1606765E-10    569.8698       0.8554619E+10    21682.20       0.2619506E-01   0.4977985E-37   0.5632130E-16   0.6667000       0.3559349E-19   0.3333000       0.1151427E-13   0.2406113E-13   0.8436347E-21   0.2411729E-13    0.000000    
   0.1669054E-10    569.8698       0.8554619E+10    21682.20       0.2638502E-01   0.5273597E-37   0.5666441E-16   0.6667000       0.3747773E-19   0.3333000       0.1158405E-13   0.2537234E-13   0.9283464E-21   0.2542883E-13    0.000000    
   0.1731344E-10    569.8698       0.8554619E+10    21682.20       0.2655458E-01   0.5569566E-37   0.5697069E-16   0.6667000       0.3936715E-19   0.3333000       0.1164635E-13   0.2669107E-13   0.1017565E-20   0.2674787E-13    0.000000    
   0.1793633E-10    569.8698       0.8554619E+10    21682.20       0.2670595E-01   0.5865590E-37   0.5724409E-16   0.6667000       0.4126050E-19   0.3333000       0.1170195E-13   0.2801653E-13   0.1111316E-20   0.2807360E-13    0.000000    
   0.1855923E-10    569.8698       0.8554619E+10    21682.20       0.2684106E-01   0.6161440E-37   0.5748814E-16   0.6667000       0.4315666E-19   0.3333000       0.1175159E-13   0.2934798E-13   0.1209619E-20   0.2940529E-13    0.000000    
   0.1918212E-10    569.8698       0.8554619E+10    21682.20       0.2696167E-01   0.6456937E-37   0.5770600E-16   0.6667000       0.4505464E-19   0.3333000       0.1179589E-13   0.3068479E-13   0.1312496E-20   0.3074231E-13    0.000000    
   0.1980502E-10    569.8698       0.8554619E+10    21682.20       0.2706933E-01   0.6751884E-37   0.5790047E-16   0.6667000       0.4695356E-19   0.3333000       0.1183545E-13   0.3202638E-13   0.1419962E-20   0.3208409E-13    0.000000    
   0.2042791E-10    569.8698       0.8554619E+10    21682.20       0.2716544E-01   0.7046145E-37   0.5807406E-16   0.6667000       0.4885262E-19   0.3333000       0.1187075E-13   0.3337224E-13   0.1532034E-20   0.3343011E-13    0.000000    
   0.2105081E-10    569.8698       0.8554619E+10    21682.20       0.2725123E-01   0.7339641E-37   0.5822902E-16   0.6667000       0.5075113E-19   0.3333000       0.1190227E-13   0.3472190E-13   0.1648725E-20   0.3477993E-13    0.000000    
   0.2167370E-10    569.8698       0.8554619E+10    21682.20       0.2732781E-01   0.7632240E-37   0.5836735E-16   0.6667000       0.5264847E-19   0.3333000       0.1193040E-13   0.3607497E-13   0.1770048E-20   0.3613312E-13    0.000000    
   0.2229660E-10    569.8698       0.8554619E+10    21682.20       0.2739617E-01   0.7923861E-37   0.5849083E-16   0.6667000       0.5454407E-19   0.3333000       0.1195551E-13   0.3743107E-13   0.1896014E-20   0.3748934E-13    0.000000    
   0.2291949E-10    569.8698       0.8554619E+10    21682.20       0.2745720E-01   0.8214498E-37   0.5860105E-16   0.6667000       0.5643746E-19   0.3333000       0.1197793E-13   0.3878987E-13   0.2026633E-20   0.3884825E-13    0.000000    
   0.2354238E-10    569.8698       0.8554619E+10    21682.20       0.2751167E-01   0.8504061E-37   0.5869944E-16   0.6667000       0.5832818E-19   0.3333000       0.1199794E-13   0.4015110E-13   0.2161912E-20   0.4020957E-13    0.000000    
   0.2416528E-10    569.8698       0.8554619E+10    21682.20       0.2756029E-01   0.8792490E-37   0.5878727E-16   0.6667000       0.6021586E-19   0.3333000       0.1201581E-13   0.4151448E-13   0.2301861E-20   0.4157304E-13    0.000000    
   0.2541107E-10    569.8698       0.8554619E+10    21682.20       0.2764244E-01   0.9366015E-37   0.5893565E-16   0.6667000       0.6398075E-19   0.3333000       0.1204598E-13   0.4424683E-13   0.2595794E-20   0.4430552E-13    0.000000    
   0.2653228E-10    569.8698       0.8554619E+10    21682.20       0.2770200E-01   0.9878233E-37   0.5904323E-16   0.6667000       0.6735567E-19   0.3333000       0.1206786E-13   0.4671125E-13   0.2876365E-20   0.4677003E-13    0.000000    
   0.2760142E-10    569.8698       0.8554619E+10    21682.20       0.2774851E-01   0.1036314E-36   0.5912723E-16   0.6667000       0.7056069E-19   0.3333000       0.1208495E-13   0.4906501E-13   0.3158078E-20   0.4912387E-13    0.000000    
   0.2867056E-10    569.8698       0.8554619E+10    21682.20       0.2778678E-01   0.1084464E-36   0.5919637E-16   0.6667000       0.7375190E-19   0.3333000       0.1209901E-13   0.5142181E-13   0.3453647E-20   0.5148073E-13    0.000000    
   0.2973970E-10    569.8698       0.8554619E+10    21682.20       0.2781828E-01   0.1132275E-36   0.5925326E-16   0.6667000       0.7692858E-19   0.3333000       0.1211058E-13   0.5378111E-13   0.3763088E-20   0.5384008E-13    0.000000    
   0.3080884E-10    569.8698       0.8554619E+10    21682.20       0.2784419E-01   0.1179752E-36   0.5930007E-16   0.6667000       0.8009012E-19   0.3333000       0.1212010E-13   0.5614248E-13   0.4086414E-20   0.5620148E-13    0.000000    
   0.3187798E-10    569.8698       0.8554619E+10    21682.20       0.2786552E-01   0.1226901E-36   0.5933860E-16   0.6667000       0.8323606E-19   0.3333000       0.1212794E-13   0.5850553E-13   0.4423638E-20   0.5856457E-13    0.000000    
   0.3294712E-10    569.8698       0.8554619E+10    21682.20       0.2788308E-01   0.1273729E-36   0.5937030E-16   0.6667000       0.8636604E-19   0.3333000       0.1213438E-13   0.6086999E-13   0.4774766E-20   0.6092904E-13    0.000000    
   0.3401626E-10    569.8698       0.8554619E+10    21682.20       0.2789752E-01   0.1320241E-36   0.5939640E-16   0.6667000       0.8947975E-19   0.3333000       0.1213969E-13   0.6323558E-13   0.5139808E-20   0.6329466E-13    0.000000    
   0.3508540E-10    569.8698       0.8554619E+10    21682.20       0.2790941E-01   0.1366444E-36   0.5941787E-16   0.6667000       0.9257700E-19   0.3333000       0.1214406E-13   0.6560213E-13   0.5518769E-20   0.6566121E-13    0.000000    
   0.3615454E-10    569.8698       0.8554619E+10    21682.20       0.2791919E-01   0.1412344E-36   0.5943553E-16   0.6667000       0.9565761E-19   0.3333000       0.1214765E-13   0.6796945E-13   0.5911654E-20   0.6802854E-13    0.000000    
   0.3722367E-10    569.8698       0.8554619E+10    21682.20       0.2792724E-01   0.1457947E-36   0.5945008E-16   0.6667000       0.9872148E-19   0.3333000       0.1215061E-13   0.7033741E-13   0.6318468E-20   0.7039650E-13    0.000000    
   0.3829281E-10    569.8698       0.8554619E+10    21682.20       0.2793386E-01   0.1503258E-36   0.5946204E-16   0.6667000       0.1017685E-18   0.3333000       0.1215304E-13   0.7270589E-13   0.6739213E-20   0.7276499E-13    0.000000    
   0.3936195E-10    569.8698       0.8554619E+10    21682.20       0.2793931E-01   0.1548283E-36   0.5947189E-16   0.6667000       0.1047987E-18   0.3333000       0.1215504E-13   0.7507481E-13   0.7173894E-20   0.7513391E-13    0.000000    
   0.4043109E-10    569.8698       0.8554619E+10    21682.20       0.2794380E-01   0.1593027E-36   0.5947999E-16   0.6667000       0.1078120E-18   0.3333000       0.1215669E-13   0.7744409E-13   0.7622511E-20   0.7750318E-13    0.000000    
   0.4150023E-10    569.8698       0.8554619E+10    21682.20       0.2794749E-01   0.1637494E-36   0.5948666E-16   0.6667000       0.1108084E-18   0.3333000       0.1215805E-13   0.7981366E-13   0.8085067E-20   0.7987275E-13    0.000000    
   0.4256937E-10    569.8698       0.8554619E+10    21682.20       0.2795053E-01   0.1681687E-36   0.5949215E-16   0.6667000       0.1137879E-18   0.3333000       0.1215916E-13   0.8218347E-13   0.8561563E-20   0.8224255E-13    0.000000    
   0.4363851E-10    569.8698       0.8554619E+10    21682.20       0.2795303E-01   0.1725612E-36   0.5949667E-16   0.6667000       0.1167506E-18   0.3333000       0.1216008E-13   0.8455348E-13   0.9052002E-20   0.8461256E-13    0.000000    
   0.4577679E-10    569.8698       0.8554619E+10    21682.20       0.2795678E-01   0.1812669E-36   0.5950344E-16   0.6667000       0.1226257E-18   0.3333000       0.1216146E-13   0.8929396E-13   0.1007471E-19   0.8935302E-13    0.000000    
   0.4791507E-10    569.8698       0.8554619E+10    21682.20       0.2795932E-01   0.1898688E-36   0.5950802E-16   0.6667000       0.1284340E-18   0.3333000       0.1216239E-13   0.9403488E-13   0.1115319E-19   0.9409393E-13    0.000000    
   0.5005335E-10    569.8698       0.8554619E+10    21682.20       0.2796103E-01   0.1983694E-36   0.5951112E-16   0.6667000       0.1341762E-18   0.3333000       0.1216302E-13   0.9877611E-13   0.1228746E-19   0.9883515E-13    0.000000    
   0.5219163E-10    569.8698       0.8554619E+10    21682.20       0.2796220E-01   0.2067703E-36   0.5951323E-16   0.6667000       0.1398528E-18   0.3333000       0.1216345E-13   0.1035175E-12   0.1347751E-19   0.1035766E-12    0.000000    
   0.5432991E-10    569.8698       0.8554619E+10    21682.20       0.2796299E-01   0.2150735E-36   0.5951466E-16   0.6667000       0.1454645E-18   0.3333000       0.1216374E-13   0.1082591E-12   0.1472335E-19   0.1083181E-12    0.000000    
   0.5646819E-10    569.8698       0.8554619E+10    21682.20       0.2796353E-01   0.2232803E-36   0.5951563E-16   0.6667000       0.1510119E-18   0.3333000       0.1216394E-13   0.1130008E-12   0.1602498E-19   0.1130598E-12    0.000000    
   0.5860647E-10    569.8698       0.8554619E+10    21682.20       0.2796389E-01   0.2313922E-36   0.5951629E-16   0.6667000       0.1564958E-18   0.3333000       0.1216407E-13   0.1177425E-12   0.1738239E-19   0.1178015E-12    0.000000    
   0.6074474E-10    569.8698       0.8554619E+10    21682.20       0.2796414E-01   0.2394105E-36   0.5951673E-16   0.6667000       0.1619169E-18   0.3333000       0.1216416E-13   0.1224843E-12   0.1879560E-19   0.1225432E-12    0.000000    
   0.6288302E-10    569.8698       0.8554619E+10    21682.20       0.2796431E-01   0.2473364E-36   0.5951704E-16   0.6667000       0.1672758E-18   0.3333000       0.1216422E-13   0.1272261E-12   0.2026460E-19   0.1272850E-12    0.000000    
   0.6502130E-10    569.8698       0.8554619E+10    21682.20       0.2796442E-01   0.2551711E-36   0.5951724E-16   0.6667000       0.1725732E-18   0.3333000       0.1216426E-13   0.1319679E-12   0.2178939E-19   0.1320268E-12    0.000000    
   0.6715958E-10    569.8698       0.8554619E+10    21682.20       0.2796450E-01   0.2629157E-36   0.5951738E-16   0.6667000       0.1778099E-18   0.3333000       0.1216429E-13   0.1367097E-12   0.2336997E-19   0.1367686E-12    0.000000    
   0.7143614E-10    569.8698       0.8554619E+10    21682.20       0.2796458E-01   0.2781390E-36   0.5951754E-16   0.6667000       0.1881038E-18   0.3333000       0.1216432E-13   0.1461934E-12   0.2669851E-19   0.1462523E-12    0.000000    
   0.7571270E-10    569.8698       0.8554619E+10    21682.20       0.2796463E-01   0.2930148E-36   0.5951762E-16   0.6667000       0.1981629E-18   0.3333000       0.1216434E-13   0.1556772E-12   0.3025023E-19   0.1557360E-12    0.000000    
   0.7998926E-10    569.8698       0.8554619E+10    21682.20       0.2796465E-01   0.3075510E-36   0.5951766E-16   0.6667000       0.2079925E-18   0.3333000       0.1216435E-13   0.1651609E-12   0.3402511E-19   0.1652196E-12    0.000000    
   0.8426581E-10    569.8698       0.8554619E+10    21682.20       0.2796466E-01   0.3217569E-36   0.5951768E-16   0.6667000       0.2175987E-18   0.3333000       0.1216435E-13   0.1746446E-12   0.3802316E-19   0.1747033E-12    0.000000    
   0.8854237E-10    569.8698       0.8554619E+10    21682.20       0.2796467E-01   0.3356391E-36   0.5951769E-16   0.6667000       0.2269861E-18   0.3333000       0.1216435E-13   0.1841283E-12   0.4224438E-19   0.1841870E-12    0.000000    
   0.9709549E-10    569.8698       0.8554619E+10    21682.20       0.2796467E-01   0.3624707E-36   0.5951771E-16   0.6667000       0.2451301E-18   0.3333000       0.1216435E-13   0.2030958E-12   0.5135635E-19   0.2031544E-12    0.000000    
   0.1056486E-09    569.8698       0.8554619E+10    21682.20       0.2796468E-01   0.3880949E-36   0.5951771E-16   0.6667000       0.2624577E-18   0.3333000       0.1216435E-13   0.2220633E-12   0.6136102E-19   0.2221218E-12    0.000000    
   0.1227548E-09    569.8698       0.8554619E+10    21682.20       0.2796468E-01   0.4359933E-36   0.5951773E-16   0.6667000       0.2948475E-18   0.3333000       0.1216436E-13   0.2599982E-12   0.8404849E-19   0.2600565E-12    0.000000    
   0.1398611E-09    569.8698       0.8554619E+10    21682.20       0.2796469E-01   0.4796838E-36   0.5951774E-16   0.6667000       0.3243919E-18   0.3333000       0.1216436E-13   0.2979331E-12   0.1103068E-18   0.2979913E-12    0.000000    
   0.1740735E-09    569.8698       0.8554619E+10    21682.20       0.2796470E-01   0.5562398E-36   0.5951777E-16   0.6667000       0.3761605E-18   0.3333000       0.1216436E-13   0.3738030E-12   0.1735364E-18   0.3738608E-12    0.000000    
   0.2082860E-09    569.8698       0.8554619E+10    21682.20       0.2796471E-01   0.6199442E-36   0.5951779E-16   0.6667000       0.4192385E-18   0.3333000       0.1216436E-13   0.4496730E-12   0.2510500E-18   0.4497304E-12    0.000000    
   0.2767109E-09    569.8698       0.8554619E+10    21682.20       0.2796472E-01   0.7187477E-36   0.5951783E-16   0.6667000       0.4860511E-18   0.3333000       0.1216436E-13   0.6014128E-12   0.4489317E-18   0.6014695E-12    0.000000    
   0.3451359E-09    569.8698       0.8554619E+10    21682.20       0.2796473E-01   0.7869449E-36   0.5951787E-16   0.6667000       0.5321671E-18   0.3333000       0.1216436E-13   0.7531527E-12   0.7039547E-18   0.7532086E-12    0.000000    
   0.4135608E-09    569.8698       0.8554619E+10    21682.20       0.2796474E-01   0.8334841E-36   0.5951790E-16   0.6667000       0.5636375E-18   0.3333000       0.1216436E-13   0.9048927E-12   0.1016122E-17   0.9049477E-12    0.000000    
   0.4819857E-09    569.8698       0.8554619E+10    21682.20       0.2796475E-01   0.8650370E-36   0.5951793E-16   0.6667000       0.5849739E-18   0.3333000       0.1216436E-13   0.1056633E-11   0.1385437E-17   0.1056687E-11    0.000000    
   0.6188356E-09    569.8698       0.8554619E+10    21682.20       0.2796477E-01   0.8980800E-36   0.5951798E-16   0.6667000       0.6073176E-18   0.3333000       0.1216436E-13   0.1360113E-11   0.2295521E-17   0.1360165E-11    0.000000    
   0.7556854E-09    569.8698       0.8554619E+10    21682.20       0.2796478E-01   0.9122498E-36   0.5951803E-16   0.6667000       0.6168990E-18   0.3333000       0.1216437E-13   0.1663593E-11   0.3434231E-17   0.1663644E-11    0.000000    
   0.8925353E-09    569.8698       0.8554619E+10    21682.20       0.2796479E-01   0.9198365E-36   0.5951808E-16   0.6667000       0.6220288E-18   0.3333000       0.1216437E-13   0.1967073E-11   0.4801596E-17   0.1967122E-11    0.000000    
   0.1029385E-08    569.8698       0.8554619E+10    21682.20       0.2796481E-01   0.9246039E-36   0.5951812E-16   0.6667000       0.6252521E-18   0.3333000       0.1216437E-13   0.2270553E-11   0.6397639E-17   0.2270600E-11    0.000000    
   0.1166235E-08    569.8698       0.8554619E+10    21682.20       0.2796482E-01   0.9274537E-36   0.5951817E-16   0.6667000       0.6271787E-18   0.3333000       0.1216437E-13   0.2574033E-11   0.8222387E-17   0.2574079E-11    0.000000    
   0.1439935E-08    569.8698       0.8554619E+10    21682.20       0.2796484E-01   0.9300992E-36   0.5951826E-16   0.6667000       0.6289667E-18   0.3333000       0.1216437E-13   0.3180993E-11   0.1255814E-16   0.3181035E-11    0.000000    
   0.1987334E-08    569.8698       0.8554619E+10    21682.20       0.2796489E-01   0.9312258E-36   0.5951844E-16   0.6667000       0.6297266E-18   0.3333000       0.1216437E-13   0.4394913E-11   0.2397549E-16   0.4394949E-11    0.000000    
   0.2534734E-08    569.8698       0.8554619E+10    21682.20       0.2796494E-01   0.9306845E-36   0.5951862E-16   0.6667000       0.6293587E-18   0.3333000       0.1216437E-13   0.5608833E-11   0.3905508E-16   0.5608862E-11    0.000000    
   0.3629533E-08    569.8698       0.8554619E+10    21682.20       0.2796503E-01   0.9303619E-36   0.5951897E-16   0.6667000       0.6291368E-18   0.3333000       0.1216437E-13   0.8036673E-11   0.8020933E-16   0.8036689E-11    0.000000    
   0.4724331E-08    569.8698       0.8554619E+10    21682.20       0.2796513E-01   0.9302447E-36   0.5951933E-16   0.6667000       0.6290537E-18   0.3333000       0.1216437E-13   0.1046451E-10   0.1360323E-15   0.1046452E-10    0.000000    
   0.5819130E-08    569.8698       0.8554619E+10    21682.20       0.2796522E-01   0.9302441E-36   0.5951969E-16   0.6667000       0.6290495E-18   0.3333000       0.1216437E-13   0.1289235E-10   0.2065366E-15   0.1289234E-10    0.000000    
   0.6913929E-08    569.8698       0.8554619E+10    21682.20       0.2796532E-01   0.9302611E-36   0.5952005E-16   0.6667000       0.6290572E-18   0.3333000       0.1216437E-13   0.1532019E-10   0.2917350E-15   0.1532017E-10    0.000000    
   0.9103527E-08    569.8698       0.8554619E+10    21682.20       0.2796551E-01   0.9302904E-36   0.5952077E-16   0.6667000       0.6290694E-18   0.3333000       0.1216437E-13   0.2017587E-10   0.5062616E-15   0.2017582E-10    0.000000    
   0.1129312E-07    569.8698       0.8554619E+10    21682.20       0.2796570E-01   0.9303093E-36   0.5952148E-16   0.6667000       0.6290747E-18   0.3333000       0.1216437E-13   0.2503155E-10   0.7797167E-15   0.2503148E-10    0.000000    
   0.1348272E-07    569.8698       0.8554619E+10    21682.20       0.2796589E-01   0.9303324E-36   0.5952220E-16   0.6667000       0.6290827E-18   0.3333000       0.1216437E-13   0.2988723E-10   0.1112207E-14   0.2988713E-10    0.000000    
   0.1786192E-07    569.8698       0.8554619E+10    21682.20       0.2796628E-01   0.9303793E-36   0.5952364E-16   0.6667000       0.6290992E-18   0.3333000       0.1216437E-13   0.3959857E-10   0.1954712E-14   0.3959844E-10    0.000000    
   0.2180319E-07    569.8698       0.8554619E+10    21682.20       0.2796663E-01   0.9304219E-36   0.5952493E-16   0.6667000       0.6291144E-18   0.3333000       0.1216437E-13   0.4833878E-10   0.2915915E-14   0.4833861E-10    0.000000    
   0.2574447E-07    569.8698       0.8554619E+10    21682.20       0.2796698E-01   0.9304640E-36   0.5952622E-16   0.6667000       0.6291292E-18   0.3333000       0.1216437E-13   0.5707899E-10   0.4070016E-14   0.5707879E-10    0.000000    
   0.2968575E-07    569.8698       0.8554619E+10    21682.20       0.2796733E-01   0.9305059E-36   0.5952751E-16   0.6667000       0.6291439E-18   0.3333000       0.1216437E-13   0.6581918E-10   0.5417621E-14   0.6581897E-10    0.000000    
   0.3756830E-07    569.8698       0.8554619E+10    21682.20       0.2796803E-01   0.9305898E-36   0.5953009E-16   0.6667000       0.6291734E-18   0.3333000       0.1216437E-13   0.8329954E-10   0.8695772E-14   0.8329932E-10    0.000000    
   0.4545085E-07    569.8698       0.8554619E+10    21682.20       0.2796875E-01   0.9306737E-36   0.5953267E-16   0.6667000       0.6292028E-18   0.3333000       0.1216437E-13   0.1007799E-09   0.1275522E-13   0.1007797E-09    0.000000    
   0.6121595E-07    569.8698       0.8554619E+10    21682.20       0.2797019E-01   0.9308416E-36   0.5953783E-16   0.6667000       0.6292617E-18   0.3333000       0.1216437E-13   0.1357403E-09   0.2323743E-13   0.1357404E-09    0.000000    
   0.7698106E-07    569.8698       0.8554619E+10    21682.20       0.2797165E-01   0.9310095E-36   0.5954300E-16   0.6667000       0.6293206E-18   0.3333000       0.1216437E-13   0.1707004E-09   0.3690310E-13   0.1707011E-09    0.000000    
   0.9274616E-07    569.8698       0.8554619E+10    21682.20       0.2797314E-01   0.9311773E-36   0.5954816E-16   0.6667000       0.6293795E-18   0.3333000       0.1216437E-13   0.2056602E-09   0.5379104E-13   0.2056618E-09    0.000000    
   0.1085113E-06    569.8698       0.8554619E+10    21682.20       0.2797465E-01   0.9313452E-36   0.5955332E-16   0.6667000       0.6294384E-18   0.3333000       0.1216437E-13   0.2406195E-09   0.7394009E-13   0.2406225E-09    0.000000    
   0.1242764E-06    569.8698       0.8554619E+10    21682.20       0.2797619E-01   0.9315132E-36   0.5955849E-16   0.6667000       0.6294973E-18   0.3333000       0.1216437E-13   0.2755783E-09   0.9738905E-13   0.2755832E-09    0.000000    
   0.1558066E-06    569.8698       0.8554619E+10    21682.20       0.2797932E-01   0.9318490E-36   0.5956881E-16   0.6667000       0.6296151E-18   0.3333000       0.1216437E-13   0.3454939E-09   0.1543419E-12   0.3455046E-09    0.000000    
   0.1873368E-06    569.8698       0.8554619E+10    21682.20       0.2798255E-01   0.9321849E-36   0.5957914E-16   0.6667000       0.6297330E-18   0.3333000       0.1216437E-13   0.4154065E-09   0.2249599E-12   0.4154261E-09    0.000000    
   0.2188670E-06    569.8698       0.8554619E+10    21682.20       0.2798587E-01   0.9325209E-36   0.5958946E-16   0.6667000       0.6298508E-18   0.3333000       0.1216437E-13   0.4853153E-09   0.3095532E-12   0.4853475E-09    0.000000    
   0.2503972E-06    569.8698       0.8554619E+10    21682.20       0.2798929E-01   0.9328569E-36   0.5959978E-16   0.6667000       0.6299685E-18   0.3333000       0.1216437E-13   0.5552199E-09   0.4084318E-12   0.5552689E-09    0.000000    
   0.2819274E-06    569.8698       0.8554619E+10    21682.20       0.2799279E-01   0.9331929E-36   0.5961011E-16   0.6667000       0.6300863E-18   0.3333000       0.1216437E-13   0.6251195E-09   0.5219054E-12   0.6251904E-09    0.000000    
   0.3134576E-06    569.8698       0.8554619E+10    21682.20       0.2799639E-01   0.9335290E-36   0.5962043E-16   0.6667000       0.6302041E-18   0.3333000       0.1216437E-13   0.6950135E-09   0.6502836E-12   0.6951118E-09    0.000000    
   0.3765180E-06    569.8698       0.8554619E+10    21682.20       0.2800385E-01   0.9342012E-36   0.5964107E-16   0.6667000       0.6304397E-18   0.3333000       0.1216437E-13   0.8347825E-09   0.9529913E-12   0.8349547E-09    0.000000    
   0.4395784E-06    569.8698       0.8554619E+10    21682.20       0.2801168E-01   0.9348736E-36   0.5966171E-16   0.6667000       0.6306752E-18   0.3333000       0.1216437E-13   0.9745217E-09   0.1319027E-11   0.9747976E-09    0.000000    
   0.5026389E-06    569.8698       0.8554619E+10    21682.20       0.2801988E-01   0.9355461E-36   0.5968234E-16   0.6667000       0.6309106E-18   0.3333000       0.1216437E-13   0.1114226E-08   0.1750860E-11   0.1114640E-08    0.000000    
   0.5656993E-06    569.8698       0.8554619E+10    21682.20       0.2802844E-01   0.9362186E-36   0.5970297E-16   0.6667000       0.6311461E-18   0.3333000       0.1216437E-13   0.1253891E-08   0.2250954E-11   0.1254483E-08    0.000000    
   0.6287597E-06    569.8698       0.8554619E+10    21682.20       0.2803737E-01   0.9368912E-36   0.5972359E-16   0.6667000       0.6313814E-18   0.3333000       0.1216437E-13   0.1393512E-08   0.2821768E-11   0.1394326E-08    0.000000    
   0.7548805E-06    569.8698       0.8554619E+10    21682.20       0.2805631E-01   0.9382364E-36   0.5976480E-16   0.6667000       0.6318519E-18   0.3333000       0.1216437E-13   0.1672599E-08   0.4185375E-11   0.1674012E-08    0.000000    
   0.8810013E-06    569.8698       0.8554619E+10    21682.20       0.2807669E-01   0.9395815E-36   0.5980599E-16   0.6667000       0.6323220E-18   0.3333000       0.1216437E-13   0.1951450E-08   0.5861254E-11   0.1953698E-08    0.000000    
   0.1007122E-05    569.8698       0.8554619E+10    21682.20       0.2809852E-01   0.9409263E-36   0.5984713E-16   0.6667000       0.6327917E-18   0.3333000       0.1216437E-13   0.2230023E-08   0.7868887E-11   0.2233384E-08    0.000000    
   0.1133243E-05    569.8698       0.8554619E+10    21682.20       0.2812178E-01   0.9422706E-36   0.5988822E-16   0.6667000       0.6332609E-18   0.3333000       0.1216437E-13   0.2508281E-08   0.1022765E-10   0.2513070E-08    0.000000    
   0.1259364E-05    569.8698       0.8554619E+10    21682.20       0.2814646E-01   0.9436142E-36   0.5992926E-16   0.6667000       0.6337295E-18   0.3333000       0.1216437E-13   0.2786184E-08   0.1295680E-10   0.2792756E-08    0.000000    
   0.1385485E-05    569.8698       0.8554619E+10    21682.20       0.2817256E-01   0.9449569E-36   0.5997025E-16   0.6667000       0.6341976E-18   0.3333000       0.1216437E-13   0.3063693E-08   0.1607546E-10   0.3072443E-08    0.000000    
   0.1511605E-05    569.8698       0.8554619E+10    21682.20       0.2820007E-01   0.9462986E-36   0.6001117E-16   0.6667000       0.6346650E-18   0.3333000       0.1216437E-13   0.3340770E-08   0.1960264E-10   0.3352129E-08    0.000000    
   0.1637726E-05    569.8698       0.8554619E+10    21682.20       0.2822896E-01   0.9476390E-36   0.6005202E-16   0.6667000       0.6351316E-18   0.3333000       0.1216437E-13   0.3617376E-08   0.2355717E-10   0.3631815E-08    0.000000    
   0.1763847E-05    569.8698       0.8554619E+10    21682.20       0.2825924E-01   0.9489779E-36   0.6009279E-16   0.6667000       0.6355974E-18   0.3333000       0.1216437E-13   0.3893474E-08   0.2795775E-10   0.3911501E-08    0.000000    
   0.1889968E-05    569.8698       0.8554619E+10    21682.20       0.2829089E-01   0.9503152E-36   0.6013349E-16   0.6667000       0.6360623E-18   0.3333000       0.1216437E-13   0.4169026E-08   0.3282288E-10   0.4191188E-08    0.000000    
   0.2016089E-05    569.8698       0.8554619E+10    21682.20       0.2832389E-01   0.9516507E-36   0.6017410E-16   0.6667000       0.6365263E-18   0.3333000       0.1216437E-13   0.4443994E-08   0.3817093E-10   0.4470874E-08    0.000000    
   0.2142210E-05    569.8699       0.8554619E+10    21682.20       0.2835824E-01   0.9529842E-36   0.6021462E-16   0.6667000       0.6369893E-18   0.3333000       0.1216437E-13   0.4718341E-08   0.4402002E-10   0.4750561E-08    0.000000    
   0.2268330E-05    569.8699       0.8554619E+10    21682.20       0.2839392E-01   0.9543155E-36   0.6025504E-16   0.6667000       0.6374512E-18   0.3333000       0.1216437E-13   0.4992030E-08   0.5038813E-10   0.5030247E-08    0.000000    
   0.2394451E-05    569.8699       0.8554619E+10    21682.20       0.2843091E-01   0.9556444E-36   0.6029535E-16   0.6667000       0.6379120E-18   0.3333000       0.1216437E-13   0.5265025E-08   0.5729300E-10   0.5309934E-08    0.000000    
   0.2520572E-05    569.8699       0.8554619E+10    21682.20       0.2846919E-01   0.9569707E-36   0.6033556E-16   0.6667000       0.6383716E-18   0.3333000       0.1216437E-13   0.5537290E-08   0.6475215E-10   0.5589620E-08    0.000000    
   0.2646693E-05    569.8699       0.8554619E+10    21682.20       0.2850876E-01   0.9582943E-36   0.6037566E-16   0.6667000       0.6388300E-18   0.3333000       0.1216437E-13   0.5808789E-08   0.7278291E-10   0.5869307E-08    0.000000    
   0.2772814E-05    569.8699       0.8554620E+10    21682.20       0.2854959E-01   0.9596150E-36   0.6041564E-16   0.6667000       0.6392871E-18   0.3333000       0.1216437E-13   0.6079487E-08   0.8140233E-10   0.6148994E-08    0.000000    
   0.2898935E-05    569.8699       0.8554620E+10    21682.20       0.2859167E-01   0.9609325E-36   0.6045549E-16   0.6667000       0.6397428E-18   0.3333000       0.1216438E-13   0.6349349E-08   0.9062726E-10   0.6428680E-08    0.000000    
   0.3025055E-05    569.8699       0.8554620E+10    21682.20       0.2863497E-01   0.9622468E-36   0.6049522E-16   0.6667000       0.6401970E-18   0.3333000       0.1216438E-13   0.6618340E-08   0.1004743E-09   0.6708367E-08    0.000000    
   0.3151176E-05    569.8699       0.8554620E+10    21682.20       0.2867948E-01   0.9635576E-36   0.6053481E-16   0.6667000       0.6406498E-18   0.3333000       0.1216438E-13   0.6886428E-08   0.1109597E-09   0.6988054E-08    0.000000    
   0.3277297E-05    569.8699       0.8554620E+10    21682.20       0.2872519E-01   0.9648648E-36   0.6057427E-16   0.6667000       0.6411011E-18   0.3333000       0.1216438E-13   0.7153578E-08   0.1220996E-09   0.7267741E-08    0.000000    
   0.3403418E-05    569.8699       0.8554620E+10    21682.20       0.2877206E-01   0.9661682E-36   0.6061358E-16   0.6667000       0.6415508E-18   0.3333000       0.1216438E-13   0.7419757E-08   0.1339098E-09   0.7547428E-08    0.000000    
   0.3529539E-05    569.8699       0.8554620E+10    21682.20       0.2882008E-01   0.9674676E-36   0.6065274E-16   0.6667000       0.6419988E-18   0.3333000       0.1216438E-13   0.7684934E-08   0.1464057E-09   0.7827115E-08    0.000000    
   0.3655660E-05    569.8699       0.8554620E+10    21682.20       0.2886922E-01   0.9687629E-36   0.6069175E-16   0.6667000       0.6424451E-18   0.3333000       0.1216438E-13   0.7949077E-08   0.1596026E-09   0.8106802E-08    0.000000    
   0.3781780E-05    569.8699       0.8554620E+10    21682.20       0.2891948E-01   0.9700539E-36   0.6073061E-16   0.6667000       0.6428896E-18   0.3333000       0.1216438E-13   0.8212153E-08   0.1735154E-09   0.8386489E-08    0.000000    
   0.3907901E-05    569.8699       0.8554620E+10    21682.20       0.2897081E-01   0.9713404E-36   0.6076930E-16   0.6667000       0.6433323E-18   0.3333000       0.1216438E-13   0.8474132E-08   0.1881587E-09   0.8666177E-08    0.000000    
   0.4034022E-05    569.8699       0.8554620E+10    21682.20       0.2902321E-01   0.9726223E-36   0.6080782E-16   0.6667000       0.6437732E-18   0.3333000       0.1216438E-13   0.8734985E-08   0.2035470E-09   0.8945864E-08    0.000000    
   0.4160143E-05    569.8699       0.8554620E+10    21682.20       0.2907665E-01   0.9738994E-36   0.6084618E-16   0.6667000       0.6442122E-18   0.3333000       0.1216438E-13   0.8994681E-08   0.2196941E-09   0.9225551E-08    0.000000    
   0.4412385E-05    569.8699       0.8554620E+10    21682.20       0.2918655E-01   0.9764387E-36   0.6092236E-16   0.6667000       0.6450842E-18   0.3333000       0.1216438E-13   0.9510488E-08   0.2543195E-09   0.9784926E-08    0.000000    
   0.4639402E-05    569.8699       0.8554620E+10    21682.20       0.2928878E-01   0.9787062E-36   0.6099029E-16   0.6667000       0.6458619E-18   0.3333000       0.1216438E-13   0.9970473E-08   0.2882118E-09   0.1028836E-07    0.000000    
   0.4866420E-05    569.8699       0.8554620E+10    21682.20       0.2939401E-01   0.9809559E-36   0.6105761E-16   0.6667000       0.6466328E-18   0.3333000       0.1216438E-13   0.1042628E-07   0.3247661E-09   0.1079180E-07    0.000000    
   0.5093437E-05    569.8699       0.8554620E+10    21682.20       0.2950209E-01   0.9831869E-36   0.6112429E-16   0.6667000       0.6473964E-18   0.3333000       0.1216439E-13   0.1087775E-07   0.3640525E-09   0.1129524E-07    0.000000    
   0.5320454E-05    569.8699       0.8554620E+10    21682.20       0.2961287E-01   0.9853985E-36   0.6119031E-16   0.6667000       0.6481526E-18   0.3333000       0.1216439E-13   0.1132475E-07   0.4061372E-09   0.1179868E-07    0.000000    
   0.5547472E-05    569.8699       0.8554620E+10    21682.20       0.2972621E-01   0.9875900E-36   0.6125565E-16   0.6667000       0.6489011E-18   0.3333000       0.1216439E-13   0.1176714E-07   0.4510830E-09   0.1230211E-07    0.000000    
   0.5688199E-05    569.8699       0.8554621E+10    21682.20       0.2979769E-01   0.9889380E-36   0.6129580E-16   0.6667000       0.6493611E-18   0.3333000       0.1216439E-13   0.1203901E-07   0.4804071E-09   0.1261419E-07    0.000000    
