0   0.21929
6E-10   0.21937
1.3E-09   0.21944
2E-09   0.21952
2.7E-09   0.21959
3.4E-09   0.21967
4E-09   0.21974
4.7E-09   0.21982
5.4E-09   0.21989
6.1E-09   0.21997
6.8E-09   0.22004
7.5E-09   0.22012
8.1E-09   0.22019
8.8E-09   0.22027
9.5E-09   0.22034
1.02E-08   0.22042
1.09E-08   0.22049
1.16E-08   0.22057
1.22E-08   0.22064
1.29E-08   0.22072
1.36E-08   0.2208
1.43E-08   0.22087
1.5E-08   0.22095
1.57E-08   0.22102
1.64E-08   0.2211
1.7E-08   0.22117
1.77E-08   0.22125
1.84E-08   0.22132
1.91E-08   0.2214
1.98E-08   0.22148
2.05E-08   0.22155
2.12E-08   0.22163
2.18E-08   0.2217
2.25E-08   0.22178
2.32E-08   0.22185
2.39E-08   0.22193
2.46E-08   0.22201
2.53E-08   0.22208
2.6E-08   0.22216
2.67E-08   0.22223
2.74E-08   0.22231
2.8E-08   0.22239
2.87E-08   0.22246
2.94E-08   0.22254
3.01E-08   0.22261
3.08E-08   0.22269
3.15E-08   0.22277
3.22E-08   0.22284
3.29E-08   0.22292
3.36E-08   0.223
3.43E-08   0.22307
3.5E-08   0.22315
3.56E-08   0.22322
3.63E-08   0.2233
3.7E-08   0.22338
3.77E-08   0.22345
3.84E-08   0.22353
3.91E-08   0.22361
3.98E-08   0.22368
4.05E-08   0.22376
4.12E-08   0.22384
4.19E-08   0.22391
4.26E-08   0.22399
4.33E-08   0.22407
4.4E-08   0.22414
4.47E-08   0.22422
4.54E-08   0.2243
4.61E-08   0.22437
4.68E-08   0.22445
4.75E-08   0.22453
4.82E-08   0.22461
4.89E-08   0.22468
4.96E-08   0.22476
5.03E-08   0.22484
5.09E-08   0.22491
5.16E-08   0.22499
5.23E-08   0.22507
5.3E-08   0.22515
5.37E-08   0.22522
5.44E-08   0.2253
5.51E-08   0.22538
5.58E-08   0.22545
5.65E-08   0.22553
5.72E-08   0.22561
5.79E-08   0.22569
5.86E-08   0.22576
5.93E-08   0.22584
6E-08   0.22592
6.07E-08   0.226
6.15E-08   0.22607
6.22E-08   0.22615
6.29E-08   0.22623
6.36E-08   0.22631
6.43E-08   0.22639
6.5E-08   0.22646
6.57E-08   0.22654
6.64E-08   0.22662
6.71E-08   0.2267
6.78E-08   0.22677
6.85E-08   0.22685
6.92E-08   0.22693
6.99E-08   0.22701
7.06E-08   0.22709
7.13E-08   0.22717
7.2E-08   0.22724
7.27E-08   0.22732
7.34E-08   0.2274
7.41E-08   0.22748
7.48E-08   0.22756
7.55E-08   0.22763
7.62E-08   0.22771
7.7E-08   0.22779
7.77E-08   0.22787
7.84E-08   0.22795
7.91E-08   0.22803
7.98E-08   0.2281
8.05E-08   0.22818
8.12E-08   0.22826
8.19E-08   0.22834
8.26E-08   0.22842
8.33E-08   0.2285
8.4E-08   0.22858
8.48E-08   0.22866
8.55E-08   0.22873
8.62E-08   0.22881
8.69E-08   0.22889
8.76E-08   0.22897
8.83E-08   0.22905
8.9E-08   0.22913
8.97E-08   0.22921
9.04E-08   0.22929
9.12E-08   0.22937
9.19E-08   0.22944
9.26E-08   0.22952
9.33E-08   0.2296
9.4E-08   0.22968
9.47E-08   0.22976
9.54E-08   0.22984
9.61E-08   0.22992
9.69E-08   0.23
9.76E-08   0.23008
9.83E-08   0.23016
9.9E-08   0.23024
9.97E-08   0.23032
1.004E-07   0.2304
1.011E-07   0.23048
1.019E-07   0.23055
1.026E-07   0.23063
1.033E-07   0.23071
0.000000104   0.23079
1.047E-07   0.23087
1.054E-07   0.23095
1.062E-07   0.23103
1.069E-07   0.23111
1.076E-07   0.23119
1.083E-07   0.23127
0.000000109   0.23135
1.098E-07   0.23143
1.105E-07   0.23151
1.112E-07   0.23159
1.119E-07   0.23167
1.126E-07   0.23175
1.134E-07   0.23183
1.141E-07   0.23191
1.148E-07   0.23199
1.155E-07   0.23207
1.162E-07   0.23215
0.000000117   0.23223
1.177E-07   0.23231
1.184E-07   0.23239
1.191E-07   0.23247
1.198E-07   0.23255
1.206E-07   0.23263
1.213E-07   0.23272
0.000000122   0.2328
1.227E-07   0.23288
1.235E-07   0.23296
1.242E-07   0.23304
1.249E-07   0.23312
1.256E-07   0.2332
1.263E-07   0.23328
1.271E-07   0.23336
1.278E-07   0.23344
1.285E-07   0.23352
1.292E-07   0.2336
0.00000013   0.23368
1.307E-07   0.23376
1.314E-07   0.23385
1.321E-07   0.23393
1.329E-07   0.23401
1.336E-07   0.23409
1.343E-07   0.23417
1.351E-07   0.23425
1.358E-07   0.23433
1.365E-07   0.23441
1.372E-07   0.23449
0.000000138   0.23458
1.387E-07   0.23466
1.394E-07   0.23474
1.402E-07   0.23482
1.409E-07   0.2349
1.416E-07   0.23498
1.423E-07   0.23506
1.431E-07   0.23515
1.438E-07   0.23523
1.445E-07   0.23531
1.453E-07   0.23539
0.000000146   0.23547
1.467E-07   0.23555
1.475E-07   0.23563
1.482E-07   0.23572
1.489E-07   0.2358
1.496E-07   0.23588
1.504E-07   0.23596
1.511E-07   0.23604
1.518E-07   0.23613
1.526E-07   0.23621
1.533E-07   0.23629
0.000000154   0.23637
1.548E-07   0.23645
1.555E-07   0.23654
1.562E-07   0.23662
0.000000157   0.2367
1.577E-07   0.23678
1.584E-07   0.23686
1.592E-07   0.23695
1.599E-07   0.23703
1.607E-07   0.23711
1.614E-07   0.23719
1.621E-07   0.23728
1.629E-07   0.23736
1.636E-07   0.23744
1.643E-07   0.23752
1.651E-07   0.23761
1.658E-07   0.23769
1.665E-07   0.23777
1.673E-07   0.23785
0.000000168   0.23794
1.688E-07   0.23802
1.695E-07   0.2381
1.702E-07   0.23819
0.000000171   0.23827
1.717E-07   0.23835
1.724E-07   0.23843
1.732E-07   0.23852
1.739E-07   0.2386
1.747E-07   0.23868
1.754E-07   0.23877
1.761E-07   0.23885
1.769E-07   0.23893
1.776E-07   0.23902
1.784E-07   0.2391
1.791E-07   0.23918
1.799E-07   0.23927
1.806E-07   0.23935
1.813E-07   0.23943
1.821E-07   0.23952
1.828E-07   0.2396
1.836E-07   0.23968
1.843E-07   0.23977
0.000000185   0.23985
1.858E-07   0.23993
1.865E-07   0.24002
1.873E-07   0.2401
0.000000188   0.24018
1.888E-07   0.24027
1.895E-07   0.24035
1.903E-07   0.24043
0.000000191   0.24052
1.917E-07   0.2406
1.925E-07   0.24069
1.932E-07   0.24077
0.000000194   0.24085
1.947E-07   0.24094
1.955E-07   0.24102
1.962E-07   0.24111
0.000000197   0.24119
1.977E-07   0.24127
1.985E-07   0.24136
1.992E-07   0.24144
0.0000002   0.24153
2.007E-07   0.24161
2.015E-07   0.2417
2.022E-07   0.24178
0.000000203   0.24186
2.037E-07   0.24195
2.045E-07   0.24203
2.052E-07   0.24212
2.059E-07   0.2422
2.067E-07   0.24229
2.074E-07   0.24237
2.082E-07   0.24246
2.09E-07   0.24254
2.097E-07   0.24263
2.105E-07   0.24271
2.112E-07   0.2428
0.000000212   0.24288
2.127E-07   0.24297
2.135E-07   0.24305
2.142E-07   0.24314
0.000000215   0.24322
2.157E-07   0.24331
2.165E-07   0.24339
2.172E-07   0.24348
0.000000218   0.24356
2.187E-07   0.24365
2.195E-07   0.24373
2.202E-07   0.24382
0.000000221   0.2439
2.217E-07   0.24399
2.225E-07   0.24407
2.233E-07   0.24416
0.000000224   0.24424
2.248E-07   0.24433
2.255E-07   0.24441
2.263E-07   0.2445
0.000000227   0.24458
2.278E-07   0.24467
2.285E-07   0.24476
2.293E-07   0.24484
2.301E-07   0.24493
2.308E-07   0.24501
2.316E-07   0.2451
2.323E-07   0.24519
2.331E-07   0.24527
2.338E-07   0.24536
2.346E-07   0.24544
2.354E-07   0.24553
2.361E-07   0.24561
2.369E-07   0.2457
2.376E-07   0.24579
2.384E-07   0.24587
2.392E-07   0.24596
2.399E-07   0.24605
2.407E-07   0.24613
2.414E-07   0.24622
2.422E-07   0.2463
0.000000243   0.24639
2.437E-07   0.24648
2.445E-07   0.24656
2.452E-07   0.24665
0.000000246   0.24674
2.468E-07   0.24682
2.475E-07   0.24691
2.483E-07   0.247
2.491E-07   0.24708
2.498E-07   0.24717
2.506E-07   0.24726
2.513E-07   0.24734
2.521E-07   0.24743
2.529E-07   0.24752
2.536E-07   0.2476
2.544E-07   0.24769
2.552E-07   0.24778
2.559E-07   0.24786
2.567E-07   0.24795
2.575E-07   0.24804
2.582E-07   0.24813
0.000000259   0.24821
2.598E-07   0.2483
2.605E-07   0.24839
2.613E-07   0.24847
0.000000262   0.24856
2.628E-07   0.24865
2.636E-07   0.24874
2.643E-07   0.24882
2.651E-07   0.24891
2.659E-07   0.249
2.667E-07   0.24909
2.674E-07   0.24917
2.682E-07   0.24926
0.000000269   0.24935
2.697E-07   0.24944
2.705E-07   0.24952
2.713E-07   0.24961
0.000000272   0.2497
2.728E-07   0.24979
2.736E-07   0.24988
2.743E-07   0.24996
2.751E-07   0.25005
2.759E-07   0.25014
2.767E-07   0.25023
2.774E-07   0.25032
2.782E-07   0.2504
0.000000279   0.25049
2.797E-07   0.25058
2.805E-07   0.25067
2.813E-07   0.25076
2.821E-07   0.25085
2.828E-07   0.25093
2.836E-07   0.25102
2.844E-07   0.25111
2.851E-07   0.2512
2.859E-07   0.25129
2.867E-07   0.25138
2.875E-07   0.25146
2.882E-07   0.25155
2.89E-07   0.25164
2.898E-07   0.25173
2.906E-07   0.25182
2.913E-07   0.25191
2.921E-07   0.252
2.929E-07   0.25209
2.937E-07   0.25217
2.944E-07   0.25226
2.952E-07   0.25235
0.000000296   0.25244
2.968E-07   0.25253
2.975E-07   0.25262
2.983E-07   0.25271
2.991E-07   0.2528
2.999E-07   0.25289
3.006E-07   0.25298
3.014E-07   0.25307
3.022E-07   0.25315
0.000000303   0.25324
3.038E-07   0.25333
3.045E-07   0.25342
3.053E-07   0.25351
3.061E-07   0.2536
3.069E-07   0.25369
3.077E-07   0.25378
3.084E-07   0.25387
3.092E-07   0.25396
0.00000031   0.25405
3.108E-07   0.25414
3.116E-07   0.25423
3.123E-07   0.25432
3.131E-07   0.25441
3.139E-07   0.2545
3.147E-07   0.25459
3.155E-07   0.25468
3.162E-07   0.25477
0.000000317   0.25486
3.178E-07   0.25495
3.186E-07   0.25504
3.194E-07   0.25513
3.201E-07   0.25522
3.209E-07   0.25531
3.217E-07   0.2554
3.225E-07   0.25549
3.233E-07   0.25558
3.241E-07   0.25567
3.248E-07   0.25576
3.256E-07   0.25585
3.264E-07   0.25594
3.272E-07   0.25603
0.000000328   0.25612
3.288E-07   0.25621
3.296E-07   0.25631
3.303E-07   0.2564
3.311E-07   0.25649
3.319E-07   0.25658
3.327E-07   0.25667
3.335E-07   0.25676
3.343E-07   0.25685
3.351E-07   0.25694
3.358E-07   0.25703
3.366E-07   0.25712
3.374E-07   0.25721
3.382E-07   0.25731
0.000000339   0.2574
3.398E-07   0.25749
3.406E-07   0.25758
3.414E-07   0.25767
3.421E-07   0.25776
3.429E-07   0.25785
3.437E-07   0.25794
3.445E-07   0.25804
3.453E-07   0.25813
3.461E-07   0.25822
3.469E-07   0.25831
3.477E-07   0.2584
3.485E-07   0.25849
3.493E-07   0.25859
3.5E-07   0.25868
3.508E-07   0.25877
3.516E-07   0.25886
3.524E-07   0.25895
3.532E-07   0.25904
0.000000354   0.25914
3.548E-07   0.25923
3.556E-07   0.25932
3.564E-07   0.25941
3.572E-07   0.2595
3.58E-07   0.2596
3.588E-07   0.25969
3.596E-07   0.25978
3.603E-07   0.25987
3.611E-07   0.25997
3.619E-07   0.26006
3.627E-07   0.26015
3.635E-07   0.26024
3.643E-07   0.26033
3.651E-07   0.26043
3.659E-07   0.26052
3.667E-07   0.26061
3.675E-07   0.2607
3.683E-07   0.2608
3.691E-07   0.26089
3.699E-07   0.26098
3.707E-07   0.26108
3.715E-07   0.26117
3.723E-07   0.26126
3.731E-07   0.26135
3.739E-07   0.26145
3.747E-07   0.26154
3.755E-07   0.26163
3.763E-07   0.26173
3.771E-07   0.26182
3.779E-07   0.26191
3.787E-07   0.26201
3.795E-07   0.2621
3.802E-07   0.26219
0.000000381   0.26229
3.818E-07   0.26238
3.826E-07   0.26247
3.834E-07   0.26257
3.842E-07   0.26266
0.000000385   0.26275
3.858E-07   0.26285
3.866E-07   0.26294
3.874E-07   0.26303
3.882E-07   0.26313
0.000000389   0.26322
3.898E-07   0.26331
3.906E-07   0.26341
3.915E-07   0.2635
3.923E-07   0.2636
3.931E-07   0.26369
3.939E-07   0.26378
3.947E-07   0.26388
3.955E-07   0.26397
3.963E-07   0.26407
3.971E-07   0.26416
3.979E-07   0.26425
3.987E-07   0.26435
3.995E-07   0.26444
4.003E-07   0.26454
4.011E-07   0.26463
4.019E-07   0.26473
4.027E-07   0.26482
4.035E-07   0.26492
4.043E-07   0.26501
4.051E-07   0.2651
4.059E-07   0.2652
4.067E-07   0.26529
4.075E-07   0.26539
4.083E-07   0.26548
4.091E-07   0.26558
4.099E-07   0.26567
4.107E-07   0.26577
4.116E-07   0.26586
4.124E-07   0.26596
4.132E-07   0.26605
4.14E-07   0.26615
4.148E-07   0.26624
4.156E-07   0.26634
4.164E-07   0.26643
4.172E-07   0.26653
0.000000418   0.26662
4.188E-07   0.26672
4.196E-07   0.26681
4.204E-07   0.26691
4.212E-07   0.267
4.221E-07   0.2671
4.229E-07   0.26719
4.237E-07   0.26729
4.245E-07   0.26739
4.253E-07   0.26748
4.261E-07   0.26758
4.269E-07   0.26767
4.277E-07   0.26777
4.285E-07   0.26786
4.293E-07   0.26796
4.302E-07   0.26806
0.000000431   0.26815
4.318E-07   0.26825
4.326E-07   0.26834
4.334E-07   0.26844
4.342E-07   0.26854
0.000000435   0.26863
4.358E-07   0.26873
4.367E-07   0.26882
4.375E-07   0.26892
4.383E-07   0.26902
4.391E-07   0.26911
4.399E-07   0.26921
4.407E-07   0.26931
4.415E-07   0.2694
4.423E-07   0.2695
4.432E-07   0.2696
0.000000444   0.26969
4.448E-07   0.26979
4.456E-07   0.26989
4.464E-07   0.26998
4.472E-07   0.27008
4.481E-07   0.27018
4.489E-07   0.27027
4.497E-07   0.27037
4.505E-07   0.27047
4.513E-07   0.27056
4.521E-07   0.27066
4.529E-07   0.27076
4.538E-07   0.27085
4.546E-07   0.27095
4.554E-07   0.27105
4.562E-07   0.27115
4.57E-07   0.27124
4.579E-07   0.27134
4.587E-07   0.27144
4.595E-07   0.27154
4.603E-07   0.27163
4.611E-07   0.27173
4.619E-07   0.27183
4.628E-07   0.27193
4.636E-07   0.27202
4.644E-07   0.27212
4.652E-07   0.27222
4.66E-07   0.27232
4.669E-07   0.27241
4.677E-07   0.27251
4.685E-07   0.27261
4.693E-07   0.27271
4.701E-07   0.27281
0.000000471   0.2729
4.718E-07   0.273
4.726E-07   0.2731
4.734E-07   0.2732
4.742E-07   0.2733
4.751E-07   0.27339
4.759E-07   0.27349
4.767E-07   0.27359
4.775E-07   0.27369
4.784E-07   0.27379
4.792E-07   0.27389
0.00000048   0.27398
4.808E-07   0.27408
4.816E-07   0.27418
4.825E-07   0.27428
4.833E-07   0.27438
4.841E-07   0.27448
4.849E-07   0.27458
4.858E-07   0.27468
4.866E-07   0.27477
4.874E-07   0.27487
4.882E-07   0.27497
4.891E-07   0.27507
4.899E-07   0.27517
4.907E-07   0.27527
4.915E-07   0.27537
4.924E-07   0.27547
4.932E-07   0.27557
0.000000494   0.27567
4.948E-07   0.27576
4.957E-07   0.27586
4.965E-07   0.27596
4.973E-07   0.27606
4.982E-07   0.27616
4.99E-07   0.27626
4.998E-07   0.27636
5.006E-07   0.27646
5.015E-07   0.27656
5.023E-07   0.27666
5.031E-07   0.27676
5.039E-07   0.27686
5.048E-07   0.27696
5.056E-07   0.27706
5.064E-07   0.27716
5.073E-07   0.27726
5.081E-07   0.27736
5.089E-07   0.27746
5.097E-07   0.27756
5.106E-07   0.27766
5.114E-07   0.27776
5.122E-07   0.27786
5.131E-07   0.27796
5.139E-07   0.27806
5.147E-07   0.27816
5.156E-07   0.27826
5.164E-07   0.27836
5.172E-07   0.27846
5.181E-07   0.27856
5.189E-07   0.27866
5.197E-07   0.27876
5.205E-07   0.27886
5.214E-07   0.27897
5.222E-07   0.27907
0.000000523   0.27917
5.239E-07   0.27927
5.247E-07   0.27937
5.255E-07   0.27947
5.264E-07   0.27957
5.272E-07   0.27967
0.000000528   0.27977
5.289E-07   0.27987
5.297E-07   0.27997
5.305E-07   0.28008
5.314E-07   0.28018
5.322E-07   0.28028
5.33E-07   0.28038
5.339E-07   0.28048
5.347E-07   0.28058
5.356E-07   0.28068
5.364E-07   0.28079
5.372E-07   0.28089
5.381E-07   0.28099
5.389E-07   0.28109
5.397E-07   0.28119
5.406E-07   0.28129
5.414E-07   0.2814
5.422E-07   0.2815
5.431E-07   0.2816
5.439E-07   0.2817
5.448E-07   0.2818
5.456E-07   0.28191
5.464E-07   0.28201
5.473E-07   0.28211
5.481E-07   0.28221
5.489E-07   0.28231
5.498E-07   0.28242
5.506E-07   0.28252
5.515E-07   0.28262
5.523E-07   0.28272
5.531E-07   0.28283
0.000000554   0.28293
5.548E-07   0.28303
5.557E-07   0.28313
5.565E-07   0.28324
5.573E-07   0.28334
5.582E-07   0.28344
5.59E-07   0.28354
5.599E-07   0.28365
5.607E-07   0.28375
5.615E-07   0.28385
5.624E-07   0.28396
5.632E-07   0.28406
5.641E-07   0.28416
5.649E-07   0.28426
5.657E-07   0.28437
5.666E-07   0.28447
5.674E-07   0.28457
5.683E-07   0.28468
5.691E-07   0.28478
0.00000057   0.28488
5.708E-07   0.28499
5.716E-07   0.28509
5.725E-07   0.28519
5.733E-07   0.2853
5.742E-07   0.2854
5.75E-07   0.2855
5.759E-07   0.28561
5.767E-07   0.28571
5.775E-07   0.28582
5.784E-07   0.28592
5.792E-07   0.28602
5.801E-07   0.28613
5.809E-07   0.28623
5.818E-07   0.28634
5.826E-07   0.28644
5.835E-07   0.28654
5.843E-07   0.28665
5.851E-07   0.28675
0.000000586   0.28686
5.868E-07   0.28696
5.877E-07   0.28706
5.885E-07   0.28717
5.894E-07   0.28727
5.902E-07   0.28738
5.911E-07   0.28748
5.919E-07   0.28759
5.928E-07   0.28769
5.936E-07   0.2878
5.945E-07   0.2879
5.953E-07   0.28801
5.962E-07   0.28811
0.000000597   0.28822
5.979E-07   0.28832
5.987E-07   0.28843
5.995E-07   0.28853
6.004E-07   0.28864
6.012E-07   0.28874
6.021E-07   0.28885
6.029E-07   0.28895
6.038E-07   0.28906
6.046E-07   0.28916
6.055E-07   0.28927
6.063E-07   0.28937
6.072E-07   0.28948
0.000000608   0.28958
6.089E-07   0.28969
6.097E-07   0.28979
6.106E-07   0.2899
6.114E-07   0.29001
6.123E-07   0.29011
6.131E-07   0.29022
6.14E-07   0.29032
6.148E-07   0.29043
6.157E-07   0.29053
6.166E-07   0.29064
6.174E-07   0.29075
6.183E-07   0.29085
6.191E-07   0.29096
6.2E-07   0.29106
6.208E-07   0.29117
6.217E-07   0.29128
6.225E-07   0.29138
6.234E-07   0.29149
6.242E-07   0.2916
6.251E-07   0.2917
6.259E-07   0.29181
6.268E-07   0.29192
6.276E-07   0.29202
6.285E-07   0.29213
6.294E-07   0.29223
6.302E-07   0.29234
6.311E-07   0.29245
6.319E-07   0.29256
6.328E-07   0.29266
6.336E-07   0.29277
6.345E-07   0.29288
6.353E-07   0.29298
6.362E-07   0.29309
0.000000637   0.2932
6.379E-07   0.2933
6.388E-07   0.29341
6.396E-07   0.29352
6.405E-07   0.29363
6.413E-07   0.29373
6.422E-07   0.29384
6.43E-07   0.29395
6.439E-07   0.29406
6.448E-07   0.29416
6.456E-07   0.29427
6.465E-07   0.29438
6.473E-07   0.29449
6.482E-07   0.29459
6.49E-07   0.2947
6.499E-07   0.29481
6.508E-07   0.29492
6.516E-07   0.29502
6.525E-07   0.29513
6.533E-07   0.29524
6.542E-07   0.29535
6.551E-07   0.29546
6.559E-07   0.29557
6.568E-07   0.29567
6.576E-07   0.29578
6.585E-07   0.29589
6.594E-07   0.296
6.602E-07   0.29611
6.611E-07   0.29622
6.619E-07   0.29632
6.628E-07   0.29643
6.637E-07   0.29654
6.645E-07   0.29665
6.654E-07   0.29676
6.662E-07   0.29687
6.671E-07   0.29698
6.68E-07   0.29708
6.688E-07   0.29719
6.697E-07   0.2973
6.706E-07   0.29741
6.714E-07   0.29752
6.723E-07   0.29763
6.731E-07   0.29774
6.74E-07   0.29785
6.749E-07   0.29796
6.757E-07   0.29807
6.766E-07   0.29818
6.775E-07   0.29829
6.783E-07   0.29839
6.792E-07   0.2985
0.00000068   0.29861
6.809E-07   0.29872
6.818E-07   0.29883
6.826E-07   0.29894
6.835E-07   0.29905
6.844E-07   0.29916
6.852E-07   0.29927
6.861E-07   0.29938
6.87E-07   0.29949
6.878E-07   0.2996
6.887E-07   0.29971
6.896E-07   0.29982
6.904E-07   0.29993
6.913E-07   0.30004
6.922E-07   0.30015
0.000000693   0.30026
6.939E-07   0.30037
6.948E-07   0.30048
6.956E-07   0.30059
6.965E-07   0.3007
6.974E-07   0.30082
6.982E-07   0.30093
6.991E-07   0.30104
7E-07   0.30115
7.008E-07   0.30126
7.017E-07   0.30137
7.026E-07   0.30148
7.034E-07   0.30159
7.043E-07   0.3017
7.052E-07   0.30181
7.06E-07   0.30192
7.069E-07   0.30203
7.078E-07   0.30215
7.086E-07   0.30226
7.095E-07   0.30237
7.104E-07   0.30248
7.112E-07   0.30259
7.121E-07   0.3027
7.13E-07   0.30281
7.139E-07   0.30292
7.147E-07   0.30304
7.156E-07   0.30315
7.165E-07   0.30326
7.173E-07   0.30337
7.182E-07   0.30348
7.191E-07   0.30359
7.199E-07   0.30371
7.208E-07   0.30382
7.217E-07   0.30393
7.226E-07   0.30404
7.234E-07   0.30415
7.243E-07   0.30427
7.252E-07   0.30438
7.26E-07   0.30449
7.269E-07   0.3046
7.278E-07   0.30472
7.287E-07   0.30483
7.295E-07   0.30494
7.304E-07   0.30505
7.313E-07   0.30517
7.322E-07   0.30528
7.33E-07   0.30539
7.339E-07   0.3055
7.348E-07   0.30562
7.356E-07   0.30573
7.365E-07   0.30584
7.374E-07   0.30595
7.383E-07   0.30607
7.391E-07   0.30618
0.00000074   0.30629
7.409E-07   0.30641
7.418E-07   0.30652
7.426E-07   0.30663
7.435E-07   0.30675
7.444E-07   0.30686
7.453E-07   0.30697
7.461E-07   0.30709
0.000000747   0.3072
7.479E-07   0.30731
7.488E-07   0.30743
7.496E-07   0.30754
7.505E-07   0.30765
7.514E-07   0.30777
7.523E-07   0.30788
7.531E-07   0.308
7.54E-07   0.30811
7.549E-07   0.30822
7.558E-07   0.30834
7.566E-07   0.30845
7.575E-07   0.30857
7.584E-07   0.30868
7.593E-07   0.30879
7.602E-07   0.30891
7.61E-07   0.30902
7.619E-07   0.30914
7.628E-07   0.30925
7.637E-07   0.30936
7.645E-07   0.30948
7.654E-07   0.30959
7.663E-07   0.30971
7.672E-07   0.30982
7.681E-07   0.30994
7.689E-07   0.31005
7.698E-07   0.31017
7.707E-07   0.31028
7.716E-07   0.3104
7.725E-07   0.31051
7.733E-07   0.31063
7.742E-07   0.31074
7.751E-07   0.31086
0.000000776   0.31097
7.769E-07   0.31109
7.777E-07   0.3112
7.786E-07   0.31132
7.795E-07   0.31143
7.804E-07   0.31155
7.813E-07   0.31166
7.821E-07   0.31178
7.83E-07   0.3119
7.839E-07   0.31201
7.848E-07   0.31213
7.857E-07   0.31224
7.865E-07   0.31236
7.874E-07   0.31247
7.883E-07   0.31259
7.892E-07   0.31271
7.901E-07   0.31282
0.000000791   0.31296
3.2322E-06   0.31296
