0 0.21929
2E-09 0.21937
4E-09 0.21944
6E-09 0.21952
7E-09 0.21959
9E-09 0.21967
1.1E-08 0.21974
1.2E-08 0.21982
1.4E-08 0.21989
0.000000016 0.21997
1.7E-08 0.22004
1.9E-08 0.22012
2.1E-08 0.22019
2.2E-08 0.22027
2.4E-08 0.22034
2.6E-08 0.22042
2.8E-08 0.22049
2.9E-08 0.22057
3.1E-08 0.22064
3.3E-08 0.22072
3.4E-08 0.2208
3.6E-08 0.22087
3.8E-08 0.22095
3.9E-08 0.22102
4.1E-08 0.2211
4.3E-08 0.22117
4.5E-08 0.22125
4.6E-08 0.22132
0.000000048 0.2214
5E-08 0.22148
5.1E-08 0.22155
5.3E-08 0.22163
5.5E-08 0.2217
5.6E-08 0.22178
5.8E-08 0.22185
6E-08 0.22193
6.2E-08 0.22201
6.3E-08 0.22208
6.5E-08 0.22216
6.7E-08 0.22223
6.8E-08 0.22231
7E-08 0.22239
7.2E-08 0.22246
7.4E-08 0.22254
7.5E-08 0.22261
7.7E-08 0.22269
7.9E-08 0.22277
8E-08 0.22284
8.2E-08 0.22292
8.4E-08 0.223
8.6E-08 0.22307
8.7E-08 0.22315
8.9E-08 0.22322
9.1E-08 0.2233
9.2E-08 0.22338
9.4E-08 0.22345
9.6E-08 0.22353
9.8E-08 0.22361
9.9E-08 0.22368
1.01E-07 0.22376
0.000000103 0.22384
1.05E-07 0.22391
0.000000106 0.22399
1.08E-07 0.22407
1.1E-07 0.22414
1.11E-07 0.22422
0.000000113 0.2243
1.15E-07 0.22437
1.17E-07 0.22445
1.18E-07 0.22453
1.2E-07 0.22461
0.000000122 0.22468
1.24E-07 0.22476
0.000000125 0.22484
1.27E-07 0.22491
0.000000129 0.22499
1.3E-07 0.22507
0.000000132 0.22515
1.34E-07 0.22522
1.36E-07 0.2253
1.37E-07 0.22538
1.39E-07 0.22545
0.000000141 0.22553
1.43E-07 0.22561
1.44E-07 0.22569
1.46E-07 0.22576
0.000000148 0.22584
1.5E-07 0.22592
0.000000151 0.226
1.53E-07 0.22607
1.55E-07 0.22615
0.000000157 0.22623
1.58E-07 0.22631
1.6E-07 0.22639
1.62E-07 0.22646
1.63E-07 0.22654
1.65E-07 0.22662
0.000000167 0.2267
1.69E-07 0.22677
0.00000017 0.22685
1.72E-07 0.22693
1.74E-07 0.22701
1.76E-07 0.22709
0.000000177 0.22717
1.79E-07 0.22724
1.81E-07 0.22732
0.000000183 0.2274
1.84E-07 0.22748
0.000000186 0.22756
1.88E-07 0.22763
0.00000019 0.22771
1.92E-07 0.22779
0.000000193 0.22787
1.95E-07 0.22795
1.97E-07 0.22803
0.000000199 0.2281
2E-07 0.22818
0.000000202 0.22826
2.04E-07 0.22834
0.000000206 0.22842
2.07E-07 0.2285
0.000000209 0.22858
2.11E-07 0.22866
2.13E-07 0.22873
2.14E-07 0.22881
2.16E-07 0.22889
0.000000218 0.22897
2.2E-07 0.22905
0.000000221 0.22913
2.23E-07 0.22921
0.000000225 0.22929
2.27E-07 0.22937
0.000000228 0.22944
2.3E-07 0.22952
2.32E-07 0.2296
0.000000234 0.22968
2.36E-07 0.22976
0.000000237 0.22984
2.39E-07 0.22992
0.000000241 0.23
2.43E-07 0.23008
0.000000244 0.23016
2.46E-07 0.23024
2.48E-07 0.23032
0.00000025 0.2304
2.52E-07 0.23048
0.000000253 0.23055
2.55E-07 0.23063
0.000000257 0.23071
2.59E-07 0.23079
0.00000026 0.23087
0.000000262 0.23095
2.64E-07 0.23103
2.66E-07 0.23111
2.68E-07 0.23119
2.69E-07 0.23127
2.71E-07 0.23135
0.000000273 0.23143
2.75E-07 0.23151
0.000000276 0.23159
2.78E-07 0.23167
2.8E-07 0.23175
0.000000282 0.23183
2.84E-07 0.23191
0.000000285 0.23199
2.87E-07 0.23207
2.89E-07 0.23215
0.000000291 0.23223
2.93E-07 0.23231
0.000000294 0.23239
2.96E-07 0.23247
2.98E-07 0.23255
3E-07 0.23263
3.01E-07 0.23272
3.03E-07 0.2328
0.000000305 0.23288
3.07E-07 0.23296
3.09E-07 0.23304
3.1E-07 0.23312
3.12E-07 0.2332
0.000000314 0.23328
3.16E-07 0.23336
3.18E-07 0.23344
3.19E-07 0.23352
3.21E-07 0.2336
0.000000323 0.23368
3.25E-07 0.23376
3.27E-07 0.23385
3.28E-07 0.23393
3.3E-07 0.23401
3.32E-07 0.23409
0.000000334 0.23417
3.36E-07 0.23425
0.000000337 0.23433
3.39E-07 0.23441
3.41E-07 0.23449
0.000000343 0.23458
3.45E-07 0.23466
3.47E-07 0.23474
3.48E-07 0.23482
3.5E-07 0.2349
0.000000352 0.23498
3.54E-07 0.23506
3.56E-07 0.23515
3.57E-07 0.23523
3.59E-07 0.23531
3.61E-07 0.23539
0.000000363 0.23547
3.65E-07 0.23555
0.000000366 0.23563
3.68E-07 0.23572
3.7E-07 0.2358
0.000000372 0.23588
3.74E-07 0.23596
3.76E-07 0.23604
3.77E-07 0.23613
3.79E-07 0.23621
0.000000381 0.23629
3.83E-07 0.23637
3.85E-07 0.23645
3.86E-07 0.23654
3.88E-07 0.23662
3.9E-07 0.2367
3.92E-07 0.23678
3.94E-07 0.23686
3.96E-07 0.23695
3.97E-07 0.23703
3.99E-07 0.23711
0.000000401 0.23719
4.03E-07 0.23728
4.05E-07 0.23736
4.06E-07 0.23744
4.08E-07 0.23752
0.00000041 0.23761
4.12E-07 0.23769
4.14E-07 0.23777
0.000000416 0.23785
4.17E-07 0.23794
0.000000419 0.23802
4.21E-07 0.2381
4.23E-07 0.23819
4.25E-07 0.23827
0.000000427 0.23835
4.28E-07 0.23843
0.00000043 0.23852
4.32E-07 0.2386
4.34E-07 0.23868
0.000000436 0.23877
4.38E-07 0.23885
0.000000439 0.23893
4.41E-07 0.23902
4.43E-07 0.2391
0.000000445 0.23918
4.47E-07 0.23927
4.49E-07 0.23935
0.000000451 0.23943
4.52E-07 0.23952
4.54E-07 0.2396
4.56E-07 0.23968
4.58E-07 0.23977
4.6E-07 0.23985
0.000000462 0.23993
4.63E-07 0.24002
0.000000465 0.2401
4.67E-07 0.24018
4.69E-07 0.24027
0.000000471 0.24035
4.73E-07 0.24043
0.000000474 0.24052
4.76E-07 0.2406
4.78E-07 0.24069
0.00000048 0.24077
4.82E-07 0.24085
4.84E-07 0.24094
4.86E-07 0.24102
4.87E-07 0.24111
4.89E-07 0.24119
0.000000491 0.24127
4.93E-07 0.24136
4.95E-07 0.24144
0.000000497 0.24153
4.99E-07 0.24161
0.0000005 0.2417
5.02E-07 0.24178
5.04E-07 0.24186
0.000000506 0.24195
5.08E-07 0.24203
5.1E-07 0.24212
0.000000512 0.2422
5.13E-07 0.24229
5.15E-07 0.24237
5.17E-07 0.24246
5.19E-07 0.24254
5.21E-07 0.24263
0.000000523 0.24271
5.25E-07 0.2428
0.000000526 0.24288
5.28E-07 0.24297
5.3E-07 0.24305
0.000000532 0.24314
5.34E-07 0.24322
5.36E-07 0.24331
0.000000538 0.24339
5.4E-07 0.24348
0.000000541 0.24356
5.43E-07 0.24365
5.45E-07 0.24373
5.47E-07 0.24382
5.49E-07 0.2439
5.51E-07 0.24399
5.53E-07 0.24407
0.000000555 0.24416
5.56E-07 0.24424
0.000000558 0.24433
5.6E-07 0.24441
5.62E-07 0.2445
0.000000564 0.24458
5.66E-07 0.24467
5.68E-07 0.24476
0.00000057 0.24484
5.71E-07 0.24493
0.000000573 0.24501
5.75E-07 0.2451
5.77E-07 0.24519
5.79E-07 0.24527
5.81E-07 0.24536
5.83E-07 0.24544
5.85E-07 0.24553
5.86E-07 0.24561
5.88E-07 0.2457
0.00000059 0.24579
5.92E-07 0.24587
5.94E-07 0.24596
0.000000596 0.24605
5.98E-07 0.24613
6E-07 0.24622
0.000000602 0.2463
6.03E-07 0.24639
0.000000605 0.24648
6.07E-07 0.24656
6.09E-07 0.24665
6.11E-07 0.24674
6.13E-07 0.24682
6.15E-07 0.24691
6.17E-07 0.247
0.000000619 0.24708
6.2E-07 0.24717
0.000000622 0.24726
6.24E-07 0.24734
6.26E-07 0.24743
0.000000628 0.24752
6.3E-07 0.2476
6.32E-07 0.24769
0.000000634 0.24778
6.36E-07 0.24786
0.000000637 0.24795
6.39E-07 0.24804
6.41E-07 0.24813
6.43E-07 0.24821
0.000000645 0.2483
6.47E-07 0.24839
6.49E-07 0.24847
0.000000651 0.24856
6.53E-07 0.24865
6.55E-07 0.24874
6.56E-07 0.24882
6.58E-07 0.24891
0.00000066 0.249
6.62E-07 0.24909
6.64E-07 0.24917
0.000000666 0.24926
6.68E-07 0.24935
6.7E-07 0.24944
6.72E-07 0.24952
6.74E-07 0.24961
6.76E-07 0.2497
0.000000677 0.24979
6.79E-07 0.24988
6.81E-07 0.24996
0.000000683 0.25005
6.85E-07 0.25014
6.87E-07 0.25023
0.000000689 0.25032
6.91E-07 0.2504
6.93E-07 0.25049
0.000000695 0.25058
6.97E-07 0.25067
0.000000698 0.25076
7E-07 0.25085
7.02E-07 0.25093
7.04E-07 0.25102
7.06E-07 0.25111
7.08E-07 0.2512
7.1E-07 0.25129
0.000000712 0.25138
7.14E-07 0.25146
7.16E-07 0.25155
0.000000718 0.25164
7.2E-07 0.25173
7.22E-07 0.25182
7.23E-07 0.25191
7.25E-07 0.252
0.000000727 0.25209
7.29E-07 0.25217
7.31E-07 0.25226
7.33E-07 0.25235
7.35E-07 0.25244
7.37E-07 0.25253
7.39E-07 0.25262
0.000000741 0.25271
7.43E-07 0.2528
7.45E-07 0.25289
0.000000747 0.25298
7.48E-07 0.25307
0.00000075 0.25315
7.52E-07 0.25324
7.54E-07 0.25333
0.000000756 0.25342
7.58E-07 0.25351
7.6E-07 0.2536
0.000000762 0.25369
7.64E-07 0.25378
7.66E-07 0.25387
7.68E-07 0.25396
0.00000077 0.25405
7.72E-07 0.25414
7.74E-07 0.25423
0.000000776 0.25432
7.77E-07 0.25441
0.000000779 0.2545
7.81E-07 0.25459
7.83E-07 0.25468
0.000000785 0.25477
7.87E-07 0.25486
7.89E-07 0.25495
0.000000791 0.25504
7.93E-07 0.25513
7.95E-07 0.25522
7.97E-07 0.25531
7.99E-07 0.2554
8.01E-07 0.25549
8.03E-07 0.25558
0.000000805 0.25567
8.07E-07 0.25576
8.09E-07 0.25585
8.1E-07 0.25594
8.12E-07 0.25603
0.000000814 0.25612
8.16E-07 0.25621
8.18E-07 0.25631
0.00000082 0.2564
8.22E-07 0.25649
8.24E-07 0.25658
0.000000826 0.25667
8.28E-07 0.25676
8.3E-07 0.25685
8.32E-07 0.25694
0.000000834 0.25703
8.36E-07 0.25712
8.38E-07 0.25721
0.00000084 0.25731
8.42E-07 0.2574
8.44E-07 0.25749
0.000000846 0.25758
8.48E-07 0.25767
8.5E-07 0.25776
8.51E-07 0.25785
8.53E-07 0.25794
0.000000855 0.25804
8.57E-07 0.25813
8.59E-07 0.25822
8.61E-07 0.25831
0.000000863 0.2584
8.65E-07 0.25849
8.67E-07 0.25859
0.000000869 0.25868
8.71E-07 0.25877
8.73E-07 0.25886
0.000000875 0.25895
8.77E-07 0.25904
8.79E-07 0.25914
0.000000881 0.25923
8.83E-07 0.25932
8.85E-07 0.25941
0.000000887 0.2595
8.89E-07 0.2596
8.91E-07 0.25969
8.93E-07 0.25978
0.000000895 0.25987
8.97E-07 0.25997
8.99E-07 0.26006
0.000000901 0.26015
9.03E-07 0.26024
9.05E-07 0.26033
9.06E-07 0.26043
9.08E-07 0.26052
0.00000091 0.26061
9.12E-07 0.2607
9.14E-07 0.2608
0.000000916 0.26089
9.18E-07 0.26098
9.2E-07 0.26108
9.22E-07 0.26117
9.24E-07 0.26126
9.26E-07 0.26135
9.28E-07 0.26145
0.00000093 0.26154
9.32E-07 0.26163
9.34E-07 0.26173
0.000000936 0.26182
9.38E-07 0.26191
9.4E-07 0.26201
0.000000942 0.2621
9.44E-07 0.26219
9.46E-07 0.26229
0.000000948 0.26238
9.5E-07 0.26247
9.52E-07 0.26257
9.54E-07 0.26266
9.56E-07 0.26275
9.58E-07 0.26285
9.6E-07 0.26294
0.000000962 0.26303
9.64E-07 0.26313
9.66E-07 0.26322
0.000000968 0.26331
9.7E-07 0.26341
9.72E-07 0.2635
0.000000974 0.2636
9.76E-07 0.26369
9.78E-07 0.26378
0.00000098 0.26388
9.82E-07 0.26397
9.84E-07 0.26407
9.86E-07 0.26416
9.88E-07 0.26425
9.9E-07 0.26435
9.92E-07 0.26444
0.000000994 0.26454
9.96E-07 0.26463
9.98E-07 0.26473
0.000001 0.26482
0.000001002 0.26492
0.000001004 0.26501
0.000001006 0.2651
0.000001008 0.2652
0.00000101 0.26529
0.000001012 0.26539
0.000001014 0.26548
0.000001016 0.26558
0.000001018 0.26567
0.00000102 0.26577
0.000001022 0.26586
0.000001024 0.26596
0.000001026 0.26605
0.000001028 0.26615
0.00000103 0.26624
0.000001032 0.26634
0.000001034 0.26643
0.000001036 0.26653
0.000001038 0.26662
0.00000104 0.26672
0.000001042 0.26681
0.000001044 0.26691
0.000001046 0.267
0.000001048 0.2671
0.00000105 0.26719
0.000001052 0.26729
0.000001054 0.26739
0.000001056 0.26748
0.000001058 0.26758
0.00000106 0.26767
0.000001062 0.26777
0.000001064 0.26786
0.000001066 0.26796
0.000001068 0.26806
0.00000107 0.26815
0.000001072 0.26825
0.000001074 0.26834
0.000001076 0.26844
0.000001078 0.26854
0.00000108 0.26863
0.000001082 0.26873
0.000001084 0.26882
0.000001086 0.26892
0.000001088 0.26902
0.00000109 0.26911
0.000001092 0.26921
0.000001094 0.26931
0.000001096 0.2694
0.000001098 0.2695
0.0000011 0.2696
0.000001102 0.26969
0.000001104 0.26979
0.000001106 0.26989
0.000001108 0.26998
0.00000111 0.27008
0.000001112 0.27018
0.000001114 0.27027
0.000001116 0.27037
0.000001118 0.27047
0.00000112 0.27056
0.000001122 0.27066
0.000001124 0.27076
0.000001126 0.27085
0.000001128 0.27095
0.000001131 0.27105
0.000001133 0.27115
0.000001135 0.27124
0.000001137 0.27134
0.000001139 0.27144
0.000001141 0.27154
0.000001143 0.27163
0.000001145 0.27173
0.000001147 0.27183
0.000001149 0.27193
0.000001151 0.27202
0.000001153 0.27212
0.000001155 0.27222
0.000001157 0.27232
0.000001159 0.27241
0.000001161 0.27251
0.000001163 0.27261
0.000001165 0.27271
0.000001167 0.27281
0.000001169 0.2729
0.000001171 0.273
0.000001173 0.2731
0.000001175 0.2732
0.000001177 0.2733
0.000001179 0.27339
0.000001181 0.27349
0.000001183 0.27359
0.000001185 0.27369
0.000001187 0.27379
0.00000119 0.27389
0.000001192 0.27398
0.000001194 0.27408
0.000001196 0.27418
0.000001198 0.27428
0.0000012 0.27438
0.000001202 0.27448
0.000001204 0.27458
0.000001206 0.27468
0.000001208 0.27477
0.00000121 0.27487
0.000001212 0.27497
0.000001214 0.27507
0.000001216 0.27517
0.000001218 0.27527
0.00000122 0.27537
0.000001222 0.27547
0.000001224 0.27557
0.000001226 0.27567
0.000001228 0.27576
0.00000123 0.27586
0.000001232 0.27596
0.000001235 0.27606
0.000001237 0.27616
0.000001239 0.27626
0.000001241 0.27636
0.000001243 0.27646
0.000001245 0.27656
0.000001247 0.27666
0.000001249 0.27676
0.000001251 0.27686
0.000001253 0.27696
0.000001255 0.27706
0.000001257 0.27716
0.000001259 0.27726
0.000001261 0.27736
0.000001263 0.27746
0.000001265 0.27756
0.000001267 0.27766
0.000001269 0.27776
0.000001272 0.27786
0.000001274 0.27796
0.000001276 0.27806
0.000001278 0.27816
0.00000128 0.27826
0.000001282 0.27836
0.000001284 0.27846
0.000001286 0.27856
0.000001288 0.27866
0.00000129 0.27876
0.000001292 0.27886
0.000001294 0.27897
0.000001296 0.27907
0.000001298 0.27917
0.0000013 0.27927
0.000001303 0.27937
0.000001305 0.27947
0.000001307 0.27957
0.000001309 0.27967
0.000001311 0.27977
0.000001313 0.27987
0.000001315 0.27997
0.000001317 0.28008
0.000001319 0.28018
0.000001321 0.28028
0.000001323 0.28038
0.000001325 0.28048
0.000001327 0.28058
0.000001329 0.28068
0.000001331 0.28079
0.000001334 0.28089
0.000001336 0.28099
0.000001338 0.28109
0.00000134 0.28119
0.000001342 0.28129
0.000001344 0.2814
0.000001346 0.2815
0.000001348 0.2816
0.00000135 0.2817
0.000001352 0.2818
0.000001354 0.28191
0.000001356 0.28201
0.000001358 0.28211
0.000001361 0.28221
0.000001363 0.28231
0.000001365 0.28242
0.000001367 0.28252
0.000001369 0.28262
0.000001371 0.28272
0.000001373 0.28283
0.000001375 0.28293
0.000001377 0.28303
0.000001379 0.28313
0.000001381 0.28324
0.000001383 0.28334
0.000001386 0.28344
0.000001388 0.28354
0.00000139 0.28365
0.000001392 0.28375
0.000001394 0.28385
0.000001396 0.28396
0.000001398 0.28406
0.0000014 0.28416
0.000001402 0.28426
0.000001404 0.28437
0.000001406 0.28447
0.000001408 0.28457
0.000001411 0.28468
0.000001413 0.28478
0.000001415 0.28488
0.000001417 0.28499
0.000001419 0.28509
0.000001421 0.28519
0.000001423 0.2853
0.000001425 0.2854
0.000001427 0.2855
0.000001429 0.28561
0.000001431 0.28571
0.000001434 0.28582
0.000001436 0.28592
0.000001438 0.28602
0.00000144 0.28613
0.000001442 0.28623
0.000001444 0.28634
0.000001446 0.28644
0.000001448 0.28654
0.00000145 0.28665
0.000001452 0.28675
0.000001455 0.28686
0.000001457 0.28696
0.000001459 0.28706
0.000001461 0.28717
0.000001463 0.28727
0.000001465 0.28738
0.000001467 0.28748
0.000001469 0.28759
0.000001471 0.28769
0.000001473 0.2878
0.000001476 0.2879
0.000001478 0.28801
0.00000148 0.28811
0.000001482 0.28822
0.000001484 0.28832
0.000001486 0.28843
0.000001488 0.28853
0.00000149 0.28864
0.000001492 0.28874
0.000001495 0.28885
0.000001497 0.28895
0.000001499 0.28906
0.000001501 0.28916
0.000001503 0.28927
0.000001505 0.28937
0.000001507 0.28948
0.000001509 0.28958
0.000001511 0.28969
0.000001513 0.28979
0.000001516 0.2899
0.000001518 0.29001
0.00000152 0.29011
0.000001522 0.29022
0.000001524 0.29032
0.000001526 0.29043
0.000001528 0.29053
0.00000153 0.29064
0.000001533 0.29075
0.000001535 0.29085
0.000001537 0.29096
0.000001539 0.29106
0.000001541 0.29117
0.000001543 0.29128
0.000001545 0.29138
0.000001547 0.29149
0.000001549 0.2916
0.000001552 0.2917
0.000001554 0.29181
0.000001556 0.29192
0.000001558 0.29202
0.00000156 0.29213
0.000001562 0.29223
0.000001564 0.29234
0.000001566 0.29245
0.000001569 0.29256
0.000001571 0.29266
0.000001573 0.29277
0.000001575 0.29288
0.000001577 0.29298
0.000001579 0.29309
0.000001581 0.2932
0.000001583 0.2933
0.000001585 0.29341
0.000001588 0.29352
0.00000159 0.29363
0.000001592 0.29373
0.000001594 0.29384
0.000001596 0.29395
0.000001598 0.29406
0.0000016 0.29416
0.000001602 0.29427
0.000001605 0.29438
0.000001607 0.29449
0.000001609 0.29459
0.000001611 0.2947
0.000001613 0.29481
0.000001615 0.29492
0.000001617 0.29502
0.00000162 0.29513
0.000001622 0.29524
0.000001624 0.29535
0.000001626 0.29546
0.000001628 0.29557
0.00000163 0.29567
0.000001632 0.29578
0.000001634 0.29589
0.000001637 0.296
0.000001639 0.29611
0.000001641 0.29622
0.000001643 0.29632
0.000001645 0.29643
0.000001647 0.29654
0.000001649 0.29665
0.000001652 0.29676
0.000001654 0.29687
0.000001656 0.29698
0.000001658 0.29708
0.00000166 0.29719
0.000001662 0.2973
0.000001664 0.29741
0.000001667 0.29752
0.000001669 0.29763
0.000001671 0.29774
0.000001673 0.29785
0.000001675 0.29796
0.000001677 0.29807
0.000001679 0.29818
0.000001681 0.29829
0.000001684 0.29839
0.000001686 0.2985
0.000001688 0.29861
0.00000169 0.29872
0.000001692 0.29883
0.000001694 0.29894
0.000001696 0.29905
0.000001699 0.29916
0.000001701 0.29927
0.000001703 0.29938
0.000001705 0.29949
0.000001707 0.2996
0.000001709 0.29971
0.000001712 0.29982
0.000001714 0.29993
0.000001716 0.30004
0.000001718 0.30015
0.00000172 0.30026
0.000001722 0.30037
0.000001724 0.30048
0.000001727 0.30059
0.000001729 0.3007
0.000001731 0.30082
0.000001733 0.30093
0.000001735 0.30104
0.000001737 0.30115
0.000001739 0.30126
0.000001742 0.30137
0.000001744 0.30148
0.000001746 0.30159
0.000001748 0.3017
0.00000175 0.30181
0.000001752 0.30192
0.000001755 0.30203
0.000001757 0.30215
0.000001759 0.30226
0.000001761 0.30237
0.000001763 0.30248
0.000001765 0.30259
0.000001767 0.3027
0.00000177 0.30281
0.000001772 0.30292
0.000001774 0.30304
0.000001776 0.30315
0.000001778 0.30326
0.00000178 0.30337
0.000001783 0.30348
0.000001785 0.30359
0.000001787 0.30371
0.000001789 0.30382
0.000001791 0.30393
0.000001793 0.30404
0.000001796 0.30415
0.000001798 0.30427
0.0000018 0.30438
0.000001802 0.30449
0.000001804 0.3046
0.000001806 0.30472
0.000001809 0.30483
0.000001811 0.30494
0.000001813 0.30505
0.000001815 0.30517
0.000001817 0.30528
0.000001819 0.30539
0.000001822 0.3055
0.000001824 0.30562
0.000001826 0.30573
0.000001828 0.30584
0.00000183 0.30595
0.000001832 0.30607
0.000001835 0.30618
0.000001837 0.30629
0.000001839 0.30641
0.000001841 0.30652
0.000001843 0.30663
0.000001845 0.30675
0.000001848 0.30686
0.00000185 0.30697
0.000001852 0.30709
0.000001854 0.3072
0.000001856 0.30731
0.000001858 0.30743
0.000001861 0.30754
0.000001863 0.30765
0.000001865 0.30777
0.000001867 0.30788
0.000001869 0.308
0.000001871 0.30811
0.000001874 0.30822
0.000001876 0.30834
0.000001878 0.30845
0.00000188 0.30857
0.000001882 0.30868
0.000001885 0.30879
0.000001887 0.30891
0.000001889 0.30902
0.000001891 0.30914
0.000001893 0.30925
0.000001895 0.30936
0.000001898 0.30948
0.0000019 0.30959
0.000001902 0.30971
0.000001904 0.30982
0.000001906 0.30994
0.000001909 0.31005
0.000001911 0.31017
0.000001913 0.31028
0.000001915 0.3104
0.000001917 0.31051
0.000001919 0.31063
0.000001922 0.31074
0.000001924 0.31086
0.000001926 0.31097
0.000001928 0.31109
0.00000193 0.3112
0.000001933 0.31132
0.000001935 0.31143
0.000001937 0.31155
0.000001939 0.31166
0.000001941 0.31178
0.000001943 0.3119
0.000001946 0.31201
0.000001948 0.31213
0.00000195 0.31224
0.000001952 0.31236
0.000001954 0.31247
0.000001957 0.31259
0.000001959 0.31271
0.000001961 0.31282
0.000001963 0.31296
0.000004405 0.31296