0.0000E+00   1.62447
1.0067E-09   1.62502
2.0137E-09   1.62558
3.0212E-09   1.62613
4.0290E-09   1.62669
5.0372E-09   1.62724
6.0457E-09   1.62780
7.0547E-09   1.62835
8.0640E-09   1.62891
9.0737E-09   1.62946
1.0084E-08   1.63002
1.1094E-08   1.63058
1.2105E-08   1.63113
1.3116E-08   1.63169
1.4128E-08   1.63225
1.5140E-08   1.63280
1.6152E-08   1.63336
1.7165E-08   1.63392
1.8178E-08   1.63448
1.9191E-08   1.63504
2.0205E-08   1.63559
2.1219E-08   1.63615
2.2234E-08   1.63671
2.3249E-08   1.63727
2.4264E-08   1.63783
2.5280E-08   1.63839
2.6296E-08   1.63895
2.7313E-08   1.63951
2.8329E-08   1.64007
2.9347E-08   1.64063
3.0364E-08   1.64119
3.1382E-08   1.64175
3.2401E-08   1.64231
3.3419E-08   1.64288
3.4438E-08   1.64344
3.5458E-08   1.64400
3.6478E-08   1.64456
3.7498E-08   1.64512
3.8518E-08   1.64569
3.9539E-08   1.64625
4.0561E-08   1.64681
4.1582E-08   1.64738
4.2605E-08   1.64794
4.3627E-08   1.64851
4.4650E-08   1.64907
4.5673E-08   1.64963
4.6697E-08   1.65020
4.7721E-08   1.65076
4.8745E-08   1.65133
4.9770E-08   1.65189
5.0795E-08   1.65246
5.1820E-08   1.65303
5.2846E-08   1.65359
5.3872E-08   1.65416
5.4899E-08   1.65472
5.5926E-08   1.65529
5.6953E-08   1.65586
5.7981E-08   1.65643
5.9009E-08   1.65699
6.0037E-08   1.65756
6.1066E-08   1.65813
6.2095E-08   1.65870
6.3124E-08   1.65927
6.4154E-08   1.65984
6.5185E-08   1.66040
6.6215E-08   1.66097
6.7246E-08   1.66154
6.8278E-08   1.66211
6.9309E-08   1.66268
7.0342E-08   1.66325
7.1374E-08   1.66382
7.2407E-08   1.66439
7.3440E-08   1.66497
7.4474E-08   1.66554
7.5508E-08   1.66611
7.6542E-08   1.66668
7.7577E-08   1.66725
7.8612E-08   1.66782
7.9647E-08   1.66840
8.0683E-08   1.66897
8.1719E-08   1.66954
8.2756E-08   1.67011
8.3793E-08   1.67069
8.4830E-08   1.67126
8.5868E-08   1.67184
8.6906E-08   1.67241
8.7944E-08   1.67298
8.8983E-08   1.67356
9.0022E-08   1.67413
9.1062E-08   1.67471
9.2102E-08   1.67528
9.3142E-08   1.67586
9.4183E-08   1.67644
9.5224E-08   1.67701
9.6265E-08   1.67759
9.7307E-08   1.67816
9.8349E-08   1.67874
9.9391E-08   1.67932
1.0043E-07   1.67990
1.0148E-07   1.68047
1.0252E-07   1.68105
1.0356E-07   1.68163
1.0461E-07   1.68221
1.0565E-07   1.68279
1.0670E-07   1.68337
1.0774E-07   1.68394
1.0879E-07   1.68452
1.0984E-07   1.68510
1.1088E-07   1.68568
1.1193E-07   1.68626
1.1298E-07   1.68684
1.1402E-07   1.68742
1.1507E-07   1.68800
1.1612E-07   1.68859
1.1717E-07   1.68917
1.1822E-07   1.68975
1.1927E-07   1.69033
1.2032E-07   1.69091
1.2137E-07   1.69149
1.2242E-07   1.69208
1.2347E-07   1.69266
1.2452E-07   1.69324
1.2557E-07   1.69383
1.2662E-07   1.69441
1.2768E-07   1.69499
1.2873E-07   1.69558
1.2978E-07   1.69616
1.3083E-07   1.69675
1.3189E-07   1.69733
1.3294E-07   1.69792
1.3400E-07   1.69850
1.3505E-07   1.69909
1.3611E-07   1.69967
1.3716E-07   1.70026
1.3822E-07   1.70084
1.3928E-07   1.70143
1.4033E-07   1.70202
1.4139E-07   1.70260
1.4245E-07   1.70319
1.4350E-07   1.70378
1.4456E-07   1.70437
1.4562E-07   1.70496
1.4668E-07   1.70554
1.4774E-07   1.70613
1.4880E-07   1.70672
1.4986E-07   1.70731
1.5092E-07   1.70790
1.5198E-07   1.70849
1.5304E-07   1.70908
1.5410E-07   1.70967
1.5516E-07   1.71026
1.5623E-07   1.71085
1.5729E-07   1.71144
1.5835E-07   1.71203
1.5941E-07   1.71262
1.6048E-07   1.71321
1.6154E-07   1.71381
1.6261E-07   1.71440
1.6367E-07   1.71499
1.6474E-07   1.71558
1.6580E-07   1.71618
1.6687E-07   1.71677
1.6793E-07   1.71736
1.6900E-07   1.71796
1.7007E-07   1.71855
1.7113E-07   1.71914
1.7220E-07   1.71974
1.7327E-07   1.72033
1.7434E-07   1.72093
1.7540E-07   1.72152
1.7647E-07   1.72212
1.7754E-07   1.72271
1.7861E-07   1.72331
1.7968E-07   1.72391
1.8075E-07   1.72450
1.8182E-07   1.72510
1.8289E-07   1.72570
1.8397E-07   1.72629
1.8504E-07   1.72689
1.8611E-07   1.72749
1.8718E-07   1.72809
1.8826E-07   1.72868
1.8933E-07   1.72928
1.9040E-07   1.72988
1.9148E-07   1.73048
1.9255E-07   1.73108
1.9363E-07   1.73168
1.9470E-07   1.73228
1.9578E-07   1.73288
1.9685E-07   1.73348
1.9793E-07   1.73408
1.9900E-07   1.73468
2.0008E-07   1.73528
2.0116E-07   1.73588
2.0223E-07   1.73648
2.0331E-07   1.73709
2.0439E-07   1.73769
2.0547E-07   1.73829
2.0655E-07   1.73889
2.0763E-07   1.73950
2.0871E-07   1.74010
2.0979E-07   1.74070
2.1087E-07   1.74131
2.1195E-07   1.74191
2.1303E-07   1.74251
2.1411E-07   1.74312
2.1519E-07   1.74372
2.1627E-07   1.74433
2.1736E-07   1.74493
2.1844E-07   1.74554
2.1952E-07   1.74614
2.2061E-07   1.74675
2.2169E-07   1.74736
2.2277E-07   1.74796
2.2386E-07   1.74857
2.2494E-07   1.74918
2.2603E-07   1.74978
2.2711E-07   1.75039
2.2820E-07   1.75100
2.2929E-07   1.75161
2.3037E-07   1.75221
2.3146E-07   1.75282
2.3255E-07   1.75343
2.3364E-07   1.75404
2.3472E-07   1.75465
2.3581E-07   1.75526
2.3690E-07   1.75587
2.3799E-07   1.75648
2.3908E-07   1.75709
2.4017E-07   1.75770
2.4126E-07   1.75831
2.4235E-07   1.75892
2.4344E-07   1.75953
2.4453E-07   1.76015
2.4562E-07   1.76076
2.4672E-07   1.76137
2.4781E-07   1.76198
2.4890E-07   1.76260
2.4999E-07   1.76321
2.5109E-07   1.76382
2.5218E-07   1.76444
2.5327E-07   1.76505
2.5437E-07   1.76566
2.5546E-07   1.76628
2.5656E-07   1.76689
2.5765E-07   1.76751
2.5875E-07   1.76812
2.5985E-07   1.76874
2.6094E-07   1.76935
2.6204E-07   1.76997
2.6314E-07   1.77059
2.6423E-07   1.77120
2.6533E-07   1.77182
2.6643E-07   1.77244
2.6753E-07   1.77305
2.6863E-07   1.77367
2.6973E-07   1.77429
2.7082E-07   1.77491
2.7192E-07   1.77552
2.7302E-07   1.77614
2.7413E-07   1.77676
2.7523E-07   1.77738
2.7633E-07   1.77800
2.7743E-07   1.77862
2.7853E-07   1.77924
2.7963E-07   1.77986
2.8074E-07   1.78048
2.8184E-07   1.78110
2.8294E-07   1.78172
2.8405E-07   1.78234
2.8515E-07   1.78297
2.8625E-07   1.78359
2.8736E-07   1.78421
2.8846E-07   1.78483
2.8957E-07   1.78545
2.9068E-07   1.78608
2.9178E-07   1.78670
2.9289E-07   1.78732
2.9399E-07   1.78795
2.9510E-07   1.78857
2.9621E-07   1.78920
2.9732E-07   1.78982
2.9843E-07   1.79045
2.9953E-07   1.79107
3.0064E-07   1.79170
3.0175E-07   1.79232
3.0286E-07   1.79295
3.0397E-07   1.79357
3.0508E-07   1.79420
3.0619E-07   1.79483
3.0730E-07   1.79545
3.0841E-07   1.79608
3.0953E-07   1.79671
3.1064E-07   1.79734
3.1175E-07   1.79796
3.1286E-07   1.79859
3.1397E-07   1.79922
3.1509E-07   1.79985
3.1620E-07   1.80048
3.1732E-07   1.80111
3.1843E-07   1.80174
3.1954E-07   1.80237
3.2066E-07   1.80300
3.2177E-07   1.80363
3.2289E-07   1.80426
3.2401E-07   1.80489
3.2512E-07   1.80552
3.2624E-07   1.80615
3.2736E-07   1.80678
3.2847E-07   1.80742
3.2959E-07   1.80805
3.3071E-07   1.80868
3.3183E-07   1.80931
3.3295E-07   1.80995
3.3407E-07   1.81058
3.3518E-07   1.81122
3.3630E-07   1.81185
3.3742E-07   1.81248
3.3854E-07   1.81312
3.3967E-07   1.81375
3.4079E-07   1.81439
3.4191E-07   1.81502
3.4303E-07   1.81566
3.4415E-07   1.81630
3.4527E-07   1.81693
3.4640E-07   1.81757
3.4752E-07   1.81820
3.4864E-07   1.81884
3.4977E-07   1.81948
3.5089E-07   1.82012
3.5202E-07   1.82075
3.5314E-07   1.82139
3.5426E-07   1.82203
3.5539E-07   1.82267
3.5652E-07   1.82331
3.5764E-07   1.82395
3.5877E-07   1.82459
3.5990E-07   1.82523
3.6102E-07   1.82587
3.6215E-07   1.82651
3.6328E-07   1.82715
3.6441E-07   1.82779
3.6553E-07   1.82843
3.6666E-07   1.82907
3.6779E-07   1.82971
3.6892E-07   1.83036
3.7005E-07   1.83100
3.7118E-07   1.83164
3.7231E-07   1.83228
3.7344E-07   1.83293
3.7457E-07   1.83357
3.7570E-07   1.83422
3.7684E-07   1.83486
3.7797E-07   1.83550
3.7910E-07   1.83615
3.8023E-07   1.83679
3.8137E-07   1.83744
3.8250E-07   1.83808
3.8363E-07   1.83873
3.8477E-07   1.83938
3.8590E-07   1.84002
3.8704E-07   1.84067
3.8817E-07   1.84131
3.8931E-07   1.84196
3.9044E-07   1.84261
3.9158E-07   1.84326
3.9271E-07   1.84390
3.9385E-07   1.84455
3.9499E-07   1.84520
3.9613E-07   1.84585
3.9726E-07   1.84650
3.9840E-07   1.84715
3.9954E-07   1.84780
4.0068E-07   1.84845
4.0182E-07   1.84910
4.0296E-07   1.84975
4.0410E-07   1.85040
4.0524E-07   1.85105
4.0638E-07   1.85170
4.0752E-07   1.85235
4.0866E-07   1.85301
4.0980E-07   1.85366
4.1094E-07   1.85431
4.1208E-07   1.85496
4.1322E-07   1.85562
4.1437E-07   1.85627
4.1551E-07   1.85692
4.1665E-07   1.85758
4.1780E-07   1.85823
4.1894E-07   1.85889
4.2008E-07   1.85954
4.2123E-07   1.86020
4.2237E-07   1.86085
4.2352E-07   1.86151
4.2466E-07   1.86216
4.2581E-07   1.86282
4.2696E-07   1.86348
4.2810E-07   1.86413
4.2925E-07   1.86479
4.3040E-07   1.86545
4.3154E-07   1.86610
4.3269E-07   1.86676
4.3384E-07   1.86742
4.3499E-07   1.86808
4.3614E-07   1.86874
4.3729E-07   1.86940
4.3843E-07   1.87006
4.3958E-07   1.87072
4.4073E-07   1.87138
4.4188E-07   1.87204
4.4304E-07   1.87270
4.4419E-07   1.87336
4.4534E-07   1.87402
4.4649E-07   1.87468
4.4764E-07   1.87534
4.4879E-07   1.87600
4.4995E-07   1.87667
4.5110E-07   1.87733
4.5225E-07   1.87799
4.5341E-07   1.87865
4.5456E-07   1.87932
4.5571E-07   1.87998
4.5687E-07   1.88065
4.5802E-07   1.88131
4.5918E-07   1.88197
4.6033E-07   1.88264
4.6149E-07   1.88330
4.6265E-07   1.88397
4.6380E-07   1.88464
4.6496E-07   1.88530
4.6612E-07   1.88597
4.6727E-07   1.88663
4.6843E-07   1.88730
4.6959E-07   1.88797
4.7075E-07   1.88864
4.7191E-07   1.88930
4.7306E-07   1.88997
4.7422E-07   1.89064
4.7538E-07   1.89131
4.7654E-07   1.89198
4.7770E-07   1.89265
4.7886E-07   1.89332
4.8002E-07   1.89399
4.8119E-07   1.89466
4.8235E-07   1.89533
4.8351E-07   1.89600
4.8467E-07   1.89667
4.8583E-07   1.89734
4.8700E-07   1.89801
4.8816E-07   1.89868
4.8932E-07   1.89936
4.9049E-07   1.90003
4.9165E-07   1.90070
4.9281E-07   1.90137
4.9398E-07   1.90205
4.9514E-07   1.90272
4.9631E-07   1.90339
4.9747E-07   1.90407
4.9864E-07   1.90474
4.9981E-07   1.90542
5.0097E-07   1.90609
5.0214E-07   1.90677
5.0331E-07   1.90744
5.0447E-07   1.90812
5.0564E-07   1.90880
5.0681E-07   1.90947
5.0798E-07   1.91015
5.0915E-07   1.91083
5.1032E-07   1.91151
5.1149E-07   1.91218
5.1266E-07   1.91286
5.1383E-07   1.91354
5.1500E-07   1.91422
5.1617E-07   1.91490
5.1734E-07   1.91558
5.1851E-07   1.91626
5.1968E-07   1.91694
5.2085E-07   1.91762
5.2202E-07   1.91830
5.2320E-07   1.91898
5.2437E-07   1.91966
5.2554E-07   1.92034
5.2671E-07   1.92102
5.2789E-07   1.92170
5.2906E-07   1.92239
5.3024E-07   1.92307
5.3141E-07   1.92375
5.3259E-07   1.92443
5.3376E-07   1.92512
5.3494E-07   1.92580
5.3611E-07   1.92649
5.3729E-07   1.92717
5.3847E-07   1.92785
5.3964E-07   1.92854
5.4082E-07   1.92923
5.4200E-07   1.92991
5.4317E-07   1.93060
5.4435E-07   1.93128
5.4553E-07   1.93197
5.4671E-07   1.93266
5.4789E-07   1.93334
5.4907E-07   1.93403
5.5025E-07   1.93472
5.5143E-07   1.93541
5.5261E-07   1.93609
5.5379E-07   1.93678
5.5497E-07   1.93747
5.5615E-07   1.93816
5.5733E-07   1.93885
5.5851E-07   1.93954
5.5969E-07   1.94023
5.6088E-07   1.94092
5.6206E-07   1.94161
5.6324E-07   1.94230
5.6442E-07   1.94299
5.6561E-07   1.94369
5.6679E-07   1.94438
5.6798E-07   1.94507
5.6916E-07   1.94576
5.7034E-07   1.94646
5.7153E-07   1.94715
5.7271E-07   1.94784
5.7390E-07   1.94854
5.7509E-07   1.94923
5.7627E-07   1.94992
5.7746E-07   1.95062
5.7865E-07   1.95131
5.7983E-07   1.95201
5.8102E-07   1.95271
5.8221E-07   1.95340
5.8340E-07   1.95410
5.8458E-07   1.95479
5.8577E-07   1.95549
5.8696E-07   1.95619
5.8815E-07   1.95689
5.8934E-07   1.95758
5.9053E-07   1.95828
5.9172E-07   1.95898
5.9291E-07   1.95968
5.9410E-07   1.96038
5.9529E-07   1.96108
5.9648E-07   1.96178
5.9767E-07   1.96248
5.9887E-07   1.96318
6.0006E-07   1.96388
6.0125E-07   1.96458
6.0244E-07   1.96528
6.0364E-07   1.96598
6.0483E-07   1.96668
6.0602E-07   1.96738
6.0722E-07   1.96809
6.0841E-07   1.96879
6.0961E-07   1.96949
6.1080E-07   1.97020
6.1200E-07   1.97090
6.1319E-07   1.97160
6.1439E-07   1.97231
6.1558E-07   1.97301
6.1678E-07   1.97372
6.1798E-07   1.97442
6.1917E-07   1.97513
6.2037E-07   1.97583
6.2157E-07   1.97654
6.2277E-07   1.97725
6.2396E-07   1.97795
6.2516E-07   1.97866
6.2636E-07   1.97937
6.2756E-07   1.98008
6.2876E-07   1.98078
6.2996E-07   1.98149
6.3116E-07   1.98220
6.3236E-07   1.98291
6.3356E-07   1.98362
6.3476E-07   1.98433
6.3596E-07   1.98504
6.3716E-07   1.98575
6.3836E-07   1.98646
6.3957E-07   1.98717
6.4077E-07   1.98788
6.4197E-07   1.98859
6.4317E-07   1.98930
6.4438E-07   1.99002
6.4558E-07   1.99073
6.4678E-07   1.99144
6.4799E-07   1.99215
6.4919E-07   1.99287
6.5040E-07   1.99358
6.5160E-07   1.99430
6.5281E-07   1.99501
6.5401E-07   1.99572
6.5522E-07   1.99644
6.5642E-07   1.99715
6.5763E-07   1.99787
6.5883E-07   1.99859
6.6004E-07   1.99930
6.6125E-07   2.00002
6.6246E-07   2.00074
6.6366E-07   2.00145
6.6487E-07   2.00217
6.6608E-07   2.00289
6.6729E-07   2.00361
6.6850E-07   2.00432
6.6971E-07   2.00504
6.7092E-07   2.00576
6.7213E-07   2.00648
6.7334E-07   2.00720
6.7455E-07   2.00792
6.7576E-07   2.00864
6.7697E-07   2.00936
6.7818E-07   2.01008
6.7939E-07   2.01080
6.8060E-07   2.01153
6.8181E-07   2.01225
6.8303E-07   2.01297
6.8424E-07   2.01369
6.8545E-07   2.01442
6.8666E-07   2.01514
6.8788E-07   2.01586
6.8909E-07   2.01659
6.9031E-07   2.01731
6.9152E-07   2.01804
6.9273E-07   2.01876
6.9395E-07   2.01949
6.9516E-07   2.02021
6.9638E-07   2.02094
6.9759E-07   2.02166
6.9881E-07   2.02239
7.0003E-07   2.02312
7.0124E-07   2.02384
7.0246E-07   2.02457
7.0368E-07   2.02530
7.0489E-07   2.02603
7.0611E-07   2.02675
7.0733E-07   2.02748
7.0855E-07   2.02821
7.0977E-07   2.02894
7.1099E-07   2.02967
7.1220E-07   2.03040
7.1342E-07   2.03113
7.1464E-07   2.03186
7.1586E-07   2.03259
7.1708E-07   2.03332
7.1830E-07   2.03406
7.1952E-07   2.03479
7.2075E-07   2.03552
7.2197E-07   2.03625
7.2319E-07   2.03699
7.2441E-07   2.03772
7.2563E-07   2.03845
7.2685E-07   2.03919
7.2808E-07   2.03992
7.2930E-07   2.04066
7.3052E-07   2.04139
7.3175E-07   2.04213
7.3297E-07   2.04286
7.3419E-07   2.04360
7.3542E-07   2.04433
7.3664E-07   2.04507
7.3787E-07   2.04581
7.3909E-07   2.04654
7.4032E-07   2.04728
7.4154E-07   2.04802
7.4277E-07   2.04876
7.4400E-07   2.04950
7.4522E-07   2.05024
7.4645E-07   2.05097
7.4768E-07   2.05171
7.4890E-07   2.05245
7.5013E-07   2.05319
7.5136E-07   2.05393
7.5259E-07   2.05468
7.5382E-07   2.05542
7.5505E-07   2.05616
7.5627E-07   2.05690
7.5750E-07   2.05764
7.5873E-07   2.05838
7.5996E-07   2.05913
7.6119E-07   2.05987
7.6242E-07   2.06061
7.6365E-07   2.06136
7.6488E-07   2.06210
7.6612E-07   2.06285
7.6735E-07   2.06359
7.6858E-07   2.06434
7.6981E-07   2.06508
7.7104E-07   2.06583
7.7228E-07   2.06657
7.7351E-07   2.06732
7.7474E-07   2.06807
7.7597E-07   2.06881
7.7721E-07   2.06956
7.7844E-07   2.07031
7.7968E-07   2.07106
7.8091E-07   2.07181
7.8215E-07   2.07255
7.8338E-07   2.07330
7.8462E-07   2.07405
7.8585E-07   2.07480
7.8709E-07   2.07555
7.8832E-07   2.07630
7.8956E-07   2.07705
7.9080E-07   2.07781
7.9203E-07   2.07856
7.9327E-07   2.07931
7.9451E-07   2.08006
7.9574E-07   2.08081
7.9698E-07   2.08157
7.9822E-07   2.08232
7.9946E-07   2.08307
8.0070E-07   2.08383
8.0194E-07   2.08458
8.0318E-07   2.08534
8.0442E-07   2.08609
8.0565E-07   2.08685
8.0689E-07   2.08760
8.0814E-07   2.08836
8.0938E-07   2.08911
8.1062E-07   2.08987
8.1186E-07   2.09063
8.1310E-07   2.09138
8.1434E-07   2.09214
8.1558E-07   2.09290
8.1682E-07   2.09366
8.1807E-07   2.09442
8.1931E-07   2.09518
8.2055E-07   2.09593
8.2180E-07   2.09669
8.2304E-07   2.09745
8.2428E-07   2.09821
8.2553E-07   2.09897
8.2677E-07   2.09974
8.2802E-07   2.10050
8.2926E-07   2.10126
8.3050E-07   2.10202
8.3175E-07   2.10278
8.3300E-07   2.10355
8.3424E-07   2.10431
8.3549E-07   2.10507
8.3673E-07   2.10584
8.3798E-07   2.10660
8.3923E-07   2.10736
8.4047E-07   2.10813
8.4172E-07   2.10889
8.4297E-07   2.10966
8.4422E-07   2.11043
8.4546E-07   2.11119
8.4671E-07   2.11196
8.4796E-07   2.11272
8.4921E-07   2.11349
8.5046E-07   2.11426
8.5171E-07   2.11503
8.5296E-07   2.11580
8.5421E-07   2.11656
8.5546E-07   2.11733
8.5671E-07   2.11810
8.5796E-07   2.11887
8.5921E-07   2.11964
8.6046E-07   2.12041
8.6171E-07   2.12118
8.6297E-07   2.12195
8.6422E-07   2.12272
8.6547E-07   2.12350
8.6672E-07   2.12427
8.6797E-07   2.12504
8.6923E-07   2.12581
8.7048E-07   2.12659
8.7173E-07   2.12736
8.7299E-07   2.12813
8.7424E-07   2.12891
8.7550E-07   2.12968
8.7675E-07   2.13046
8.7801E-07   2.13123
8.7926E-07   2.13201
8.8052E-07   2.13278
8.8177E-07   2.13356
8.8303E-07   2.13433
8.8428E-07   2.13511
8.8554E-07   2.13589
8.8680E-07   2.13667
8.8805E-07   2.13744
8.8931E-07   2.13822
8.9057E-07   2.13900
8.9182E-07   2.13978
8.9308E-07   2.14056
8.9434E-07   2.14134
8.9560E-07   2.14212
8.9686E-07   2.14290
8.9812E-07   2.14368
8.9937E-07   2.14446
9.0063E-07   2.14524
9.0189E-07   2.14602
9.0315E-07   2.14681
9.0441E-07   2.14759
9.0567E-07   2.14837
9.0693E-07   2.14915
9.0819E-07   2.14994
9.0946E-07   2.15072
9.1072E-07   2.15151
9.1198E-07   2.15229
9.1324E-07   2.15308
9.1450E-07   2.15386
9.1576E-07   2.15465
9.1703E-07   2.15543
9.1829E-07   2.15622
9.1955E-07   2.15701
9.2082E-07   2.15779
9.2208E-07   2.15858
9.2334E-07   2.15937
9.2461E-07   2.16016
9.2587E-07   2.16094
9.2713E-07   2.16173
9.2840E-07   2.16252
9.2966E-07   2.16331
9.3093E-07   2.16410
9.3220E-07   2.16489
9.3346E-07   2.16568
9.3473E-07   2.16647
9.3599E-07   2.16727
9.3726E-07   2.16806
9.3853E-07   2.16885
9.3979E-07   2.16964
9.4106E-07   2.17043
9.4233E-07   2.17123
9.4359E-07   2.17202
9.4486E-07   2.17281
9.4613E-07   2.17361
9.4740E-07   2.17440
9.4867E-07   2.17520
9.4994E-07   2.17599
9.5121E-07   2.17679
9.5247E-07   2.17759
9.5374E-07   2.17838
9.5501E-07   2.17918
9.5628E-07   2.17998
9.5755E-07   2.18077
9.5882E-07   2.18157
9.6010E-07   2.18237
9.6137E-07   2.18317
9.6264E-07   2.18397
9.6391E-07   2.18477
9.6518E-07   2.18556
9.6645E-07   2.18636
9.6772E-07   2.18716
9.6900E-07   2.18797
9.7027E-07   2.18877
9.7154E-07   2.18957
9.7282E-07   2.19037
9.7409E-07   2.19117
9.7536E-07   2.19197
9.7664E-07   2.19278
9.7791E-07   2.19358
9.7918E-07   2.19438
9.8046E-07   2.19519
9.8173E-07   2.19599
9.8301E-07   2.19680
9.8428E-07   2.19760
9.8556E-07   2.19841
9.8683E-07   2.19921
9.8811E-07   2.20002
9.8939E-07   2.20083
9.9066E-07   2.20163
9.9194E-07   2.20244
9.9322E-07   2.20325
9.9449E-07   2.20406
9.9577E-07   2.20486
9.9705E-07   2.20567
9.9833E-07   2.20648
9.9960E-07   2.20729
1.0009E-06   2.20810
1.0022E-06   2.20891
1.0034E-06   2.20972
1.0047E-06   2.21053
1.0060E-06   2.21134
1.0073E-06   2.21216
1.0086E-06   2.21297
1.0098E-06   2.21378
1.0111E-06   2.21459
1.0124E-06   2.21541
1.0137E-06   2.21622
1.0150E-06   2.21703
1.0162E-06   2.21785
1.0175E-06   2.21866
1.0188E-06   2.21948
1.0201E-06   2.22029
1.0214E-06   2.22111
1.0226E-06   2.22192
1.0239E-06   2.22274
1.0252E-06   2.22356
1.0265E-06   2.22437
1.0278E-06   2.22519
1.0291E-06   2.22601
1.0303E-06   2.22683
1.0316E-06   2.22765
1.0329E-06   2.22847
1.0342E-06   2.22928
1.0355E-06   2.23010
1.0368E-06   2.23092
1.0381E-06   2.23174
1.0393E-06   2.23257
1.0406E-06   2.23339
1.0419E-06   2.23421
1.0432E-06   2.23503
1.0445E-06   2.23585
1.0458E-06   2.23668
1.0471E-06   2.23750
1.0483E-06   2.23832
1.0496E-06   2.23915
1.0509E-06   2.23997
1.0522E-06   2.24080
1.0535E-06   2.24162
1.0548E-06   2.24245
1.0561E-06   2.24327
1.0574E-06   2.24410
1.0586E-06   2.24492
1.0599E-06   2.24575
1.0612E-06   2.24658
1.0625E-06   2.24741
1.0638E-06   2.24823
1.0651E-06   2.24906
1.0664E-06   2.24989
1.0677E-06   2.25072
1.0690E-06   2.25155
1.0702E-06   2.25238
1.0715E-06   2.25321
1.0728E-06   2.25404
1.0741E-06   2.25487
1.0754E-06   2.25570
1.0767E-06   2.25653
1.0780E-06   2.25737
1.0793E-06   2.25820
1.0806E-06   2.25903
1.0819E-06   2.25987
1.0832E-06   2.26070
1.0845E-06   2.26153
1.0857E-06   2.26237
1.0870E-06   2.26320
1.0883E-06   2.26404
1.0896E-06   2.26487
1.0909E-06   2.26571
1.0922E-06   2.26655
1.0935E-06   2.26738
1.0948E-06   2.26822
1.0961E-06   2.26906
1.0974E-06   2.26989
1.0987E-06   2.27073
1.1000E-06   2.27157
1.1013E-06   2.27241
1.1026E-06   2.27325
1.1039E-06   2.27409
1.1052E-06   2.27493
1.1065E-06   2.27577
1.1078E-06   2.27661
1.1091E-06   2.27745
1.1104E-06   2.27829
1.1117E-06   2.27914
1.1130E-06   2.27998
1.1143E-06   2.28082
1.1155E-06   2.28166
1.1168E-06   2.28251
1.1181E-06   2.28335
1.1194E-06   2.28420
1.1207E-06   2.28504
1.1220E-06   2.28589
1.1233E-06   2.28673
1.1246E-06   2.28758
1.1259E-06   2.28842
1.1272E-06   2.28927
1.1285E-06   2.29012
1.1298E-06   2.29097
1.1311E-06   2.29181
1.1324E-06   2.29266
1.1337E-06   2.29351
1.1350E-06   2.29436
1.1363E-06   2.29521
1.1376E-06   2.29606
1.1389E-06   2.29691
1.1403E-06   2.29776
1.1416E-06   2.29861
1.1429E-06   2.29946
1.1442E-06   2.30031
1.1455E-06   2.30117
1.1468E-06   2.30202
1.1481E-06   2.30287
1.1494E-06   2.30372
1.1507E-06   2.30458
1.1520E-06   2.30543
1.1533E-06   2.30629
1.1546E-06   2.30714
1.1559E-06   2.30800
1.1572E-06   2.30885
1.1585E-06   2.30971
1.1598E-06   2.31057
1.1611E-06   2.31142
1.1624E-06   2.31228
1.1637E-06   2.31314
1.1650E-06   2.31399
1.1663E-06   2.31485
1.1676E-06   2.31571
1.1689E-06   2.31657
1.1703E-06   2.31743
1.1716E-06   2.31829
1.1703E-06   2.31848
1.1733E-06   2.31848
1.1763E-06   2.31848
1.1793E-06   2.31848
1.1823E-06   2.31848
1.1853E-06   2.31848
1.1883E-06   2.31848
1.1913E-06   2.31848
1.1943E-06   2.31848
1.1973E-06   2.31848
1.2003E-06   2.31848
1.2033E-06   2.31848
1.2063E-06   2.31848
1.2093E-06   2.31848
1.2123E-06   2.31848
1.2153E-06   2.31848
1.2183E-06   2.31848
1.2213E-06   2.31848
1.2243E-06   2.31848
1.2273E-06   2.31848
1.2303E-06   2.31848
1.2333E-06   2.31848
1.2363E-06   2.31848
1.2394E-06   2.31848
1.2424E-06   2.31848
1.2454E-06   2.31848
1.2484E-06   2.31848
1.2514E-06   2.31848
1.2544E-06   2.31848
1.2574E-06   2.31848
1.2604E-06   2.31848
1.2634E-06   2.31848
1.2664E-06   2.31848
1.2694E-06   2.31848
1.2724E-06   2.31848
1.2754E-06   2.31848
1.2784E-06   2.31848
1.2814E-06   2.31848
1.2844E-06   2.31848
1.2874E-06   2.31848
1.2904E-06   2.31848
1.2934E-06   2.31848
1.2964E-06   2.31848
1.2994E-06   2.31848
1.3024E-06   2.31848
1.3054E-06   2.31848
1.3085E-06   2.31848
1.3115E-06   2.31848
1.3145E-06   2.31848
1.3175E-06   2.31848
1.3205E-06   2.31848
1.3235E-06   2.31848
1.3265E-06   2.31848
1.3295E-06   2.31848
1.3325E-06   2.31848
1.3355E-06   2.31848
1.3385E-06   2.31848
1.3415E-06   2.31848
1.3445E-06   2.31848
1.3475E-06   2.31848
1.3505E-06   2.31848
1.3535E-06   2.31848
1.3565E-06   2.31848
1.3595E-06   2.31848
1.3625E-06   2.31848
1.3655E-06   2.31848
1.3685E-06   2.31848
1.3715E-06   2.31848
1.3745E-06   2.31848
1.3776E-06   2.31848
1.3806E-06   2.31848
1.3836E-06   2.31848
1.3866E-06   2.31848
1.3896E-06   2.31848
1.3926E-06   2.31848
1.3956E-06   2.31848
1.3986E-06   2.31848
1.4016E-06   2.31848
1.4046E-06   2.31848
1.4076E-06   2.31848
1.4106E-06   2.31848
1.4136E-06   2.31848
1.4166E-06   2.31848
1.4196E-06   2.31848
1.4226E-06   2.31848
1.4256E-06   2.31848
1.4286E-06   2.31848
1.4316E-06   2.31848
1.4346E-06   2.31848
1.4376E-06   2.31848
1.4406E-06   2.31848
1.4436E-06   2.31848
1.4466E-06   2.31848
1.4497E-06   2.31848
1.4527E-06   2.31848
1.4557E-06   2.31848
1.4587E-06   2.31848
1.4617E-06   2.31848
1.4647E-06   2.31848
1.4677E-06   2.31848
1.4707E-06   2.31848
1.4737E-06   2.31848
1.4767E-06   2.31848
1.4797E-06   2.31848
1.4827E-06   2.31848
1.4857E-06   2.31848
1.4887E-06   2.31848
1.4917E-06   2.31848
1.4947E-06   2.31848
1.4977E-06   2.31848
1.5007E-06   2.31848
1.5037E-06   2.31848
1.5067E-06   2.31848
1.5097E-06   2.31848
1.5127E-06   2.31848
1.5157E-06   2.31848
1.5188E-06   2.31848
1.5218E-06   2.31848
1.5248E-06   2.31848
1.5278E-06   2.31848
1.5308E-06   2.31848
1.5338E-06   2.31848
1.5368E-06   2.31848
1.5398E-06   2.31848
1.5428E-06   2.31848
1.5458E-06   2.31848
1.5488E-06   2.31848
1.5518E-06   2.31848
1.5548E-06   2.31848
1.5578E-06   2.31848
1.5608E-06   2.31848
1.5638E-06   2.31848
1.5668E-06   2.31848
1.5698E-06   2.31848
1.5728E-06   2.31848
1.5758E-06   2.31848
1.5788E-06   2.31848
1.5818E-06   2.31848
1.5848E-06   2.31848
1.5879E-06   2.31848
1.5909E-06   2.31848
1.5939E-06   2.31848
1.5969E-06   2.31848
1.5999E-06   2.31848
1.6029E-06   2.31848
1.6059E-06   2.31848
1.6089E-06   2.31848
1.6119E-06   2.31848
1.6149E-06   2.31848
1.6179E-06   2.31848
1.6209E-06   2.31848
1.6239E-06   2.31848
1.6269E-06   2.31848
1.6299E-06   2.31848
1.6329E-06   2.31848
1.6359E-06   2.31848
1.6389E-06   2.31848
1.6419E-06   2.31848
1.6449E-06   2.31848
1.6479E-06   2.31848
1.6509E-06   2.31848
1.6539E-06   2.31848
1.6570E-06   2.31848
1.6600E-06   2.31848
1.6630E-06   2.31848
1.6660E-06   2.31848
1.6690E-06   2.31848
1.6720E-06   2.31848
1.6750E-06   2.31848
1.6780E-06   2.31848
1.6810E-06   2.31848
1.6840E-06   2.31848
1.6870E-06   2.31848
1.6900E-06   2.31848
1.6930E-06   2.31848
1.6960E-06   2.31848
1.6990E-06   2.31848
1.7020E-06   2.31848
1.7050E-06   2.31848
1.7080E-06   2.31848
1.7110E-06   2.31848
1.7140E-06   2.31848
1.7170E-06   2.31848
1.7200E-06   2.31848
1.7230E-06   2.31848
1.7260E-06   2.31848
1.7291E-06   2.31848
1.7321E-06   2.31848
1.7351E-06   2.31848
1.7381E-06   2.31848
1.7411E-06   2.31848
1.7441E-06   2.31848
1.7471E-06   2.31848
1.7501E-06   2.31848
1.7531E-06   2.31848
1.7561E-06   2.31848
1.7591E-06   2.31848
1.7621E-06   2.31848
1.7651E-06   2.31848
1.7681E-06   2.31848
1.7711E-06   2.31848
1.7741E-06   2.31848
1.7771E-06   2.31848
1.7801E-06   2.31848
1.7831E-06   2.31848
1.7861E-06   2.31848
1.7891E-06   2.31848
1.7921E-06   2.31848
1.7951E-06   2.31848
1.7982E-06   2.31848
1.8012E-06   2.31848
1.8042E-06   2.31848
1.8072E-06   2.31848
1.8102E-06   2.31848
1.8132E-06   2.31848
1.8162E-06   2.31848
1.8192E-06   2.31848
1.8222E-06   2.31848
1.8252E-06   2.31848
1.8282E-06   2.31848
1.8312E-06   2.31848
1.8342E-06   2.31848
1.8372E-06   2.31848
1.8402E-06   2.31848
1.8432E-06   2.31848
1.8462E-06   2.31848
1.8492E-06   2.31848
1.8522E-06   2.31848
1.8552E-06   2.31848
1.8582E-06   2.31848
1.8612E-06   2.31848
1.8642E-06   2.31848
1.8673E-06   2.31848
1.8703E-06   2.31848
1.8733E-06   2.31848
1.8763E-06   2.31848
1.8793E-06   2.31848
1.8823E-06   2.31848
1.8853E-06   2.31848
1.8883E-06   2.31848
1.8913E-06   2.31848
1.8943E-06   2.31848
1.8973E-06   2.31848
1.9003E-06   2.31848
1.9033E-06   2.31848
1.9063E-06   2.31848
1.9093E-06   2.31848
1.9123E-06   2.31848
1.9153E-06   2.31848
1.9183E-06   2.31848
1.9213E-06   2.31848
1.9243E-06   2.31848
1.9273E-06   2.31848
1.9303E-06   2.31848
1.9333E-06   2.31848
1.9364E-06   2.31848
1.9394E-06   2.31848
1.9424E-06   2.31848
1.9454E-06   2.31848
1.9484E-06   2.31848
1.9514E-06   2.31848
1.9544E-06   2.31848
1.9574E-06   2.31848
1.9604E-06   2.31848
1.9634E-06   2.31848
1.9664E-06   2.31848
1.9694E-06   2.31848
1.9724E-06   2.31848
1.9754E-06   2.31848
1.9784E-06   2.31848
1.9814E-06   2.31848
1.9844E-06   2.31848
1.9874E-06   2.31848
1.9904E-06   2.31848
1.9934E-06   2.31848
1.9964E-06   2.31848
1.9994E-06   2.31848
2.0024E-06   2.31848
2.0054E-06   2.31848
2.0085E-06   2.31848
2.0115E-06   2.31848
2.0145E-06   2.31848
2.0175E-06   2.31848
2.0205E-06   2.31848
2.0235E-06   2.31848
2.0265E-06   2.31848
2.0295E-06   2.31848
2.0325E-06   2.31848
2.0355E-06   2.31848
2.0385E-06   2.31848
2.0415E-06   2.31848
2.0445E-06   2.31848
2.0475E-06   2.31848
2.0505E-06   2.31848
2.0535E-06   2.31848
2.0565E-06   2.31848
2.0595E-06   2.31848
2.0625E-06   2.31848
2.0655E-06   2.31848
2.0685E-06   2.31848
2.0715E-06   2.31848
2.0745E-06   2.31848
2.0776E-06   2.31848
2.0806E-06   2.31848
2.0836E-06   2.31848
2.0866E-06   2.31848
2.0896E-06   2.31848
2.0926E-06   2.31848
2.0956E-06   2.31848
2.0986E-06   2.31848
2.1016E-06   2.31848
2.1046E-06   2.31848
2.1076E-06   2.31848
2.1106E-06   2.31848
2.1136E-06   2.31848
2.1166E-06   2.31848
2.1196E-06   2.31848
2.1226E-06   2.31848
2.1256E-06   2.31848
2.1286E-06   2.31848
2.1316E-06   2.31848
2.1346E-06   2.31848
2.1376E-06   2.31848
2.1406E-06   2.31848
2.1436E-06   2.31848
2.1467E-06   2.31848
2.1497E-06   2.31848
2.1527E-06   2.31848
2.1557E-06   2.31848
2.1587E-06   2.31848
2.1617E-06   2.31848
2.1647E-06   2.31848
2.1677E-06   2.31848
2.1707E-06   2.31848
2.1737E-06   2.31848
2.1767E-06   2.31848
2.1797E-06   2.31848
2.1827E-06   2.31848
2.1857E-06   2.31848
2.1887E-06   2.31848
2.1917E-06   2.31848
2.1947E-06   2.31848
2.1977E-06   2.31848
2.2007E-06   2.31848
2.2037E-06   2.31848
2.2067E-06   2.31848
2.2097E-06   2.31848
2.2127E-06   2.31848
2.2158E-06   2.31848
2.2188E-06   2.31848
2.2218E-06   2.31848
2.2248E-06   2.31848
2.2278E-06   2.31848
2.2308E-06   2.31848
2.2338E-06   2.31848
2.2368E-06   2.31848
2.2398E-06   2.31848
2.2428E-06   2.31848
2.2458E-06   2.31848
2.2488E-06   2.31848
2.2518E-06   2.31848
2.2548E-06   2.31848
2.2578E-06   2.31848
2.2608E-06   2.31848
2.2638E-06   2.31848
2.2668E-06   2.31848
2.2698E-06   2.31848
2.2728E-06   2.31848
2.2758E-06   2.31848
2.2788E-06   2.31848
2.2818E-06   2.31848
2.2848E-06   2.31848
2.2879E-06   2.31848
2.2909E-06   2.31848
2.2939E-06   2.31848
2.2969E-06   2.31848
2.2999E-06   2.31848
2.3029E-06   2.31848
2.3059E-06   2.31848
2.3089E-06   2.31848
2.3119E-06   2.31848
2.3149E-06   2.31848
2.3179E-06   2.31848
2.3209E-06   2.31848
2.3239E-06   2.31848
2.3269E-06   2.31848
2.3299E-06   2.31848
2.3329E-06   2.31848
2.3359E-06   2.31848
2.3389E-06   2.31848
2.3419E-06   2.31848
2.3449E-06   2.31848
2.3479E-06   2.31848
2.3509E-06   2.31848
2.3539E-06   2.31848
2.3570E-06   2.31848
2.3600E-06   2.31848
2.3630E-06   2.31848
2.3660E-06   2.31848
2.3690E-06   2.31848
2.3720E-06   2.31848
2.3750E-06   2.31848
2.3780E-06   2.31848
2.3810E-06   2.31848
2.3840E-06   2.31848
2.3870E-06   2.31848
2.3900E-06   2.31848
2.3930E-06   2.31848
2.3960E-06   2.31848
2.3990E-06   2.31848
2.4020E-06   2.31848
2.4050E-06   2.31848
2.4080E-06   2.31848
2.4110E-06   2.31848
2.4140E-06   2.31848
2.4170E-06   2.31848
2.4200E-06   2.31848
2.4230E-06   2.31848
2.4261E-06   2.31848
2.4291E-06   2.31848
2.4321E-06   2.31848
2.4351E-06   2.31848
2.4381E-06   2.31848
2.4411E-06   2.31848
2.4441E-06   2.31848
2.4471E-06   2.31848
2.4501E-06   2.31848
2.4531E-06   2.31848
2.4561E-06   2.31848
2.4591E-06   2.31848
2.4621E-06   2.31848
2.4651E-06   2.31848
2.4681E-06   2.31848
2.4711E-06   2.31848
2.4741E-06   2.31848
2.4771E-06   2.31848
2.4801E-06   2.31848
2.4831E-06   2.31848
2.4861E-06   2.31848
2.4891E-06   2.31848
2.4921E-06   2.31848
2.4952E-06   2.31848
2.4982E-06   2.31848
2.5012E-06   2.31848
2.5042E-06   2.31848
2.5072E-06   2.31848
2.5102E-06   2.31848
2.5132E-06   2.31848
2.5162E-06   2.31848
2.5192E-06   2.31848
2.5222E-06   2.31848
2.5252E-06   2.31848
2.5282E-06   2.31848
2.5312E-06   2.31848
2.5342E-06   2.31848
2.5372E-06   2.31848
2.5402E-06   2.31848
2.5432E-06   2.31848
2.5462E-06   2.31848
2.5492E-06   2.31848
2.5522E-06   2.31848
2.5552E-06   2.31848
2.5582E-06   2.31848
2.5612E-06   2.31848
2.5642E-06   2.31848
2.5673E-06   2.31848
2.5703E-06   2.31848
2.5733E-06   2.31848
2.5763E-06   2.31848
2.5793E-06   2.31848
2.5823E-06   2.31848
2.5853E-06   2.31848
2.5883E-06   2.31848
2.5913E-06   2.31848
2.5943E-06   2.31848
2.5973E-06   2.31848
2.6003E-06   2.31848
2.6033E-06   2.31848
2.6063E-06   2.31848
2.6093E-06   2.31848
2.6123E-06   2.31848
2.6153E-06   2.31848
2.6183E-06   2.31848
2.6213E-06   2.31848
2.6243E-06   2.31848
2.6273E-06   2.31848
2.6303E-06   2.31848
2.6333E-06   2.31848
2.6364E-06   2.31848
2.6394E-06   2.31848
2.6424E-06   2.31848
2.6454E-06   2.31848
2.6484E-06   2.31848
2.6514E-06   2.31848
2.6544E-06   2.31848
2.6574E-06   2.31848
2.6604E-06   2.31848
2.6634E-06   2.31848
2.6664E-06   2.31848
2.6694E-06   2.31848
2.6724E-06   2.31848
2.6754E-06   2.31848
2.6784E-06   2.31848
2.6814E-06   2.31848
2.6844E-06   2.31848
2.6874E-06   2.31848
2.6904E-06   2.31848
2.6934E-06   2.31848
2.6964E-06   2.31848
2.6994E-06   2.31848
2.7024E-06   2.31848
2.7055E-06   2.31848
2.7085E-06   2.31848
2.7115E-06   2.31848
2.7145E-06   2.31848
2.7175E-06   2.31848
2.7205E-06   2.31848
2.7235E-06   2.31848
2.7265E-06   2.31848
2.7295E-06   2.31848
2.7325E-06   2.31848
2.7355E-06   2.31848
2.7385E-06   2.31848
2.7415E-06   2.31848
2.7445E-06   2.31848
2.7475E-06   2.31848
2.7505E-06   2.31848
2.7535E-06   2.31848
2.7565E-06   2.31848
2.7595E-06   2.31848
2.7625E-06   2.31848
2.7655E-06   2.31848
2.7685E-06   2.31848
2.7715E-06   2.31848
2.7746E-06   2.31848
2.7776E-06   2.31848
2.7806E-06   2.31848
2.7836E-06   2.31848
2.7866E-06   2.31848
2.7896E-06   2.31848
2.7926E-06   2.31848
2.7956E-06   2.31848
2.7986E-06   2.31848
2.8016E-06   2.31848
2.8046E-06   2.31848
2.8076E-06   2.31848
2.8106E-06   2.31848
2.8136E-06   2.31848
2.8166E-06   2.31848
2.8196E-06   2.31848
2.8226E-06   2.31848
2.8256E-06   2.31848
2.8286E-06   2.31848
2.8316E-06   2.31848
2.8346E-06   2.31848
2.8376E-06   2.31848
2.8406E-06   2.31848
2.8436E-06   2.31848
2.8467E-06   2.31848
2.8497E-06   2.31848
2.8527E-06   2.31848
2.8557E-06   2.31848
2.8587E-06   2.31848
2.8617E-06   2.31848
2.8647E-06   2.31848
2.8677E-06   2.31848
2.8707E-06   2.31848
2.8737E-06   2.31848
2.8767E-06   2.31848
2.8797E-06   2.31848
2.8827E-06   2.31848
2.8857E-06   2.31848
2.8887E-06   2.31848
2.8917E-06   2.31848
2.8947E-06   2.31848
2.8977E-06   2.31848
2.9007E-06   2.31848
2.9037E-06   2.31848
2.9067E-06   2.31848
2.9097E-06   2.31848
2.9127E-06   2.31848
2.9158E-06   2.31848
2.9188E-06   2.31848
2.9218E-06   2.31848
2.9248E-06   2.31848
2.9278E-06   2.31848
2.9308E-06   2.31848
2.9338E-06   2.31848
2.9368E-06   2.31848
2.9398E-06   2.31848
2.9428E-06   2.31848
2.9458E-06   2.31848
2.9488E-06   2.31848
2.9518E-06   2.31848
2.9548E-06   2.31848
2.9578E-06   2.31848
2.9608E-06   2.31848
2.9638E-06   2.31848
2.9668E-06   2.31848
2.9698E-06   2.31848
2.9728E-06   2.31848
2.9758E-06   2.31848
2.9788E-06   2.31848
2.9818E-06   2.31848
2.9849E-06   2.31848
2.9879E-06   2.31848
2.9909E-06   2.31848
2.9939E-06   2.31848
2.9969E-06   2.31848
2.9999E-06   2.31848
3.0029E-06   2.31848
3.0059E-06   2.31848
3.0089E-06   2.31848
3.0119E-06   2.31848
3.0149E-06   2.31848
3.0179E-06   2.31848
3.0209E-06   2.31848
3.0239E-06   2.31848
3.0269E-06   2.31848
3.0299E-06   2.31848
3.0329E-06   2.31848
3.0359E-06   2.31848
3.0389E-06   2.31848
3.0419E-06   2.31848
3.0449E-06   2.31848
3.0479E-06   2.31848
3.0509E-06   2.31848
3.0540E-06   2.31848
3.0570E-06   2.31848
3.0600E-06   2.31848
3.0630E-06   2.31848
3.0660E-06   2.31848
3.0690E-06   2.31848
3.0720E-06   2.31848
3.0750E-06   2.31848
3.0780E-06   2.31848
3.0810E-06   2.31848
3.0840E-06   2.31848
3.0870E-06   2.31848
3.0900E-06   2.31848
3.0930E-06   2.31848
3.0960E-06   2.31848
3.0990E-06   2.31848
3.1020E-06   2.31848
3.1050E-06   2.31848
3.1080E-06   2.31848
3.1110E-06   2.31848
3.1140E-06   2.31848
3.1170E-06   2.31848
3.1200E-06   2.31848
3.1230E-06   2.31848
3.1261E-06   2.31848
3.1291E-06   2.31848
3.1321E-06   2.31848
3.1351E-06   2.31848
3.1381E-06   2.31848
3.1411E-06   2.31848
3.1441E-06   2.31848
3.1471E-06   2.31848
3.1501E-06   2.31848
3.1531E-06   2.31848
3.1561E-06   2.31848
3.1591E-06   2.31848
3.1621E-06   2.31848
3.1651E-06   2.31848
3.1681E-06   2.31848
3.1711E-06   2.31848
3.1741E-06   2.31848
3.1771E-06   2.31848
3.1801E-06   2.31848
3.1831E-06   2.31848
3.1861E-06   2.31848
3.1891E-06   2.31848
3.1921E-06   2.31848
3.1952E-06   2.31848
3.1982E-06   2.31848
3.2012E-06   2.31848
3.2042E-06   2.31848
3.2072E-06   2.31848
3.2102E-06   2.31848
3.2132E-06   2.31848
3.2162E-06   2.31848
3.2192E-06   2.31848
3.2222E-06   2.31848
3.2252E-06   2.31848
3.2282E-06   2.31848
3.2312E-06   2.31848
3.2342E-06   2.31848
3.2372E-06   2.31848
3.2402E-06   2.31848
3.2432E-06   2.31848
3.2462E-06   2.31848
3.2492E-06   2.31848
3.2522E-06   2.31848
3.2552E-06   2.31848
3.2582E-06   2.31848
3.2612E-06   2.31848
3.2643E-06   2.31848
3.2673E-06   2.31848
3.2703E-06   2.31848
3.2733E-06   2.31848
3.2763E-06   2.31848
3.2793E-06   2.31848
3.2823E-06   2.31848
3.2853E-06   2.31848
3.2883E-06   2.31848
3.2913E-06   2.31848
3.2943E-06   2.31848
3.2973E-06   2.31848
3.3003E-06   2.31848
3.3033E-06   2.31848
3.3063E-06   2.31848
3.3093E-06   2.31848
3.3123E-06   2.31848
3.3153E-06   2.31848
3.3183E-06   2.31848
3.3213E-06   2.31848
3.3243E-06   2.31848
3.3273E-06   2.31848
3.3303E-06   2.31848
3.3334E-06   2.31848
3.3364E-06   2.31848
3.3394E-06   2.31848
3.3424E-06   2.31848
3.3454E-06   2.31848
3.3484E-06   2.31848
3.3514E-06   2.31848
3.3544E-06   2.31848
3.3574E-06   2.31848
3.3604E-06   2.31848
3.3634E-06   2.31848
3.3664E-06   2.31848
3.3694E-06   2.31848
3.3724E-06   2.31848
3.3754E-06   2.31848
3.3784E-06   2.31848
3.3814E-06   2.31848
3.3844E-06   2.31848
3.3874E-06   2.31848
3.3904E-06   2.31848
3.3934E-06   2.31848
3.3964E-06   2.31848
3.3994E-06   2.31848
3.4024E-06   2.31848
3.4055E-06   2.31848
3.4085E-06   2.31848
3.4115E-06   2.31848
3.4145E-06   2.31848
3.4175E-06   2.31848
3.4205E-06   2.31848
3.4235E-06   2.31848
3.4265E-06   2.31848
3.4295E-06   2.31848
3.4325E-06   2.31848
3.4355E-06   2.31848
3.4385E-06   2.31848
3.4415E-06   2.31848
3.4445E-06   2.31848
3.4475E-06   2.31848
3.4505E-06   2.31848
3.4535E-06   2.31848
3.4565E-06   2.31848
3.4595E-06   2.31848
3.4625E-06   2.31848
3.4655E-06   2.31848
3.4685E-06   2.31848
3.4715E-06   2.31848
3.4746E-06   2.31848
3.4776E-06   2.31848
3.4806E-06   2.31848
3.4836E-06   2.31848
3.4866E-06   2.31848
3.4896E-06   2.31848
3.4926E-06   2.31848
3.4956E-06   2.31848
3.4986E-06   2.31848
3.5016E-06   2.31848
3.5046E-06   2.31848
3.5076E-06   2.31848
3.5106E-06   2.31848
3.5136E-06   2.31848
3.5166E-06   2.31848
3.5196E-06   2.31848
3.5226E-06   2.31848
3.5256E-06   2.31848
3.5286E-06   2.31848
3.5316E-06   2.31848
3.5346E-06   2.31848
3.5376E-06   2.31848
3.5406E-06   2.31848
3.5437E-06   2.31848
3.5467E-06   2.31848
3.5497E-06   2.31848
3.5527E-06   2.31848
3.5557E-06   2.31848
3.5587E-06   2.31848
3.5617E-06   2.31848
3.5647E-06   2.31848
3.5677E-06   2.31848
3.5707E-06   2.31848
3.5737E-06   2.31848
3.5767E-06   2.31848
3.5797E-06   2.31848
3.5827E-06   2.31848
3.5857E-06   2.31848
3.5887E-06   2.31848
3.5917E-06   2.31848
3.5947E-06   2.31848
3.5977E-06   2.31848
3.6007E-06   2.31848
3.6037E-06   2.31848
3.6067E-06   2.31848
3.6097E-06   2.31848
3.6128E-06   2.31848