0 0.21929
1E-09 0.21937
2E-09 0.21944
3E-09 0.21952
4E-09 0.21959
5E-09 0.21967
6E-09 0.21974
8E-09 0.21982
9E-09 0.21989
1E-08 0.21997
1.1E-08 0.22004
1.2E-08 0.22012
1.3E-08 0.22019
1.4E-08 0.22027
1.5E-08 0.22034
0.000000016 0.22042
1.7E-08 0.22049
1.8E-08 0.22057
1.9E-08 0.22064
2E-08 0.22072
2.1E-08 0.2208
2.2E-08 0.22087
2.3E-08 0.22095
2.4E-08 0.22102
2.5E-08 0.2211
2.6E-08 0.22117
2.7E-08 0.22125
2.8E-08 0.22132
2.9E-08 0.2214
3E-08 0.22148
3.1E-08 0.22155
0.000000032 0.22163
3.3E-08 0.2217
3.4E-08 0.22178
3.5E-08 0.22185
3.6E-08 0.22193
3.7E-08 0.22201
3.8E-08 0.22208
3.9E-08 0.22216
4E-08 0.22223
4.1E-08 0.22231
4.2E-08 0.22239
4.3E-08 0.22246
4.4E-08 0.22254
4.5E-08 0.22261
4.6E-08 0.22269
4.7E-08 0.22277
0.000000048 0.22284
4.9E-08 0.22292
5E-08 0.223
5.1E-08 0.22307
5.2E-08 0.22315
5.3E-08 0.22322
5.4E-08 0.2233
5.5E-08 0.22338
5.6E-08 0.22345
5.7E-08 0.22353
5.8E-08 0.22361
5.9E-08 0.22368
6E-08 0.22376
6.2E-08 0.22384
6.3E-08 0.22391
6.4E-08 0.22399
6.5E-08 0.22407
6.6E-08 0.22414
6.7E-08 0.22422
6.8E-08 0.2243
6.9E-08 0.22437
7E-08 0.22445
7.1E-08 0.22453
7.2E-08 0.22461
7.3E-08 0.22468
7.4E-08 0.22476
7.5E-08 0.22484
7.6E-08 0.22491
7.7E-08 0.22499
7.8E-08 0.22507
7.9E-08 0.22515
8E-08 0.22522
8.1E-08 0.2253
8.2E-08 0.22538
8.3E-08 0.22545
8.4E-08 0.22553
8.5E-08 0.22561
8.6E-08 0.22569
8.7E-08 0.22576
8.8E-08 0.22584
8.9E-08 0.22592
9E-08 0.226
9.2E-08 0.22607
0.000000093 0.22615
9.4E-08 0.22623
9.5E-08 0.22631
9.6E-08 0.22639
9.7E-08 0.22646
9.8E-08 0.22654
9.9E-08 0.22662
1E-07 0.2267
1.01E-07 0.22677
0.000000102 0.22685
0.000000103 0.22693
1.04E-07 0.22701
0.000000105 0.22709
0.000000106 0.22717
1.07E-07 0.22724
1.08E-07 0.22732
0.000000109 0.2274
1.1E-07 0.22748
1.11E-07 0.22756
0.000000112 0.22763
0.000000113 0.22771
1.14E-07 0.22779
0.000000116 0.22787
1.17E-07 0.22795
0.000000118 0.22803
0.000000119 0.2281
1.2E-07 0.22818
0.000000121 0.22826
0.000000122 0.22834
1.23E-07 0.22842
1.24E-07 0.2285
0.000000125 0.22858
1.26E-07 0.22866
1.27E-07 0.22873
0.000000128 0.22881
0.000000129 0.22889
1.3E-07 0.22897
0.000000131 0.22905
0.000000132 0.22913
1.33E-07 0.22921
0.000000134 0.22929
1.36E-07 0.22937
0.000000137 0.22944
0.000000138 0.22952
1.39E-07 0.2296
1.4E-07 0.22968
0.000000141 0.22976
1.42E-07 0.22984
1.43E-07 0.22992
0.000000144 0.23
0.000000145 0.23008
1.46E-07 0.23016
0.000000147 0.23024
0.000000148 0.23032
1.49E-07 0.2304
0.00000015 0.23048
0.000000151 0.23055
1.52E-07 0.23063
0.000000154 0.23071
1.55E-07 0.23079
1.56E-07 0.23087
0.000000157 0.23095
1.58E-07 0.23103
1.59E-07 0.23111
0.00000016 0.23119
0.000000161 0.23127
1.62E-07 0.23135
0.000000163 0.23143
0.000000164 0.23151
1.65E-07 0.23159
0.000000166 0.23167
0.000000167 0.23175
1.68E-07 0.23183
0.000000169 0.23191
1.71E-07 0.23199
1.72E-07 0.23207
0.000000173 0.23215
1.74E-07 0.23223
1.75E-07 0.23231
0.000000176 0.23239
0.000000177 0.23247
1.78E-07 0.23255
0.000000179 0.23263
0.00000018 0.23272
1.81E-07 0.2328
0.000000182 0.23288
0.000000183 0.23296
1.84E-07 0.23304
0.000000186 0.23312
1.87E-07 0.2332
1.88E-07 0.23328
0.000000189 0.23336
0.00000019 0.23344
1.91E-07 0.23352
0.000000192 0.2336
0.000000193 0.23368
1.94E-07 0.23376
0.000000195 0.23385
0.000000196 0.23393
1.97E-07 0.23401
0.000000198 0.23409
0.000000199 0.23417
0.000000201 0.23425
0.000000202 0.23433
2.03E-07 0.23441
2.04E-07 0.23449
0.000000205 0.23458
0.000000206 0.23466
2.07E-07 0.23474
0.000000208 0.23482
0.000000209 0.2349
2.1E-07 0.23498
0.000000211 0.23506
0.000000212 0.23515
2.13E-07 0.23523
0.000000215 0.23531
2.16E-07 0.23539
2.17E-07 0.23547
0.000000218 0.23555
2.19E-07 0.23563
2.2E-07 0.23572
0.000000221 0.2358
0.000000222 0.23588
2.23E-07 0.23596
0.000000224 0.23604
0.000000225 0.23613
2.26E-07 0.23621
0.000000228 0.23629
2.29E-07 0.23637
0.00000023 0.23645
0.000000231 0.23654
2.32E-07 0.23662
2.33E-07 0.2367
0.000000234 0.23678
2.35E-07 0.23686
2.36E-07 0.23695
0.000000237 0.23703
0.000000238 0.23711
0.00000024 0.23719
0.000000241 0.23728
2.42E-07 0.23736
0.000000243 0.23744
0.000000244 0.23752
2.45E-07 0.23761
0.000000246 0.23769
0.000000247 0.23777
2.48E-07 0.23785
2.49E-07 0.23794
0.00000025 0.23802
2.52E-07 0.2381
0.000000253 0.23819
0.000000254 0.23827
2.55E-07 0.23835
0.000000256 0.23843
0.000000257 0.23852
2.58E-07 0.2386
0.000000259 0.23868
0.00000026 0.23877
2.61E-07 0.23885
0.000000263 0.23893
2.64E-07 0.23902
2.65E-07 0.2391
0.000000266 0.23918
2.67E-07 0.23927
2.68E-07 0.23935
0.000000269 0.23943
0.00000027 0.23952
2.71E-07 0.2396
0.000000272 0.23968
0.000000273 0.23977
0.000000275 0.23985
0.000000276 0.23993
2.77E-07 0.24002
0.000000278 0.2401
0.000000279 0.24018
2.8E-07 0.24027
2.81E-07 0.24035
0.000000282 0.24043
2.83E-07 0.24052
0.000000285 0.2406
0.000000286 0.24069
2.87E-07 0.24077
0.000000288 0.24085
0.000000289 0.24094
2.9E-07 0.24102
0.000000291 0.24111
0.000000292 0.24119
2.93E-07 0.24127
0.000000294 0.24136
2.96E-07 0.24144
2.97E-07 0.24153
0.000000298 0.24161
2.99E-07 0.2417
3E-07 0.24178
0.000000301 0.24186
0.000000302 0.24195
3.03E-07 0.24203
0.000000304 0.24212
3.06E-07 0.2422
0.000000307 0.24229
0.000000308 0.24237
3.09E-07 0.24246
0.00000031 0.24254
0.000000311 0.24263
3.12E-07 0.24271
3.13E-07 0.2428
0.000000314 0.24288
3.16E-07 0.24297
0.000000317 0.24305
0.000000318 0.24314
3.19E-07 0.24322
0.00000032 0.24331
0.000000321 0.24339
3.22E-07 0.24348
0.000000323 0.24356
0.000000324 0.24365
3.26E-07 0.24373
0.000000327 0.24382
3.28E-07 0.2439
3.29E-07 0.24399
0.00000033 0.24407
0.000000331 0.24416
3.32E-07 0.24424
0.000000333 0.24433
3.35E-07 0.24441
0.000000336 0.2445
0.000000337 0.24458
3.38E-07 0.24467
0.000000339 0.24476
0.00000034 0.24484
3.41E-07 0.24493
0.000000342 0.24501
3.44E-07 0.2451
3.45E-07 0.24519
0.000000346 0.24527
3.47E-07 0.24536
3.48E-07 0.24544
0.000000349 0.24553
0.00000035 0.24561
3.51E-07 0.2457
0.000000352 0.24579
3.54E-07 0.24587
0.000000355 0.24596
0.000000356 0.24605
3.57E-07 0.24613
3.58E-07 0.24622
0.000000359 0.2463
3.6E-07 0.24639
0.000000362 0.24648
0.000000363 0.24656
3.64E-07 0.24665
0.000000365 0.24674
0.000000366 0.24682
3.67E-07 0.24691
0.000000368 0.247
0.000000369 0.24708
0.000000371 0.24717
0.000000372 0.24726
3.73E-07 0.24734
3.74E-07 0.24743
0.000000375 0.24752
3.76E-07 0.2476
3.77E-07 0.24769
0.000000378 0.24778
3.8E-07 0.24786
0.000000381 0.24795
0.000000382 0.24804
3.83E-07 0.24813
0.000000384 0.24821
0.000000385 0.2483
3.86E-07 0.24839
0.000000388 0.24847
3.89E-07 0.24856
3.9E-07 0.24865
0.000000391 0.24874
3.92E-07 0.24882
3.93E-07 0.24891
0.000000394 0.249
0.000000395 0.24909
0.000000397 0.24917
0.000000398 0.24926
3.99E-07 0.24935
0.0000004 0.24944
0.000000401 0.24952
4.02E-07 0.24961
0.000000403 0.2497
4.05E-07 0.24979
4.06E-07 0.24988
0.000000407 0.24996
4.08E-07 0.25005
4.09E-07 0.25014
0.00000041 0.25023
0.000000411 0.25032
0.000000413 0.2504
0.000000414 0.25049
4.15E-07 0.25058
0.000000416 0.25067
0.000000417 0.25076
4.18E-07 0.25085
0.000000419 0.25093
4.21E-07 0.25102
4.22E-07 0.25111
0.000000423 0.2512
4.24E-07 0.25129
4.25E-07 0.25138
0.000000426 0.25146
0.000000427 0.25155
0.000000429 0.25164
0.00000043 0.25173
4.31E-07 0.25182
0.000000432 0.25191
0.000000433 0.252
4.34E-07 0.25209
0.000000435 0.25217
4.37E-07 0.25226
4.38E-07 0.25235
0.000000439 0.25244
4.4E-07 0.25253
4.41E-07 0.25262
0.000000442 0.25271
4.44E-07 0.2528
0.000000445 0.25289
0.000000446 0.25298
4.47E-07 0.25307
0.000000448 0.25315
0.000000449 0.25324
4.5E-07 0.25333
0.000000452 0.25342
4.53E-07 0.25351
4.54E-07 0.2536
0.000000455 0.25369
4.56E-07 0.25378
4.57E-07 0.25387
0.000000459 0.25396
4.6E-07 0.25405
0.000000461 0.25414
0.000000462 0.25423
4.63E-07 0.25432
0.000000464 0.25441
0.000000465 0.2545
4.67E-07 0.25459
0.000000468 0.25468
4.69E-07 0.25477
4.7E-07 0.25486
0.000000471 0.25495
0.000000472 0.25504
0.000000474 0.25513
0.000000475 0.25522
4.76E-07 0.25531
0.000000477 0.2554
0.000000478 0.25549
4.79E-07 0.25558
0.000000481 0.25567
4.82E-07 0.25576
4.83E-07 0.25585
0.000000484 0.25594
4.85E-07 0.25603
4.86E-07 0.25612
0.000000487 0.25621
4.89E-07 0.25631
0.00000049 0.2564
0.000000491 0.25649
4.92E-07 0.25658
0.000000493 0.25667
0.000000494 0.25676
0.000000496 0.25685
0.000000497 0.25694
4.98E-07 0.25703
4.99E-07 0.25712
0.0000005 0.25721
5.01E-07 0.25731
0.000000503 0.2574
0.000000504 0.25749
5.05E-07 0.25758
0.000000506 0.25767
0.000000507 0.25776
5.08E-07 0.25785
0.00000051 0.25794
5.11E-07 0.25804
0.000000512 0.25813
0.000000513 0.25822
5.14E-07 0.25831
5.15E-07 0.2584
5.17E-07 0.25849
5.18E-07 0.25859
0.000000519 0.25868
0.00000052 0.25877
5.21E-07 0.25886
0.000000523 0.25895
5.24E-07 0.25904
0.000000525 0.25914
0.000000526 0.25923
5.27E-07 0.25932
0.000000528 0.25941
5.3E-07 0.2595
5.31E-07 0.2596
0.000000532 0.25969
5.33E-07 0.25978
5.34E-07 0.25987
0.000000535 0.25997
5.37E-07 0.26006
0.000000538 0.26015
0.000000539 0.26024
5.4E-07 0.26033
0.000000541 0.26043
0.000000542 0.26052
0.000000544 0.26061
0.000000545 0.2607
5.46E-07 0.2608
5.47E-07 0.26089
0.000000548 0.26098
5.5E-07 0.26108
0.000000551 0.26117
0.000000552 0.26126
5.53E-07 0.26135
0.000000554 0.26145
0.000000555 0.26154
0.000000557 0.26163
0.000000558 0.26173
5.59E-07 0.26182
0.00000056 0.26191
0.000000561 0.26201
5.63E-07 0.2621
0.000000564 0.26219
5.65E-07 0.26229
5.66E-07 0.26238
0.000000567 0.26247
0.000000568 0.26257
0.00000057 0.26266
0.000000571 0.26275
5.72E-07 0.26285
0.000000573 0.26294
0.000000574 0.26303
0.000000576 0.26313
0.000000577 0.26322
5.78E-07 0.26331
5.79E-07 0.26341
0.00000058 0.2635
5.82E-07 0.2636
0.000000583 0.26369
0.000000584 0.26378
5.85E-07 0.26388
0.000000586 0.26397
0.000000587 0.26407
0.000000589 0.26416
0.00000059 0.26425
5.91E-07 0.26435
5.92E-07 0.26444
0.000000593 0.26454
5.95E-07 0.26463
0.000000596 0.26473
0.000000597 0.26482
5.98E-07 0.26492
0.000000599 0.26501
6.01E-07 0.2651
0.000000602 0.2652
0.000000603 0.26529
6.04E-07 0.26539
0.000000605 0.26548
6.07E-07 0.26558
0.000000608 0.26567
0.000000609 0.26577
6.1E-07 0.26586
6.11E-07 0.26596
6.13E-07 0.26605
6.14E-07 0.26615
0.000000615 0.26624
0.000000616 0.26634
6.17E-07 0.26643
0.000000618 0.26653
6.2E-07 0.26662
0.000000621 0.26672
0.000000622 0.26681
6.23E-07 0.26691
6.24E-07 0.267
6.26E-07 0.2671
6.27E-07 0.26719
0.000000628 0.26729
0.000000629 0.26739
6.3E-07 0.26748
0.000000632 0.26758
6.33E-07 0.26767
0.000000634 0.26777
0.000000635 0.26786
6.36E-07 0.26796
0.000000638 0.26806
6.39E-07 0.26815
6.4E-07 0.26825
0.000000641 0.26834
6.42E-07 0.26844
0.000000644 0.26854
0.000000645 0.26863
6.46E-07 0.26873
0.000000647 0.26882
0.000000648 0.26892
0.00000065 0.26902
0.000000651 0.26911
6.52E-07 0.26921
0.000000653 0.26931
6.55E-07 0.2694
6.56E-07 0.2695
0.000000657 0.2696
6.58E-07 0.26969
6.59E-07 0.26979
0.000000661 0.26989
6.62E-07 0.26998
0.000000663 0.27008
0.000000664 0.27018
6.65E-07 0.27027
0.000000667 0.27037
6.68E-07 0.27047
0.000000669 0.27056
0.00000067 0.27066
6.71E-07 0.27076
0.000000673 0.27085
6.74E-07 0.27095
6.75E-07 0.27105
0.000000676 0.27115
0.000000677 0.27124
0.000000679 0.27134
0.00000068 0.27144
6.81E-07 0.27154
0.000000682 0.27163
6.84E-07 0.27173
0.000000685 0.27183
0.000000686 0.27193
6.87E-07 0.27202
6.88E-07 0.27212
6.9E-07 0.27222
6.91E-07 0.27232
0.000000692 0.27241
0.000000693 0.27251
6.94E-07 0.27261
0.000000696 0.27271
6.97E-07 0.27281
0.000000698 0.2729
0.000000699 0.273
0.000000701 0.2731
0.000000702 0.2732
7.03E-07 0.2733
7.04E-07 0.27339
0.000000705 0.27349
7.07E-07 0.27359
0.000000708 0.27369
0.000000709 0.27379
7.1E-07 0.27389
0.000000711 0.27398
7.13E-07 0.27408
0.000000714 0.27418
0.000000715 0.27428
7.16E-07 0.27438
0.000000718 0.27448
7.19E-07 0.27458
7.2E-07 0.27468
0.000000721 0.27477
0.000000722 0.27487
0.000000724 0.27497
0.000000725 0.27507
7.26E-07 0.27517
0.000000727 0.27527
7.29E-07 0.27537
0.00000073 0.27547
0.000000731 0.27557
7.32E-07 0.27567
7.33E-07 0.27576
7.35E-07 0.27586
7.36E-07 0.27596
0.000000737 0.27606
0.000000738 0.27616
0.00000074 0.27626
0.000000741 0.27636
7.42E-07 0.27646
0.000000743 0.27656
7.45E-07 0.27666
0.000000746 0.27676
0.000000747 0.27686
7.48E-07 0.27696
0.000000749 0.27706
7.51E-07 0.27716
7.52E-07 0.27726
0.000000753 0.27736
7.54E-07 0.27746
0.000000756 0.27756
0.000000757 0.27766
7.58E-07 0.27776
0.000000759 0.27786
0.00000076 0.27796
0.000000762 0.27806
0.000000763 0.27816
7.64E-07 0.27826
7.65E-07 0.27836
7.67E-07 0.27846
7.68E-07 0.27856
0.000000769 0.27866
0.00000077 0.27876
0.000000772 0.27886
0.000000773 0.27897
7.74E-07 0.27907
0.000000775 0.27917
0.000000776 0.27927
0.000000778 0.27937
0.000000779 0.27947
7.8E-07 0.27957
7.81E-07 0.27967
7.83E-07 0.27977
7.84E-07 0.27987
0.000000785 0.27997
0.000000786 0.28008
0.000000788 0.28018
0.000000789 0.28028
7.9E-07 0.28038
0.000000791 0.28048
7.93E-07 0.28058
0.000000794 0.28068
0.000000795 0.28079
7.96E-07 0.28089
0.000000798 0.28099
7.99E-07 0.28109
8E-07 0.28119
0.000000801 0.28129
0.000000802 0.2814
0.000000804 0.2815
0.000000805 0.2816
8.06E-07 0.2817
0.000000807 0.2818
8.09E-07 0.28191
8.1E-07 0.28201
0.000000811 0.28211
8.12E-07 0.28221
0.000000814 0.28231
0.000000815 0.28242
8.16E-07 0.28252
0.000000817 0.28262
8.19E-07 0.28272
0.00000082 0.28283
0.000000821 0.28293
8.22E-07 0.28303
0.000000824 0.28313
8.25E-07 0.28324
0.000000826 0.28334
0.000000827 0.28344
8.29E-07 0.28354
0.00000083 0.28365
8.31E-07 0.28375
8.32E-07 0.28385
0.000000834 0.28396
8.35E-07 0.28406
0.000000836 0.28416
0.000000837 0.28426
0.000000839 0.28437
0.00000084 0.28447
8.41E-07 0.28457
0.000000842 0.28468
0.000000843 0.28478
8.45E-07 0.28488
0.000000846 0.28499
8.47E-07 0.28509
8.48E-07 0.28519
0.00000085 0.2853
8.51E-07 0.2854
0.000000852 0.2855
0.000000853 0.28561
0.000000855 0.28571
0.000000856 0.28582
8.57E-07 0.28592
8.58E-07 0.28602
8.6E-07 0.28613
8.61E-07 0.28623
0.000000862 0.28634
0.000000863 0.28644
0.000000865 0.28654
0.000000866 0.28665
8.67E-07 0.28675
0.000000869 0.28686
8.7E-07 0.28696
0.000000871 0.28706
0.000000872 0.28717
8.74E-07 0.28727
0.000000875 0.28738
8.76E-07 0.28748
8.77E-07 0.28759
0.000000879 0.28769
8.8E-07 0.2878
0.000000881 0.2879
0.000000882 0.28801
0.000000884 0.28811
0.000000885 0.28822
8.86E-07 0.28832
0.000000887 0.28843
8.89E-07 0.28853
0.00000089 0.28864
0.000000891 0.28874
8.92E-07 0.28885
0.000000894 0.28895
0.000000895 0.28906
8.96E-07 0.28916
0.000000897 0.28927
8.99E-07 0.28937
0.0000009 0.28948
0.000000901 0.28958
9.02E-07 0.28969
0.000000904 0.28979
9.05E-07 0.2899
9.06E-07 0.29001
0.000000907 0.29011
9.09E-07 0.29022
0.00000091 0.29032
0.000000911 0.29043
0.000000913 0.29053
0.000000914 0.29064
9.15E-07 0.29075
0.000000916 0.29085
9.18E-07 0.29096
0.000000919 0.29106
0.00000092 0.29117
9.21E-07 0.29128
0.000000923 0.29138
9.24E-07 0.29149
9.25E-07 0.2916
0.000000926 0.2917
9.28E-07 0.29181
0.000000929 0.29192
0.00000093 0.29202
9.31E-07 0.29213
0.000000933 0.29223
9.34E-07 0.29234
0.000000935 0.29245
9.37E-07 0.29256
9.38E-07 0.29266
0.000000939 0.29277
9.4E-07 0.29288
0.000000942 0.29298
0.000000943 0.29309
9.44E-07 0.2932
0.000000945 0.2933
9.47E-07 0.29341
0.000000948 0.29352
0.000000949 0.29363
9.5E-07 0.29373
0.000000952 0.29384
9.53E-07 0.29395
9.54E-07 0.29406
9.56E-07 0.29416
9.57E-07 0.29427
0.000000958 0.29438
0.000000959 0.29449
0.000000961 0.29459
0.000000962 0.2947
9.63E-07 0.29481
0.000000964 0.29492
9.66E-07 0.29502
0.000000967 0.29513
0.000000968 0.29524
9.7E-07 0.29535
0.000000971 0.29546
0.000000972 0.29557
9.73E-07 0.29567
0.000000975 0.29578
9.76E-07 0.29589
0.000000977 0.296
0.000000978 0.29611
0.00000098 0.29622
0.000000981 0.29632
9.82E-07 0.29643
0.000000984 0.29654
9.85E-07 0.29665
9.86E-07 0.29676
0.000000987 0.29687
9.89E-07 0.29698
0.00000099 0.29708
0.000000991 0.29719
9.92E-07 0.2973
0.000000994 0.29741
9.95E-07 0.29752
9.96E-07 0.29763
9.98E-07 0.29774
9.99E-07 0.29785
0.000001 0.29796
0.000001001 0.29807
0.000001003 0.29818
0.000001004 0.29829
0.000001005 0.29839
0.000001007 0.2985
0.000001008 0.29861
0.000001009 0.29872
0.00000101 0.29883
0.000001012 0.29894
0.000001013 0.29905
0.000001014 0.29916
0.000001015 0.29927
0.000001017 0.29938
0.000001018 0.29949
0.000001019 0.2996
0.000001021 0.29971
0.000001022 0.29982
0.000001023 0.29993
0.000001024 0.30004
0.000001026 0.30015
0.000001027 0.30026
0.000001028 0.30037
0.00000103 0.30048
0.000001031 0.30059
0.000001032 0.3007
0.000001033 0.30082
0.000001035 0.30093
0.000001036 0.30104
0.000001037 0.30115
0.000001039 0.30126
0.00000104 0.30137
0.000001041 0.30148
0.000001042 0.30159
0.000001044 0.3017
0.000001045 0.30181
0.000001046 0.30192
0.000001048 0.30203
0.000001049 0.30215
0.00000105 0.30226
0.000001051 0.30237
0.000001053 0.30248
0.000001054 0.30259
0.000001055 0.3027
0.000001057 0.30281
0.000001058 0.30292
0.000001059 0.30304
0.00000106 0.30315
0.000001062 0.30326
0.000001063 0.30337
0.000001064 0.30348
0.000001066 0.30359
0.000001067 0.30371
0.000001068 0.30382
0.000001069 0.30393
0.000001071 0.30404
0.000001072 0.30415
0.000001073 0.30427
0.000001075 0.30438
0.000001076 0.30449
0.000001077 0.3046
0.000001079 0.30472
0.00000108 0.30483
0.000001081 0.30494
0.000001082 0.30505
0.000001084 0.30517
0.000001085 0.30528
0.000001086 0.30539
0.000001088 0.3055
0.000001089 0.30562
0.00000109 0.30573
0.000001091 0.30584
0.000001093 0.30595
0.000001094 0.30607
0.000001095 0.30618
0.000001097 0.30629
0.000001098 0.30641
0.000001099 0.30652
0.000001101 0.30663
0.000001102 0.30675
0.000001103 0.30686
0.000001104 0.30697
0.000001106 0.30709
0.000001107 0.3072
0.000001108 0.30731
0.00000111 0.30743
0.000001111 0.30754
0.000001112 0.30765
0.000001113 0.30777
0.000001115 0.30788
0.000001116 0.308
0.000001117 0.30811
0.000001119 0.30822
0.00000112 0.30834
0.000001121 0.30845
0.000001123 0.30857
0.000001124 0.30868
0.000001125 0.30879
0.000001126 0.30891
0.000001128 0.30902
0.000001129 0.30914
0.00000113 0.30925
0.000001132 0.30936
0.000001133 0.30948
0.000001134 0.30959
0.000001136 0.30971
0.000001137 0.30982
0.000001138 0.30994
0.000001139 0.31005
0.000001141 0.31017
0.000001142 0.31028
0.000001143 0.3104
0.000001145 0.31051
0.000001146 0.31063
0.000001147 0.31074
0.000001149 0.31086
0.00000115 0.31097
0.000001151 0.31109
0.000001153 0.3112
0.000001154 0.31132
0.000001155 0.31143
0.000001156 0.31155
0.000001158 0.31166
0.000001159 0.31178
0.00000116 0.3119
0.000001162 0.31201
0.000001163 0.31213
0.000001164 0.31224
0.000001166 0.31236
0.000001167 0.31247
0.000001168 0.31259
0.000001169 0.31271
0.000001171 0.31282
0.000001172 0.31296
0.000003614 0.31296